15 1
2 9
12 9
-1 -1 -1 -1 -1 -1 -1 -1 -1 -1 -1 -1 -1 -1 -1 
-1 -1 -1 -1 -1 -1 -1 -1 -1 -1 -1 -1 -1 -1 -1 
-1 -1 -1 -1 -1 -1 -1 -1 -1 0 -1 -1 -1 -1 -1 
-1 -1 -1 -1 -1 -1 -1 -1 -1 -1 -1 -1 -1 -1 -1 
-1 -1 -1 -1 -1 -1 -1 -1 -1 -1 -1 -1 -1 -1 -1 
-1 -1 -1 -1 -1 -1 -1 -1 -1 -1 -1 -1 -1 -1 -1 
-1 -1 -1 -1 -1 -1 -1 -1 -1 -1 -1 -1 -1 -1 -1 
-1 -1 -1 -1 -1 -1 -1 -1 -1 -1 -1 -1 -1 -1 -1 
-1 -1 -1 -1 -1 -1 -1 -1 -1 -1 -1 -1 -1 -1 -1 
-1 -1 -1 -1 -1 -1 -1 -1 -1 -1 -1 -1 -1 -1 -1 
-1 -1 -1 -1 -1 -1 -1 -1 -1 -1 -1 -1 -1 -1 -1 
-1 -1 -1 -1 -1 -1 -1 -1 -1 -1 -1 -1 -1 -1 -1 
-1 -1 -1 -1 -1 -1 -1 -1 -1 1 -1 -1 -1 -1 -1 
-1 -1 -1 -1 -1 -1 -1 -1 -1 -1 -1 -1 -1 -1 -1 
-1 -1 -1 -1 -1 -1 -1 -1 -1 -1 -1 -1 -1 -1 -1 
END
15 1
1 9
11 9
-1 -1 -1 -1 -1 -1 -1 -1 -1 -1 -1 -1 -1 -1 -1 
-1 -1 -1 -1 -1 -1 -1 -1 -1 0 -1 -1 -1 -1 -1 
-1 -1 -1 -1 -1 -1 -1 -1 -1 0 -1 -1 -1 -1 -1 
-1 -1 -1 -1 -1 -1 -1 -1 -1 -1 -1 -1 -1 -1 -1 
-1 -1 -1 -1 -1 -1 -1 -1 -1 -1 -1 -1 -1 -1 -1 
-1 -1 -1 -1 -1 -1 -1 -1 -1 -1 -1 -1 -1 -1 -1 
-1 -1 -1 -1 -1 -1 -1 -1 -1 -1 -1 -1 -1 -1 -1 
-1 -1 -1 -1 -1 -1 -1 -1 -1 -1 -1 -1 -1 -1 -1 
-1 -1 -1 -1 -1 -1 -1 -1 -1 -1 -1 -1 -1 -1 -1 
-1 -1 -1 -1 -1 -1 -1 -1 -1 -1 -1 -1 -1 -1 -1 
-1 -1 -1 -1 -1 -1 -1 -1 -1 -1 -1 -1 -1 -1 -1 
-1 -1 -1 -1 -1 -1 -1 -1 -1 1 -1 -1 -1 -1 -1 
-1 -1 -1 -1 -1 -1 -1 -1 -1 1 -1 -1 -1 -1 -1 
-1 -1 -1 -1 -1 -1 -1 -1 -1 -1 -1 -1 -1 -1 -1 
-1 -1 -1 -1 -1 -1 -1 -1 -1 -1 -1 -1 -1 -1 -1 
END
15 1
0 9
10 9
-1 -1 -1 -1 -1 -1 -1 -1 -1 0 -1 -1 -1 -1 -1 
-1 -1 -1 -1 -1 -1 -1 -1 -1 0 -1 -1 -1 -1 -1 
-1 -1 -1 -1 -1 -1 -1 -1 -1 0 -1 -1 -1 -1 -1 
-1 -1 -1 -1 -1 -1 -1 -1 -1 -1 -1 -1 -1 -1 -1 
-1 -1 -1 -1 -1 -1 -1 -1 -1 -1 -1 -1 -1 -1 -1 
-1 -1 -1 -1 -1 -1 -1 -1 -1 -1 -1 -1 -1 -1 -1 
-1 -1 -1 -1 -1 -1 -1 -1 -1 -1 -1 -1 -1 -1 -1 
-1 -1 -1 -1 -1 -1 -1 -1 -1 -1 -1 -1 -1 -1 -1 
-1 -1 -1 -1 -1 -1 -1 -1 -1 -1 -1 -1 -1 -1 -1 
-1 -1 -1 -1 -1 -1 -1 -1 -1 -1 -1 -1 -1 -1 -1 
-1 -1 -1 -1 -1 -1 -1 -1 -1 1 -1 -1 -1 -1 -1 
-1 -1 -1 -1 -1 -1 -1 -1 -1 1 -1 -1 -1 -1 -1 
-1 -1 -1 -1 -1 -1 -1 -1 -1 1 -1 -1 -1 -1 -1 
-1 -1 -1 -1 -1 -1 -1 -1 -1 -1 -1 -1 -1 -1 -1 
-1 -1 -1 -1 -1 -1 -1 -1 -1 -1 -1 -1 -1 -1 -1 
END
15 1
0 8
9 9
-1 -1 -1 -1 -1 -1 -1 -1 0 0 -1 -1 -1 -1 -1 
-1 -1 -1 -1 -1 -1 -1 -1 -1 0 -1 -1 -1 -1 -1 
-1 -1 -1 -1 -1 -1 -1 -1 -1 0 -1 -1 -1 -1 -1 
-1 -1 -1 -1 -1 -1 -1 -1 -1 -1 -1 -1 -1 -1 -1 
-1 -1 -1 -1 -1 -1 -1 -1 -1 -1 -1 -1 -1 -1 -1 
-1 -1 -1 -1 -1 -1 -1 -1 -1 -1 -1 -1 -1 -1 -1 
-1 -1 -1 -1 -1 -1 -1 -1 -1 -1 -1 -1 -1 -1 -1 
-1 -1 -1 -1 -1 -1 -1 -1 -1 -1 -1 -1 -1 -1 -1 
-1 -1 -1 -1 -1 -1 -1 -1 -1 -1 -1 -1 -1 -1 -1 
-1 -1 -1 -1 -1 -1 -1 -1 -1 1 -1 -1 -1 -1 -1 
-1 -1 -1 -1 -1 -1 -1 -1 -1 1 -1 -1 -1 -1 -1 
-1 -1 -1 -1 -1 -1 -1 -1 -1 1 -1 -1 -1 -1 -1 
-1 -1 -1 -1 -1 -1 -1 -1 -1 1 -1 -1 -1 -1 -1 
-1 -1 -1 -1 -1 -1 -1 -1 -1 -1 -1 -1 -1 -1 -1 
-1 -1 -1 -1 -1 -1 -1 -1 -1 -1 -1 -1 -1 -1 -1 
END
15 1
1 8
8 9
-1 -1 -1 -1 -1 -1 -1 -1 0 0 -1 -1 -1 -1 -1 
-1 -1 -1 -1 -1 -1 -1 -1 0 0 -1 -1 -1 -1 -1 
-1 -1 -1 -1 -1 -1 -1 -1 -1 0 -1 -1 -1 -1 -1 
-1 -1 -1 -1 -1 -1 -1 -1 -1 -1 -1 -1 -1 -1 -1 
-1 -1 -1 -1 -1 -1 -1 -1 -1 -1 -1 -1 -1 -1 -1 
-1 -1 -1 -1 -1 -1 -1 -1 -1 -1 -1 -1 -1 -1 -1 
-1 -1 -1 -1 -1 -1 -1 -1 -1 -1 -1 -1 -1 -1 -1 
-1 -1 -1 -1 -1 -1 -1 -1 -1 -1 -1 -1 -1 -1 -1 
-1 -1 -1 -1 -1 -1 -1 -1 -1 1 -1 -1 -1 -1 -1 
-1 -1 -1 -1 -1 -1 -1 -1 -1 1 -1 -1 -1 -1 -1 
-1 -1 -1 -1 -1 -1 -1 -1 -1 1 -1 -1 -1 -1 -1 
-1 -1 -1 -1 -1 -1 -1 -1 -1 1 -1 -1 -1 -1 -1 
-1 -1 -1 -1 -1 -1 -1 -1 -1 1 -1 -1 -1 -1 -1 
-1 -1 -1 -1 -1 -1 -1 -1 -1 -1 -1 -1 -1 -1 -1 
-1 -1 -1 -1 -1 -1 -1 -1 -1 -1 -1 -1 -1 -1 -1 
END
15 1
2 8
7 9
-1 -1 -1 -1 -1 -1 -1 -1 0 0 -1 -1 -1 -1 -1 
-1 -1 -1 -1 -1 -1 -1 -1 0 0 -1 -1 -1 -1 -1 
-1 -1 -1 -1 -1 -1 -1 -1 0 0 -1 -1 -1 -1 -1 
-1 -1 -1 -1 -1 -1 -1 -1 -1 -1 -1 -1 -1 -1 -1 
-1 -1 -1 -1 -1 -1 -1 -1 -1 -1 -1 -1 -1 -1 -1 
-1 -1 -1 -1 -1 -1 -1 -1 -1 -1 -1 -1 -1 -1 -1 
-1 -1 -1 -1 -1 -1 -1 -1 -1 -1 -1 -1 -1 -1 -1 
-1 -1 -1 -1 -1 -1 -1 -1 -1 1 -1 -1 -1 -1 -1 
-1 -1 -1 -1 -1 -1 -1 -1 -1 1 -1 -1 -1 -1 -1 
-1 -1 -1 -1 -1 -1 -1 -1 -1 1 -1 -1 -1 -1 -1 
-1 -1 -1 -1 -1 -1 -1 -1 -1 1 -1 -1 -1 -1 -1 
-1 -1 -1 -1 -1 -1 -1 -1 -1 1 -1 -1 -1 -1 -1 
-1 -1 -1 -1 -1 -1 -1 -1 -1 1 -1 -1 -1 -1 -1 
-1 -1 -1 -1 -1 -1 -1 -1 -1 -1 -1 -1 -1 -1 -1 
-1 -1 -1 -1 -1 -1 -1 -1 -1 -1 -1 -1 -1 -1 -1 
END
15 1
3 8
6 9
-1 -1 -1 -1 -1 -1 -1 -1 0 0 -1 -1 -1 -1 -1 
-1 -1 -1 -1 -1 -1 -1 -1 0 0 -1 -1 -1 -1 -1 
-1 -1 -1 -1 -1 -1 -1 -1 0 0 -1 -1 -1 -1 -1 
-1 -1 -1 -1 -1 -1 -1 -1 0 -1 -1 -1 -1 -1 -1 
-1 -1 -1 -1 -1 -1 -1 -1 -1 -1 -1 -1 -1 -1 -1 
-1 -1 -1 -1 -1 -1 -1 -1 -1 -1 -1 -1 -1 -1 -1 
-1 -1 -1 -1 -1 -1 -1 -1 -1 1 -1 -1 -1 -1 -1 
-1 -1 -1 -1 -1 -1 -1 -1 -1 1 -1 -1 -1 -1 -1 
-1 -1 -1 -1 -1 -1 -1 -1 -1 1 -1 -1 -1 -1 -1 
-1 -1 -1 -1 -1 -1 -1 -1 -1 1 -1 -1 -1 -1 -1 
-1 -1 -1 -1 -1 -1 -1 -1 -1 1 -1 -1 -1 -1 -1 
-1 -1 -1 -1 -1 -1 -1 -1 -1 1 -1 -1 -1 -1 -1 
-1 -1 -1 -1 -1 -1 -1 -1 -1 1 -1 -1 -1 -1 -1 
-1 -1 -1 -1 -1 -1 -1 -1 -1 -1 -1 -1 -1 -1 -1 
-1 -1 -1 -1 -1 -1 -1 -1 -1 -1 -1 -1 -1 -1 -1 
END
15 1
4 8
5 9
-1 -1 -1 -1 -1 -1 -1 -1 0 0 -1 -1 -1 -1 -1 
-1 -1 -1 -1 -1 -1 -1 -1 0 0 -1 -1 -1 -1 -1 
-1 -1 -1 -1 -1 -1 -1 -1 0 0 -1 -1 -1 -1 -1 
-1 -1 -1 -1 -1 -1 -1 -1 0 -1 -1 -1 -1 -1 -1 
-1 -1 -1 -1 -1 -1 -1 -1 0 -1 -1 -1 -1 -1 -1 
-1 -1 -1 -1 -1 -1 -1 -1 -1 1 -1 -1 -1 -1 -1 
-1 -1 -1 -1 -1 -1 -1 -1 -1 1 -1 -1 -1 -1 -1 
-1 -1 -1 -1 -1 -1 -1 -1 -1 1 -1 -1 -1 -1 -1 
-1 -1 -1 -1 -1 -1 -1 -1 -1 1 -1 -1 -1 -1 -1 
-1 -1 -1 -1 -1 -1 -1 -1 -1 1 -1 -1 -1 -1 -1 
-1 -1 -1 -1 -1 -1 -1 -1 -1 1 -1 -1 -1 -1 -1 
-1 -1 -1 -1 -1 -1 -1 -1 -1 1 -1 -1 -1 -1 -1 
-1 -1 -1 -1 -1 -1 -1 -1 -1 1 -1 -1 -1 -1 -1 
-1 -1 -1 -1 -1 -1 -1 -1 -1 -1 -1 -1 -1 -1 -1 
-1 -1 -1 -1 -1 -1 -1 -1 -1 -1 -1 -1 -1 -1 -1 
END
15 1
5 8
4 9
-1 -1 -1 -1 -1 -1 -1 -1 0 0 -1 -1 -1 -1 -1 
-1 -1 -1 -1 -1 -1 -1 -1 0 0 -1 -1 -1 -1 -1 
-1 -1 -1 -1 -1 -1 -1 -1 0 0 -1 -1 -1 -1 -1 
-1 -1 -1 -1 -1 -1 -1 -1 0 -1 -1 -1 -1 -1 -1 
-1 -1 -1 -1 -1 -1 -1 -1 0 1 -1 -1 -1 -1 -1 
-1 -1 -1 -1 -1 -1 -1 -1 0 1 -1 -1 -1 -1 -1 
-1 -1 -1 -1 -1 -1 -1 -1 -1 1 -1 -1 -1 -1 -1 
-1 -1 -1 -1 -1 -1 -1 -1 -1 1 -1 -1 -1 -1 -1 
-1 -1 -1 -1 -1 -1 -1 -1 -1 1 -1 -1 -1 -1 -1 
-1 -1 -1 -1 -1 -1 -1 -1 -1 1 -1 -1 -1 -1 -1 
-1 -1 -1 -1 -1 -1 -1 -1 -1 1 -1 -1 -1 -1 -1 
-1 -1 -1 -1 -1 -1 -1 -1 -1 1 -1 -1 -1 -1 -1 
-1 -1 -1 -1 -1 -1 -1 -1 -1 1 -1 -1 -1 -1 -1 
-1 -1 -1 -1 -1 -1 -1 -1 -1 -1 -1 -1 -1 -1 -1 
-1 -1 -1 -1 -1 -1 -1 -1 -1 -1 -1 -1 -1 -1 -1 
END
15 1
6 8
3 9
-1 -1 -1 -1 -1 -1 -1 -1 0 0 -1 -1 -1 -1 -1 
-1 -1 -1 -1 -1 -1 -1 -1 0 0 -1 -1 -1 -1 -1 
-1 -1 -1 -1 -1 -1 -1 -1 0 0 -1 -1 -1 -1 -1 
-1 -1 -1 -1 -1 -1 -1 -1 0 1 -1 -1 -1 -1 -1 
-1 -1 -1 -1 -1 -1 -1 -1 0 1 -1 -1 -1 -1 -1 
-1 -1 -1 -1 -1 -1 -1 -1 0 1 -1 -1 -1 -1 -1 
-1 -1 -1 -1 -1 -1 -1 -1 0 1 -1 -1 -1 -1 -1 
-1 -1 -1 -1 -1 -1 -1 -1 -1 1 -1 -1 -1 -1 -1 
-1 -1 -1 -1 -1 -1 -1 -1 -1 1 -1 -1 -1 -1 -1 
-1 -1 -1 -1 -1 -1 -1 -1 -1 1 -1 -1 -1 -1 -1 
-1 -1 -1 -1 -1 -1 -1 -1 -1 1 -1 -1 -1 -1 -1 
-1 -1 -1 -1 -1 -1 -1 -1 -1 1 -1 -1 -1 -1 -1 
-1 -1 -1 -1 -1 -1 -1 -1 -1 1 -1 -1 -1 -1 -1 
-1 -1 -1 -1 -1 -1 -1 -1 -1 -1 -1 -1 -1 -1 -1 
-1 -1 -1 -1 -1 -1 -1 -1 -1 -1 -1 -1 -1 -1 -1 
END
15 1
7 8
3 10
-1 -1 -1 -1 -1 -1 -1 -1 0 0 -1 -1 -1 -1 -1 
-1 -1 -1 -1 -1 -1 -1 -1 0 0 -1 -1 -1 -1 -1 
-1 -1 -1 -1 -1 -1 -1 -1 0 0 -1 -1 -1 -1 -1 
-1 -1 -1 -1 -1 -1 -1 -1 0 1 1 -1 -1 -1 -1 
-1 -1 -1 -1 -1 -1 -1 -1 0 1 -1 -1 -1 -1 -1 
-1 -1 -1 -1 -1 -1 -1 -1 0 1 -1 -1 -1 -1 -1 
-1 -1 -1 -1 -1 -1 -1 -1 0 1 -1 -1 -1 -1 -1 
-1 -1 -1 -1 -1 -1 -1 -1 0 1 -1 -1 -1 -1 -1 
-1 -1 -1 -1 -1 -1 -1 -1 -1 1 -1 -1 -1 -1 -1 
-1 -1 -1 -1 -1 -1 -1 -1 -1 1 -1 -1 -1 -1 -1 
-1 -1 -1 -1 -1 -1 -1 -1 -1 1 -1 -1 -1 -1 -1 
-1 -1 -1 -1 -1 -1 -1 -1 -1 1 -1 -1 -1 -1 -1 
-1 -1 -1 -1 -1 -1 -1 -1 -1 1 -1 -1 -1 -1 -1 
-1 -1 -1 -1 -1 -1 -1 -1 -1 -1 -1 -1 -1 -1 -1 
-1 -1 -1 -1 -1 -1 -1 -1 -1 -1 -1 -1 -1 -1 -1 
END
15 1
8 8
2 10
-1 -1 -1 -1 -1 -1 -1 -1 0 0 -1 -1 -1 -1 -1 
-1 -1 -1 -1 -1 -1 -1 -1 0 0 -1 -1 -1 -1 -1 
-1 -1 -1 -1 -1 -1 -1 -1 0 0 1 -1 -1 -1 -1 
-1 -1 -1 -1 -1 -1 -1 -1 0 1 1 -1 -1 -1 -1 
-1 -1 -1 -1 -1 -1 -1 -1 0 1 -1 -1 -1 -1 -1 
-1 -1 -1 -1 -1 -1 -1 -1 0 1 -1 -1 -1 -1 -1 
-1 -1 -1 -1 -1 -1 -1 -1 0 1 -1 -1 -1 -1 -1 
-1 -1 -1 -1 -1 -1 -1 -1 0 1 -1 -1 -1 -1 -1 
-1 -1 -1 -1 -1 -1 -1 -1 0 1 -1 -1 -1 -1 -1 
-1 -1 -1 -1 -1 -1 -1 -1 -1 1 -1 -1 -1 -1 -1 
-1 -1 -1 -1 -1 -1 -1 -1 -1 1 -1 -1 -1 -1 -1 
-1 -1 -1 -1 -1 -1 -1 -1 -1 1 -1 -1 -1 -1 -1 
-1 -1 -1 -1 -1 -1 -1 -1 -1 1 -1 -1 -1 -1 -1 
-1 -1 -1 -1 -1 -1 -1 -1 -1 -1 -1 -1 -1 -1 -1 
-1 -1 -1 -1 -1 -1 -1 -1 -1 -1 -1 -1 -1 -1 -1 
END
15 1
9 8
1 10
-1 -1 -1 -1 -1 -1 -1 -1 0 0 -1 -1 -1 -1 -1 
-1 -1 -1 -1 -1 -1 -1 -1 0 0 1 -1 -1 -1 -1 
-1 -1 -1 -1 -1 -1 -1 -1 0 0 1 -1 -1 -1 -1 
-1 -1 -1 -1 -1 -1 -1 -1 0 1 1 -1 -1 -1 -1 
-1 -1 -1 -1 -1 -1 -1 -1 0 1 -1 -1 -1 -1 -1 
-1 -1 -1 -1 -1 -1 -1 -1 0 1 -1 -1 -1 -1 -1 
-1 -1 -1 -1 -1 -1 -1 -1 0 1 -1 -1 -1 -1 -1 
-1 -1 -1 -1 -1 -1 -1 -1 0 1 -1 -1 -1 -1 -1 
-1 -1 -1 -1 -1 -1 -1 -1 0 1 -1 -1 -1 -1 -1 
-1 -1 -1 -1 -1 -1 -1 -1 0 1 -1 -1 -1 -1 -1 
-1 -1 -1 -1 -1 -1 -1 -1 -1 1 -1 -1 -1 -1 -1 
-1 -1 -1 -1 -1 -1 -1 -1 -1 1 -1 -1 -1 -1 -1 
-1 -1 -1 -1 -1 -1 -1 -1 -1 1 -1 -1 -1 -1 -1 
-1 -1 -1 -1 -1 -1 -1 -1 -1 -1 -1 -1 -1 -1 -1 
-1 -1 -1 -1 -1 -1 -1 -1 -1 -1 -1 -1 -1 -1 -1 
END
15 1
10 8
0 10
-1 -1 -1 -1 -1 -1 -1 -1 0 0 1 -1 -1 -1 -1 
-1 -1 -1 -1 -1 -1 -1 -1 0 0 1 -1 -1 -1 -1 
-1 -1 -1 -1 -1 -1 -1 -1 0 0 1 -1 -1 -1 -1 
-1 -1 -1 -1 -1 -1 -1 -1 0 1 1 -1 -1 -1 -1 
-1 -1 -1 -1 -1 -1 -1 -1 0 1 -1 -1 -1 -1 -1 
-1 -1 -1 -1 -1 -1 -1 -1 0 1 -1 -1 -1 -1 -1 
-1 -1 -1 -1 -1 -1 -1 -1 0 1 -1 -1 -1 -1 -1 
-1 -1 -1 -1 -1 -1 -1 -1 0 1 -1 -1 -1 -1 -1 
-1 -1 -1 -1 -1 -1 -1 -1 0 1 -1 -1 -1 -1 -1 
-1 -1 -1 -1 -1 -1 -1 -1 0 1 -1 -1 -1 -1 -1 
-1 -1 -1 -1 -1 -1 -1 -1 0 1 -1 -1 -1 -1 -1 
-1 -1 -1 -1 -1 -1 -1 -1 -1 1 -1 -1 -1 -1 -1 
-1 -1 -1 -1 -1 -1 -1 -1 -1 1 -1 -1 -1 -1 -1 
-1 -1 -1 -1 -1 -1 -1 -1 -1 -1 -1 -1 -1 -1 -1 
-1 -1 -1 -1 -1 -1 -1 -1 -1 -1 -1 -1 -1 -1 -1 
END
15 1
11 8
0 11
-1 -1 -1 -1 -1 -1 -1 -1 0 0 1 1 -1 -1 -1 
-1 -1 -1 -1 -1 -1 -1 -1 0 0 1 -1 -1 -1 -1 
-1 -1 -1 -1 -1 -1 -1 -1 0 0 1 -1 -1 -1 -1 
-1 -1 -1 -1 -1 -1 -1 -1 0 1 1 -1 -1 -1 -1 
-1 -1 -1 -1 -1 -1 -1 -1 0 1 -1 -1 -1 -1 -1 
-1 -1 -1 -1 -1 -1 -1 -1 0 1 -1 -1 -1 -1 -1 
-1 -1 -1 -1 -1 -1 -1 -1 0 1 -1 -1 -1 -1 -1 
-1 -1 -1 -1 -1 -1 -1 -1 0 1 -1 -1 -1 -1 -1 
-1 -1 -1 -1 -1 -1 -1 -1 0 1 -1 -1 -1 -1 -1 
-1 -1 -1 -1 -1 -1 -1 -1 0 1 -1 -1 -1 -1 -1 
-1 -1 -1 -1 -1 -1 -1 -1 0 1 -1 -1 -1 -1 -1 
-1 -1 -1 -1 -1 -1 -1 -1 0 1 -1 -1 -1 -1 -1 
-1 -1 -1 -1 -1 -1 -1 -1 -1 1 -1 -1 -1 -1 -1 
-1 -1 -1 -1 -1 -1 -1 -1 -1 -1 -1 -1 -1 -1 -1 
-1 -1 -1 -1 -1 -1 -1 -1 -1 -1 -1 -1 -1 -1 -1 
END
15 1
12 8
1 11
-1 -1 -1 -1 -1 -1 -1 -1 0 0 1 1 -1 -1 -1 
-1 -1 -1 -1 -1 -1 -1 -1 0 0 1 1 -1 -1 -1 
-1 -1 -1 -1 -1 -1 -1 -1 0 0 1 -1 -1 -1 -1 
-1 -1 -1 -1 -1 -1 -1 -1 0 1 1 -1 -1 -1 -1 
-1 -1 -1 -1 -1 -1 -1 -1 0 1 -1 -1 -1 -1 -1 
-1 -1 -1 -1 -1 -1 -1 -1 0 1 -1 -1 -1 -1 -1 
-1 -1 -1 -1 -1 -1 -1 -1 0 1 -1 -1 -1 -1 -1 
-1 -1 -1 -1 -1 -1 -1 -1 0 1 -1 -1 -1 -1 -1 
-1 -1 -1 -1 -1 -1 -1 -1 0 1 -1 -1 -1 -1 -1 
-1 -1 -1 -1 -1 -1 -1 -1 0 1 -1 -1 -1 -1 -1 
-1 -1 -1 -1 -1 -1 -1 -1 0 1 -1 -1 -1 -1 -1 
-1 -1 -1 -1 -1 -1 -1 -1 0 1 -1 -1 -1 -1 -1 
-1 -1 -1 -1 -1 -1 -1 -1 0 1 -1 -1 -1 -1 -1 
-1 -1 -1 -1 -1 -1 -1 -1 -1 -1 -1 -1 -1 -1 -1 
-1 -1 -1 -1 -1 -1 -1 -1 -1 -1 -1 -1 -1 -1 -1 
END
15 1
13 8
2 11
-1 -1 -1 -1 -1 -1 -1 -1 0 0 1 1 -1 -1 -1 
-1 -1 -1 -1 -1 -1 -1 -1 0 0 1 1 -1 -1 -1 
-1 -1 -1 -1 -1 -1 -1 -1 0 0 1 1 -1 -1 -1 
-1 -1 -1 -1 -1 -1 -1 -1 0 1 1 -1 -1 -1 -1 
-1 -1 -1 -1 -1 -1 -1 -1 0 1 -1 -1 -1 -1 -1 
-1 -1 -1 -1 -1 -1 -1 -1 0 1 -1 -1 -1 -1 -1 
-1 -1 -1 -1 -1 -1 -1 -1 0 1 -1 -1 -1 -1 -1 
-1 -1 -1 -1 -1 -1 -1 -1 0 1 -1 -1 -1 -1 -1 
-1 -1 -1 -1 -1 -1 -1 -1 0 1 -1 -1 -1 -1 -1 
-1 -1 -1 -1 -1 -1 -1 -1 0 1 -1 -1 -1 -1 -1 
-1 -1 -1 -1 -1 -1 -1 -1 0 1 -1 -1 -1 -1 -1 
-1 -1 -1 -1 -1 -1 -1 -1 0 1 -1 -1 -1 -1 -1 
-1 -1 -1 -1 -1 -1 -1 -1 0 1 -1 -1 -1 -1 -1 
-1 -1 -1 -1 -1 -1 -1 -1 0 -1 -1 -1 -1 -1 -1 
-1 -1 -1 -1 -1 -1 -1 -1 -1 -1 -1 -1 -1 -1 -1 
END
15 1
14 8
3 11
-1 -1 -1 -1 -1 -1 -1 -1 0 0 1 1 -1 -1 -1 
-1 -1 -1 -1 -1 -1 -1 -1 0 0 1 1 -1 -1 -1 
-1 -1 -1 -1 -1 -1 -1 -1 0 0 1 1 -1 -1 -1 
-1 -1 -1 -1 -1 -1 -1 -1 0 1 1 1 -1 -1 -1 
-1 -1 -1 -1 -1 -1 -1 -1 0 1 -1 -1 -1 -1 -1 
-1 -1 -1 -1 -1 -1 -1 -1 0 1 -1 -1 -1 -1 -1 
-1 -1 -1 -1 -1 -1 -1 -1 0 1 -1 -1 -1 -1 -1 
-1 -1 -1 -1 -1 -1 -1 -1 0 1 -1 -1 -1 -1 -1 
-1 -1 -1 -1 -1 -1 -1 -1 0 1 -1 -1 -1 -1 -1 
-1 -1 -1 -1 -1 -1 -1 -1 0 1 -1 -1 -1 -1 -1 
-1 -1 -1 -1 -1 -1 -1 -1 0 1 -1 -1 -1 -1 -1 
-1 -1 -1 -1 -1 -1 -1 -1 0 1 -1 -1 -1 -1 -1 
-1 -1 -1 -1 -1 -1 -1 -1 0 1 -1 -1 -1 -1 -1 
-1 -1 -1 -1 -1 -1 -1 -1 0 -1 -1 -1 -1 -1 -1 
-1 -1 -1 -1 -1 -1 -1 -1 0 -1 -1 -1 -1 -1 -1 
END
15 1
14 7
4 11
-1 -1 -1 -1 -1 -1 -1 -1 0 0 1 1 -1 -1 -1 
-1 -1 -1 -1 -1 -1 -1 -1 0 0 1 1 -1 -1 -1 
-1 -1 -1 -1 -1 -1 -1 -1 0 0 1 1 -1 -1 -1 
-1 -1 -1 -1 -1 -1 -1 -1 0 1 1 1 -1 -1 -1 
-1 -1 -1 -1 -1 -1 -1 -1 0 1 -1 1 -1 -1 -1 
-1 -1 -1 -1 -1 -1 -1 -1 0 1 -1 -1 -1 -1 -1 
-1 -1 -1 -1 -1 -1 -1 -1 0 1 -1 -1 -1 -1 -1 
-1 -1 -1 -1 -1 -1 -1 -1 0 1 -1 -1 -1 -1 -1 
-1 -1 -1 -1 -1 -1 -1 -1 0 1 -1 -1 -1 -1 -1 
-1 -1 -1 -1 -1 -1 -1 -1 0 1 -1 -1 -1 -1 -1 
-1 -1 -1 -1 -1 -1 -1 -1 0 1 -1 -1 -1 -1 -1 
-1 -1 -1 -1 -1 -1 -1 -1 0 1 -1 -1 -1 -1 -1 
-1 -1 -1 -1 -1 -1 -1 -1 0 1 -1 -1 -1 -1 -1 
-1 -1 -1 -1 -1 -1 -1 -1 0 -1 -1 -1 -1 -1 -1 
-1 -1 -1 -1 -1 -1 -1 0 0 -1 -1 -1 -1 -1 -1 
END
15 1
13 7
5 11
-1 -1 -1 -1 -1 -1 -1 -1 0 0 1 1 -1 -1 -1 
-1 -1 -1 -1 -1 -1 -1 -1 0 0 1 1 -1 -1 -1 
-1 -1 -1 -1 -1 -1 -1 -1 0 0 1 1 -1 -1 -1 
-1 -1 -1 -1 -1 -1 -1 -1 0 1 1 1 -1 -1 -1 
-1 -1 -1 -1 -1 -1 -1 -1 0 1 -1 1 -1 -1 -1 
-1 -1 -1 -1 -1 -1 -1 -1 0 1 -1 1 -1 -1 -1 
-1 -1 -1 -1 -1 -1 -1 -1 0 1 -1 -1 -1 -1 -1 
-1 -1 -1 -1 -1 -1 -1 -1 0 1 -1 -1 -1 -1 -1 
-1 -1 -1 -1 -1 -1 -1 -1 0 1 -1 -1 -1 -1 -1 
-1 -1 -1 -1 -1 -1 -1 -1 0 1 -1 -1 -1 -1 -1 
-1 -1 -1 -1 -1 -1 -1 -1 0 1 -1 -1 -1 -1 -1 
-1 -1 -1 -1 -1 -1 -1 -1 0 1 -1 -1 -1 -1 -1 
-1 -1 -1 -1 -1 -1 -1 -1 0 1 -1 -1 -1 -1 -1 
-1 -1 -1 -1 -1 -1 -1 0 0 -1 -1 -1 -1 -1 -1 
-1 -1 -1 -1 -1 -1 -1 0 0 -1 -1 -1 -1 -1 -1 
END
15 1
12 7
6 11
-1 -1 -1 -1 -1 -1 -1 -1 0 0 1 1 -1 -1 -1 
-1 -1 -1 -1 -1 -1 -1 -1 0 0 1 1 -1 -1 -1 
-1 -1 -1 -1 -1 -1 -1 -1 0 0 1 1 -1 -1 -1 
-1 -1 -1 -1 -1 -1 -1 -1 0 1 1 1 -1 -1 -1 
-1 -1 -1 -1 -1 -1 -1 -1 0 1 -1 1 -1 -1 -1 
-1 -1 -1 -1 -1 -1 -1 -1 0 1 -1 1 -1 -1 -1 
-1 -1 -1 -1 -1 -1 -1 -1 0 1 -1 1 -1 -1 -1 
-1 -1 -1 -1 -1 -1 -1 -1 0 1 -1 -1 -1 -1 -1 
-1 -1 -1 -1 -1 -1 -1 -1 0 1 -1 -1 -1 -1 -1 
-1 -1 -1 -1 -1 -1 -1 -1 0 1 -1 -1 -1 -1 -1 
-1 -1 -1 -1 -1 -1 -1 -1 0 1 -1 -1 -1 -1 -1 
-1 -1 -1 -1 -1 -1 -1 -1 0 1 -1 -1 -1 -1 -1 
-1 -1 -1 -1 -1 -1 -1 0 0 1 -1 -1 -1 -1 -1 
-1 -1 -1 -1 -1 -1 -1 0 0 -1 -1 -1 -1 -1 -1 
-1 -1 -1 -1 -1 -1 -1 0 0 -1 -1 -1 -1 -1 -1 
END
15 1
11 7
7 11
-1 -1 -1 -1 -1 -1 -1 -1 0 0 1 1 -1 -1 -1 
-1 -1 -1 -1 -1 -1 -1 -1 0 0 1 1 -1 -1 -1 
-1 -1 -1 -1 -1 -1 -1 -1 0 0 1 1 -1 -1 -1 
-1 -1 -1 -1 -1 -1 -1 -1 0 1 1 1 -1 -1 -1 
-1 -1 -1 -1 -1 -1 -1 -1 0 1 -1 1 -1 -1 -1 
-1 -1 -1 -1 -1 -1 -1 -1 0 1 -1 1 -1 -1 -1 
-1 -1 -1 -1 -1 -1 -1 -1 0 1 -1 1 -1 -1 -1 
-1 -1 -1 -1 -1 -1 -1 -1 0 1 -1 1 -1 -1 -1 
-1 -1 -1 -1 -1 -1 -1 -1 0 1 -1 -1 -1 -1 -1 
-1 -1 -1 -1 -1 -1 -1 -1 0 1 -1 -1 -1 -1 -1 
-1 -1 -1 -1 -1 -1 -1 -1 0 1 -1 -1 -1 -1 -1 
-1 -1 -1 -1 -1 -1 -1 0 0 1 -1 -1 -1 -1 -1 
-1 -1 -1 -1 -1 -1 -1 0 0 1 -1 -1 -1 -1 -1 
-1 -1 -1 -1 -1 -1 -1 0 0 -1 -1 -1 -1 -1 -1 
-1 -1 -1 -1 -1 -1 -1 0 0 -1 -1 -1 -1 -1 -1 
END
15 1
10 7
8 11
-1 -1 -1 -1 -1 -1 -1 -1 0 0 1 1 -1 -1 -1 
-1 -1 -1 -1 -1 -1 -1 -1 0 0 1 1 -1 -1 -1 
-1 -1 -1 -1 -1 -1 -1 -1 0 0 1 1 -1 -1 -1 
-1 -1 -1 -1 -1 -1 -1 -1 0 1 1 1 -1 -1 -1 
-1 -1 -1 -1 -1 -1 -1 -1 0 1 -1 1 -1 -1 -1 
-1 -1 -1 -1 -1 -1 -1 -1 0 1 -1 1 -1 -1 -1 
-1 -1 -1 -1 -1 -1 -1 -1 0 1 -1 1 -1 -1 -1 
-1 -1 -1 -1 -1 -1 -1 -1 0 1 -1 1 -1 -1 -1 
-1 -1 -1 -1 -1 -1 -1 -1 0 1 -1 1 -1 -1 -1 
-1 -1 -1 -1 -1 -1 -1 -1 0 1 -1 -1 -1 -1 -1 
-1 -1 -1 -1 -1 -1 -1 0 0 1 -1 -1 -1 -1 -1 
-1 -1 -1 -1 -1 -1 -1 0 0 1 -1 -1 -1 -1 -1 
-1 -1 -1 -1 -1 -1 -1 0 0 1 -1 -1 -1 -1 -1 
-1 -1 -1 -1 -1 -1 -1 0 0 -1 -1 -1 -1 -1 -1 
-1 -1 -1 -1 -1 -1 -1 0 0 -1 -1 -1 -1 -1 -1 
END
15 1
9 7
9 11
-1 -1 -1 -1 -1 -1 -1 -1 0 0 1 1 -1 -1 -1 
-1 -1 -1 -1 -1 -1 -1 -1 0 0 1 1 -1 -1 -1 
-1 -1 -1 -1 -1 -1 -1 -1 0 0 1 1 -1 -1 -1 
-1 -1 -1 -1 -1 -1 -1 -1 0 1 1 1 -1 -1 -1 
-1 -1 -1 -1 -1 -1 -1 -1 0 1 -1 1 -1 -1 -1 
-1 -1 -1 -1 -1 -1 -1 -1 0 1 -1 1 -1 -1 -1 
-1 -1 -1 -1 -1 -1 -1 -1 0 1 -1 1 -1 -1 -1 
-1 -1 -1 -1 -1 -1 -1 -1 0 1 -1 1 -1 -1 -1 
-1 -1 -1 -1 -1 -1 -1 -1 0 1 -1 1 -1 -1 -1 
-1 -1 -1 -1 -1 -1 -1 0 0 1 -1 1 -1 -1 -1 
-1 -1 -1 -1 -1 -1 -1 0 0 1 -1 -1 -1 -1 -1 
-1 -1 -1 -1 -1 -1 -1 0 0 1 -1 -1 -1 -1 -1 
-1 -1 -1 -1 -1 -1 -1 0 0 1 -1 -1 -1 -1 -1 
-1 -1 -1 -1 -1 -1 -1 0 0 -1 -1 -1 -1 -1 -1 
-1 -1 -1 -1 -1 -1 -1 0 0 -1 -1 -1 -1 -1 -1 
END
15 1
8 7
10 11
-1 -1 -1 -1 -1 -1 -1 -1 0 0 1 1 -1 -1 -1 
-1 -1 -1 -1 -1 -1 -1 -1 0 0 1 1 -1 -1 -1 
-1 -1 -1 -1 -1 -1 -1 -1 0 0 1 1 -1 -1 -1 
-1 -1 -1 -1 -1 -1 -1 -1 0 1 1 1 -1 -1 -1 
-1 -1 -1 -1 -1 -1 -1 -1 0 1 -1 1 -1 -1 -1 
-1 -1 -1 -1 -1 -1 -1 -1 0 1 -1 1 -1 -1 -1 
-1 -1 -1 -1 -1 -1 -1 -1 0 1 -1 1 -1 -1 -1 
-1 -1 -1 -1 -1 -1 -1 -1 0 1 -1 1 -1 -1 -1 
-1 -1 -1 -1 -1 -1 -1 0 0 1 -1 1 -1 -1 -1 
-1 -1 -1 -1 -1 -1 -1 0 0 1 -1 1 -1 -1 -1 
-1 -1 -1 -1 -1 -1 -1 0 0 1 -1 1 -1 -1 -1 
-1 -1 -1 -1 -1 -1 -1 0 0 1 -1 -1 -1 -1 -1 
-1 -1 -1 -1 -1 -1 -1 0 0 1 -1 -1 -1 -1 -1 
-1 -1 -1 -1 -1 -1 -1 0 0 -1 -1 -1 -1 -1 -1 
-1 -1 -1 -1 -1 -1 -1 0 0 -1 -1 -1 -1 -1 -1 
END
15 1
7 7
11 11
-1 -1 -1 -1 -1 -1 -1 -1 0 0 1 1 -1 -1 -1 
-1 -1 -1 -1 -1 -1 -1 -1 0 0 1 1 -1 -1 -1 
-1 -1 -1 -1 -1 -1 -1 -1 0 0 1 1 -1 -1 -1 
-1 -1 -1 -1 -1 -1 -1 -1 0 1 1 1 -1 -1 -1 
-1 -1 -1 -1 -1 -1 -1 -1 0 1 -1 1 -1 -1 -1 
-1 -1 -1 -1 -1 -1 -1 -1 0 1 -1 1 -1 -1 -1 
-1 -1 -1 -1 -1 -1 -1 -1 0 1 -1 1 -1 -1 -1 
-1 -1 -1 -1 -1 -1 -1 0 0 1 -1 1 -1 -1 -1 
-1 -1 -1 -1 -1 -1 -1 0 0 1 -1 1 -1 -1 -1 
-1 -1 -1 -1 -1 -1 -1 0 0 1 -1 1 -1 -1 -1 
-1 -1 -1 -1 -1 -1 -1 0 0 1 -1 1 -1 -1 -1 
-1 -1 -1 -1 -1 -1 -1 0 0 1 -1 1 -1 -1 -1 
-1 -1 -1 -1 -1 -1 -1 0 0 1 -1 -1 -1 -1 -1 
-1 -1 -1 -1 -1 -1 -1 0 0 -1 -1 -1 -1 -1 -1 
-1 -1 -1 -1 -1 -1 -1 0 0 -1 -1 -1 -1 -1 -1 
END
15 1
6 7
12 11
-1 -1 -1 -1 -1 -1 -1 -1 0 0 1 1 -1 -1 -1 
-1 -1 -1 -1 -1 -1 -1 -1 0 0 1 1 -1 -1 -1 
-1 -1 -1 -1 -1 -1 -1 -1 0 0 1 1 -1 -1 -1 
-1 -1 -1 -1 -1 -1 -1 -1 0 1 1 1 -1 -1 -1 
-1 -1 -1 -1 -1 -1 -1 -1 0 1 -1 1 -1 -1 -1 
-1 -1 -1 -1 -1 -1 -1 -1 0 1 -1 1 -1 -1 -1 
-1 -1 -1 -1 -1 -1 -1 0 0 1 -1 1 -1 -1 -1 
-1 -1 -1 -1 -1 -1 -1 0 0 1 -1 1 -1 -1 -1 
-1 -1 -1 -1 -1 -1 -1 0 0 1 -1 1 -1 -1 -1 
-1 -1 -1 -1 -1 -1 -1 0 0 1 -1 1 -1 -1 -1 
-1 -1 -1 -1 -1 -1 -1 0 0 1 -1 1 -1 -1 -1 
-1 -1 -1 -1 -1 -1 -1 0 0 1 -1 1 -1 -1 -1 
-1 -1 -1 -1 -1 -1 -1 0 0 1 -1 1 -1 -1 -1 
-1 -1 -1 -1 -1 -1 -1 0 0 -1 -1 -1 -1 -1 -1 
-1 -1 -1 -1 -1 -1 -1 0 0 -1 -1 -1 -1 -1 -1 
END
15 1
5 7
13 11
-1 -1 -1 -1 -1 -1 -1 -1 0 0 1 1 -1 -1 -1 
-1 -1 -1 -1 -1 -1 -1 -1 0 0 1 1 -1 -1 -1 
-1 -1 -1 -1 -1 -1 -1 -1 0 0 1 1 -1 -1 -1 
-1 -1 -1 -1 -1 -1 -1 -1 0 1 1 1 -1 -1 -1 
-1 -1 -1 -1 -1 -1 -1 -1 0 1 -1 1 -1 -1 -1 
-1 -1 -1 -1 -1 -1 -1 0 0 1 -1 1 -1 -1 -1 
-1 -1 -1 -1 -1 -1 -1 0 0 1 -1 1 -1 -1 -1 
-1 -1 -1 -1 -1 -1 -1 0 0 1 -1 1 -1 -1 -1 
-1 -1 -1 -1 -1 -1 -1 0 0 1 -1 1 -1 -1 -1 
-1 -1 -1 -1 -1 -1 -1 0 0 1 -1 1 -1 -1 -1 
-1 -1 -1 -1 -1 -1 -1 0 0 1 -1 1 -1 -1 -1 
-1 -1 -1 -1 -1 -1 -1 0 0 1 -1 1 -1 -1 -1 
-1 -1 -1 -1 -1 -1 -1 0 0 1 -1 1 -1 -1 -1 
-1 -1 -1 -1 -1 -1 -1 0 0 -1 -1 1 -1 -1 -1 
-1 -1 -1 -1 -1 -1 -1 0 0 -1 -1 -1 -1 -1 -1 
END
15 1
4 7
14 11
-1 -1 -1 -1 -1 -1 -1 -1 0 0 1 1 -1 -1 -1 
-1 -1 -1 -1 -1 -1 -1 -1 0 0 1 1 -1 -1 -1 
-1 -1 -1 -1 -1 -1 -1 -1 0 0 1 1 -1 -1 -1 
-1 -1 -1 -1 -1 -1 -1 -1 0 1 1 1 -1 -1 -1 
-1 -1 -1 -1 -1 -1 -1 0 0 1 -1 1 -1 -1 -1 
-1 -1 -1 -1 -1 -1 -1 0 0 1 -1 1 -1 -1 -1 
-1 -1 -1 -1 -1 -1 -1 0 0 1 -1 1 -1 -1 -1 
-1 -1 -1 -1 -1 -1 -1 0 0 1 -1 1 -1 -1 -1 
-1 -1 -1 -1 -1 -1 -1 0 0 1 -1 1 -1 -1 -1 
-1 -1 -1 -1 -1 -1 -1 0 0 1 -1 1 -1 -1 -1 
-1 -1 -1 -1 -1 -1 -1 0 0 1 -1 1 -1 -1 -1 
-1 -1 -1 -1 -1 -1 -1 0 0 1 -1 1 -1 -1 -1 
-1 -1 -1 -1 -1 -1 -1 0 0 1 -1 1 -1 -1 -1 
-1 -1 -1 -1 -1 -1 -1 0 0 -1 -1 1 -1 -1 -1 
-1 -1 -1 -1 -1 -1 -1 0 0 -1 -1 1 -1 -1 -1 
END
15 1
3 7
14 10
-1 -1 -1 -1 -1 -1 -1 -1 0 0 1 1 -1 -1 -1 
-1 -1 -1 -1 -1 -1 -1 -1 0 0 1 1 -1 -1 -1 
-1 -1 -1 -1 -1 -1 -1 -1 0 0 1 1 -1 -1 -1 
-1 -1 -1 -1 -1 -1 -1 0 0 1 1 1 -1 -1 -1 
-1 -1 -1 -1 -1 -1 -1 0 0 1 -1 1 -1 -1 -1 
-1 -1 -1 -1 -1 -1 -1 0 0 1 -1 1 -1 -1 -1 
-1 -1 -1 -1 -1 -1 -1 0 0 1 -1 1 -1 -1 -1 
-1 -1 -1 -1 -1 -1 -1 0 0 1 -1 1 -1 -1 -1 
-1 -1 -1 -1 -1 -1 -1 0 0 1 -1 1 -1 -1 -1 
-1 -1 -1 -1 -1 -1 -1 0 0 1 -1 1 -1 -1 -1 
-1 -1 -1 -1 -1 -1 -1 0 0 1 -1 1 -1 -1 -1 
-1 -1 -1 -1 -1 -1 -1 0 0 1 -1 1 -1 -1 -1 
-1 -1 -1 -1 -1 -1 -1 0 0 1 -1 1 -1 -1 -1 
-1 -1 -1 -1 -1 -1 -1 0 0 -1 -1 1 -1 -1 -1 
-1 -1 -1 -1 -1 -1 -1 0 0 -1 1 1 -1 -1 -1 
END
15 1
2 7
13 10
-1 -1 -1 -1 -1 -1 -1 -1 0 0 1 1 -1 -1 -1 
-1 -1 -1 -1 -1 -1 -1 -1 0 0 1 1 -1 -1 -1 
-1 -1 -1 -1 -1 -1 -1 0 0 0 1 1 -1 -1 -1 
-1 -1 -1 -1 -1 -1 -1 0 0 1 1 1 -1 -1 -1 
-1 -1 -1 -1 -1 -1 -1 0 0 1 -1 1 -1 -1 -1 
-1 -1 -1 -1 -1 -1 -1 0 0 1 -1 1 -1 -1 -1 
-1 -1 -1 -1 -1 -1 -1 0 0 1 -1 1 -1 -1 -1 
-1 -1 -1 -1 -1 -1 -1 0 0 1 -1 1 -1 -1 -1 
-1 -1 -1 -1 -1 -1 -1 0 0 1 -1 1 -1 -1 -1 
-1 -1 -1 -1 -1 -1 -1 0 0 1 -1 1 -1 -1 -1 
-1 -1 -1 -1 -1 -1 -1 0 0 1 -1 1 -1 -1 -1 
-1 -1 -1 -1 -1 -1 -1 0 0 1 -1 1 -1 -1 -1 
-1 -1 -1 -1 -1 -1 -1 0 0 1 -1 1 -1 -1 -1 
-1 -1 -1 -1 -1 -1 -1 0 0 -1 1 1 -1 -1 -1 
-1 -1 -1 -1 -1 -1 -1 0 0 -1 1 1 -1 -1 -1 
END
15 1
1 7
12 10
-1 -1 -1 -1 -1 -1 -1 -1 0 0 1 1 -1 -1 -1 
-1 -1 -1 -1 -1 -1 -1 0 0 0 1 1 -1 -1 -1 
-1 -1 -1 -1 -1 -1 -1 0 0 0 1 1 -1 -1 -1 
-1 -1 -1 -1 -1 -1 -1 0 0 1 1 1 -1 -1 -1 
-1 -1 -1 -1 -1 -1 -1 0 0 1 -1 1 -1 -1 -1 
-1 -1 -1 -1 -1 -1 -1 0 0 1 -1 1 -1 -1 -1 
-1 -1 -1 -1 -1 -1 -1 0 0 1 -1 1 -1 -1 -1 
-1 -1 -1 -1 -1 -1 -1 0 0 1 -1 1 -1 -1 -1 
-1 -1 -1 -1 -1 -1 -1 0 0 1 -1 1 -1 -1 -1 
-1 -1 -1 -1 -1 -1 -1 0 0 1 -1 1 -1 -1 -1 
-1 -1 -1 -1 -1 -1 -1 0 0 1 -1 1 -1 -1 -1 
-1 -1 -1 -1 -1 -1 -1 0 0 1 -1 1 -1 -1 -1 
-1 -1 -1 -1 -1 -1 -1 0 0 1 1 1 -1 -1 -1 
-1 -1 -1 -1 -1 -1 -1 0 0 -1 1 1 -1 -1 -1 
-1 -1 -1 -1 -1 -1 -1 0 0 -1 1 1 -1 -1 -1 
END
15 1
0 7
11 10
-1 -1 -1 -1 -1 -1 -1 0 0 0 1 1 -1 -1 -1 
-1 -1 -1 -1 -1 -1 -1 0 0 0 1 1 -1 -1 -1 
-1 -1 -1 -1 -1 -1 -1 0 0 0 1 1 -1 -1 -1 
-1 -1 -1 -1 -1 -1 -1 0 0 1 1 1 -1 -1 -1 
-1 -1 -1 -1 -1 -1 -1 0 0 1 -1 1 -1 -1 -1 
-1 -1 -1 -1 -1 -1 -1 0 0 1 -1 1 -1 -1 -1 
-1 -1 -1 -1 -1 -1 -1 0 0 1 -1 1 -1 -1 -1 
-1 -1 -1 -1 -1 -1 -1 0 0 1 -1 1 -1 -1 -1 
-1 -1 -1 -1 -1 -1 -1 0 0 1 -1 1 -1 -1 -1 
-1 -1 -1 -1 -1 -1 -1 0 0 1 -1 1 -1 -1 -1 
-1 -1 -1 -1 -1 -1 -1 0 0 1 -1 1 -1 -1 -1 
-1 -1 -1 -1 -1 -1 -1 0 0 1 1 1 -1 -1 -1 
-1 -1 -1 -1 -1 -1 -1 0 0 1 1 1 -1 -1 -1 
-1 -1 -1 -1 -1 -1 -1 0 0 -1 1 1 -1 -1 -1 
-1 -1 -1 -1 -1 -1 -1 0 0 -1 1 1 -1 -1 -1 
END
15 1
0 6
10 10
-1 -1 -1 -1 -1 -1 0 0 0 0 1 1 -1 -1 -1 
-1 -1 -1 -1 -1 -1 -1 0 0 0 1 1 -1 -1 -1 
-1 -1 -1 -1 -1 -1 -1 0 0 0 1 1 -1 -1 -1 
-1 -1 -1 -1 -1 -1 -1 0 0 1 1 1 -1 -1 -1 
-1 -1 -1 -1 -1 -1 -1 0 0 1 -1 1 -1 -1 -1 
-1 -1 -1 -1 -1 -1 -1 0 0 1 -1 1 -1 -1 -1 
-1 -1 -1 -1 -1 -1 -1 0 0 1 -1 1 -1 -1 -1 
-1 -1 -1 -1 -1 -1 -1 0 0 1 -1 1 -1 -1 -1 
-1 -1 -1 -1 -1 -1 -1 0 0 1 -1 1 -1 -1 -1 
-1 -1 -1 -1 -1 -1 -1 0 0 1 -1 1 -1 -1 -1 
-1 -1 -1 -1 -1 -1 -1 0 0 1 1 1 -1 -1 -1 
-1 -1 -1 -1 -1 -1 -1 0 0 1 1 1 -1 -1 -1 
-1 -1 -1 -1 -1 -1 -1 0 0 1 1 1 -1 -1 -1 
-1 -1 -1 -1 -1 -1 -1 0 0 -1 1 1 -1 -1 -1 
-1 -1 -1 -1 -1 -1 -1 0 0 -1 1 1 -1 -1 -1 
END
15 1
1 6
9 10
-1 -1 -1 -1 -1 -1 0 0 0 0 1 1 -1 -1 -1 
-1 -1 -1 -1 -1 -1 0 0 0 0 1 1 -1 -1 -1 
-1 -1 -1 -1 -1 -1 -1 0 0 0 1 1 -1 -1 -1 
-1 -1 -1 -1 -1 -1 -1 0 0 1 1 1 -1 -1 -1 
-1 -1 -1 -1 -1 -1 -1 0 0 1 -1 1 -1 -1 -1 
-1 -1 -1 -1 -1 -1 -1 0 0 1 -1 1 -1 -1 -1 
-1 -1 -1 -1 -1 -1 -1 0 0 1 -1 1 -1 -1 -1 
-1 -1 -1 -1 -1 -1 -1 0 0 1 -1 1 -1 -1 -1 
-1 -1 -1 -1 -1 -1 -1 0 0 1 -1 1 -1 -1 -1 
-1 -1 -1 -1 -1 -1 -1 0 0 1 1 1 -1 -1 -1 
-1 -1 -1 -1 -1 -1 -1 0 0 1 1 1 -1 -1 -1 
-1 -1 -1 -1 -1 -1 -1 0 0 1 1 1 -1 -1 -1 
-1 -1 -1 -1 -1 -1 -1 0 0 1 1 1 -1 -1 -1 
-1 -1 -1 -1 -1 -1 -1 0 0 -1 1 1 -1 -1 -1 
-1 -1 -1 -1 -1 -1 -1 0 0 -1 1 1 -1 -1 -1 
END
15 1
2 6
8 10
-1 -1 -1 -1 -1 -1 0 0 0 0 1 1 -1 -1 -1 
-1 -1 -1 -1 -1 -1 0 0 0 0 1 1 -1 -1 -1 
-1 -1 -1 -1 -1 -1 0 0 0 0 1 1 -1 -1 -1 
-1 -1 -1 -1 -1 -1 -1 0 0 1 1 1 -1 -1 -1 
-1 -1 -1 -1 -1 -1 -1 0 0 1 -1 1 -1 -1 -1 
-1 -1 -1 -1 -1 -1 -1 0 0 1 -1 1 -1 -1 -1 
-1 -1 -1 -1 -1 -1 -1 0 0 1 -1 1 -1 -1 -1 
-1 -1 -1 -1 -1 -1 -1 0 0 1 -1 1 -1 -1 -1 
-1 -1 -1 -1 -1 -1 -1 0 0 1 1 1 -1 -1 -1 
-1 -1 -1 -1 -1 -1 -1 0 0 1 1 1 -1 -1 -1 
-1 -1 -1 -1 -1 -1 -1 0 0 1 1 1 -1 -1 -1 
-1 -1 -1 -1 -1 -1 -1 0 0 1 1 1 -1 -1 -1 
-1 -1 -1 -1 -1 -1 -1 0 0 1 1 1 -1 -1 -1 
-1 -1 -1 -1 -1 -1 -1 0 0 -1 1 1 -1 -1 -1 
-1 -1 -1 -1 -1 -1 -1 0 0 -1 1 1 -1 -1 -1 
END
15 1
3 6
7 10
-1 -1 -1 -1 -1 -1 0 0 0 0 1 1 -1 -1 -1 
-1 -1 -1 -1 -1 -1 0 0 0 0 1 1 -1 -1 -1 
-1 -1 -1 -1 -1 -1 0 0 0 0 1 1 -1 -1 -1 
-1 -1 -1 -1 -1 -1 0 0 0 1 1 1 -1 -1 -1 
-1 -1 -1 -1 -1 -1 -1 0 0 1 -1 1 -1 -1 -1 
-1 -1 -1 -1 -1 -1 -1 0 0 1 -1 1 -1 -1 -1 
-1 -1 -1 -1 -1 -1 -1 0 0 1 -1 1 -1 -1 -1 
-1 -1 -1 -1 -1 -1 -1 0 0 1 1 1 -1 -1 -1 
-1 -1 -1 -1 -1 -1 -1 0 0 1 1 1 -1 -1 -1 
-1 -1 -1 -1 -1 -1 -1 0 0 1 1 1 -1 -1 -1 
-1 -1 -1 -1 -1 -1 -1 0 0 1 1 1 -1 -1 -1 
-1 -1 -1 -1 -1 -1 -1 0 0 1 1 1 -1 -1 -1 
-1 -1 -1 -1 -1 -1 -1 0 0 1 1 1 -1 -1 -1 
-1 -1 -1 -1 -1 -1 -1 0 0 -1 1 1 -1 -1 -1 
-1 -1 -1 -1 -1 -1 -1 0 0 -1 1 1 -1 -1 -1 
END
15 1
4 6
6 10
-1 -1 -1 -1 -1 -1 0 0 0 0 1 1 -1 -1 -1 
-1 -1 -1 -1 -1 -1 0 0 0 0 1 1 -1 -1 -1 
-1 -1 -1 -1 -1 -1 0 0 0 0 1 1 -1 -1 -1 
-1 -1 -1 -1 -1 -1 0 0 0 1 1 1 -1 -1 -1 
-1 -1 -1 -1 -1 -1 0 0 0 1 -1 1 -1 -1 -1 
-1 -1 -1 -1 -1 -1 -1 0 0 1 -1 1 -1 -1 -1 
-1 -1 -1 -1 -1 -1 -1 0 0 1 1 1 -1 -1 -1 
-1 -1 -1 -1 -1 -1 -1 0 0 1 1 1 -1 -1 -1 
-1 -1 -1 -1 -1 -1 -1 0 0 1 1 1 -1 -1 -1 
-1 -1 -1 -1 -1 -1 -1 0 0 1 1 1 -1 -1 -1 
-1 -1 -1 -1 -1 -1 -1 0 0 1 1 1 -1 -1 -1 
-1 -1 -1 -1 -1 -1 -1 0 0 1 1 1 -1 -1 -1 
-1 -1 -1 -1 -1 -1 -1 0 0 1 1 1 -1 -1 -1 
-1 -1 -1 -1 -1 -1 -1 0 0 -1 1 1 -1 -1 -1 
-1 -1 -1 -1 -1 -1 -1 0 0 -1 1 1 -1 -1 -1 
END
15 1
5 6
5 10
-1 -1 -1 -1 -1 -1 0 0 0 0 1 1 -1 -1 -1 
-1 -1 -1 -1 -1 -1 0 0 0 0 1 1 -1 -1 -1 
-1 -1 -1 -1 -1 -1 0 0 0 0 1 1 -1 -1 -1 
-1 -1 -1 -1 -1 -1 0 0 0 1 1 1 -1 -1 -1 
-1 -1 -1 -1 -1 -1 0 0 0 1 -1 1 -1 -1 -1 
-1 -1 -1 -1 -1 -1 0 0 0 1 1 1 -1 -1 -1 
-1 -1 -1 -1 -1 -1 -1 0 0 1 1 1 -1 -1 -1 
-1 -1 -1 -1 -1 -1 -1 0 0 1 1 1 -1 -1 -1 
-1 -1 -1 -1 -1 -1 -1 0 0 1 1 1 -1 -1 -1 
-1 -1 -1 -1 -1 -1 -1 0 0 1 1 1 -1 -1 -1 
-1 -1 -1 -1 -1 -1 -1 0 0 1 1 1 -1 -1 -1 
-1 -1 -1 -1 -1 -1 -1 0 0 1 1 1 -1 -1 -1 
-1 -1 -1 -1 -1 -1 -1 0 0 1 1 1 -1 -1 -1 
-1 -1 -1 -1 -1 -1 -1 0 0 -1 1 1 -1 -1 -1 
-1 -1 -1 -1 -1 -1 -1 0 0 -1 1 1 -1 -1 -1 
END
15 1
6 6
4 10
-1 -1 -1 -1 -1 -1 0 0 0 0 1 1 -1 -1 -1 
-1 -1 -1 -1 -1 -1 0 0 0 0 1 1 -1 -1 -1 
-1 -1 -1 -1 -1 -1 0 0 0 0 1 1 -1 -1 -1 
-1 -1 -1 -1 -1 -1 0 0 0 1 1 1 -1 -1 -1 
-1 -1 -1 -1 -1 -1 0 0 0 1 1 1 -1 -1 -1 
-1 -1 -1 -1 -1 -1 0 0 0 1 1 1 -1 -1 -1 
-1 -1 -1 -1 -1 -1 0 0 0 1 1 1 -1 -1 -1 
-1 -1 -1 -1 -1 -1 -1 0 0 1 1 1 -1 -1 -1 
-1 -1 -1 -1 -1 -1 -1 0 0 1 1 1 -1 -1 -1 
-1 -1 -1 -1 -1 -1 -1 0 0 1 1 1 -1 -1 -1 
-1 -1 -1 -1 -1 -1 -1 0 0 1 1 1 -1 -1 -1 
-1 -1 -1 -1 -1 -1 -1 0 0 1 1 1 -1 -1 -1 
-1 -1 -1 -1 -1 -1 -1 0 0 1 1 1 -1 -1 -1 
-1 -1 -1 -1 -1 -1 -1 0 0 -1 1 1 -1 -1 -1 
-1 -1 -1 -1 -1 -1 -1 0 0 -1 1 1 -1 -1 -1 
END
