15 0
13 3
0 4
-1 -1 -1 -1 1 -1 -1 -1 -1 -1 -1 -1 -1 -1 -1 
-1 -1 -1 -1 -1 -1 -1 -1 -1 -1 -1 -1 -1 -1 -1 
-1 -1 -1 -1 -1 -1 -1 -1 -1 -1 -1 -1 -1 -1 -1 
-1 -1 -1 -1 -1 -1 -1 -1 -1 -1 -1 -1 -1 -1 -1 
-1 -1 -1 -1 -1 -1 -1 -1 -1 -1 -1 -1 -1 -1 -1 
-1 -1 -1 -1 -1 -1 -1 -1 -1 -1 -1 -1 -1 -1 -1 
-1 -1 -1 -1 -1 -1 -1 -1 -1 -1 -1 -1 -1 -1 -1 
-1 -1 -1 -1 -1 -1 -1 -1 -1 -1 -1 -1 -1 -1 -1 
-1 -1 -1 -1 -1 -1 -1 -1 -1 -1 -1 -1 -1 -1 -1 
-1 -1 -1 -1 -1 -1 -1 -1 -1 -1 -1 -1 -1 -1 -1 
-1 -1 -1 -1 -1 -1 -1 -1 -1 -1 -1 -1 -1 -1 -1 
-1 -1 -1 -1 -1 -1 -1 -1 -1 -1 -1 -1 -1 -1 -1 
-1 -1 -1 -1 -1 -1 -1 -1 -1 -1 -1 -1 -1 -1 -1 
-1 -1 -1 0 -1 -1 -1 -1 -1 -1 -1 -1 -1 -1 -1 
-1 -1 -1 -1 -1 -1 -1 -1 -1 -1 -1 -1 -1 -1 -1 
END
15 0
12 3
1 4
-1 -1 -1 -1 1 -1 -1 -1 -1 -1 -1 -1 -1 -1 -1 
-1 -1 -1 -1 1 -1 -1 -1 -1 -1 -1 -1 -1 -1 -1 
-1 -1 -1 -1 -1 -1 -1 -1 -1 -1 -1 -1 -1 -1 -1 
-1 -1 -1 -1 -1 -1 -1 -1 -1 -1 -1 -1 -1 -1 -1 
-1 -1 -1 -1 -1 -1 -1 -1 -1 -1 -1 -1 -1 -1 -1 
-1 -1 -1 -1 -1 -1 -1 -1 -1 -1 -1 -1 -1 -1 -1 
-1 -1 -1 -1 -1 -1 -1 -1 -1 -1 -1 -1 -1 -1 -1 
-1 -1 -1 -1 -1 -1 -1 -1 -1 -1 -1 -1 -1 -1 -1 
-1 -1 -1 -1 -1 -1 -1 -1 -1 -1 -1 -1 -1 -1 -1 
-1 -1 -1 -1 -1 -1 -1 -1 -1 -1 -1 -1 -1 -1 -1 
-1 -1 -1 -1 -1 -1 -1 -1 -1 -1 -1 -1 -1 -1 -1 
-1 -1 -1 -1 -1 -1 -1 -1 -1 -1 -1 -1 -1 -1 -1 
-1 -1 -1 0 -1 -1 -1 -1 -1 -1 -1 -1 -1 -1 -1 
-1 -1 -1 0 -1 -1 -1 -1 -1 -1 -1 -1 -1 -1 -1 
-1 -1 -1 -1 -1 -1 -1 -1 -1 -1 -1 -1 -1 -1 -1 
END
15 0
11 3
2 4
-1 -1 -1 -1 1 -1 -1 -1 -1 -1 -1 -1 -1 -1 -1 
-1 -1 -1 -1 1 -1 -1 -1 -1 -1 -1 -1 -1 -1 -1 
-1 -1 -1 -1 1 -1 -1 -1 -1 -1 -1 -1 -1 -1 -1 
-1 -1 -1 -1 -1 -1 -1 -1 -1 -1 -1 -1 -1 -1 -1 
-1 -1 -1 -1 -1 -1 -1 -1 -1 -1 -1 -1 -1 -1 -1 
-1 -1 -1 -1 -1 -1 -1 -1 -1 -1 -1 -1 -1 -1 -1 
-1 -1 -1 -1 -1 -1 -1 -1 -1 -1 -1 -1 -1 -1 -1 
-1 -1 -1 -1 -1 -1 -1 -1 -1 -1 -1 -1 -1 -1 -1 
-1 -1 -1 -1 -1 -1 -1 -1 -1 -1 -1 -1 -1 -1 -1 
-1 -1 -1 -1 -1 -1 -1 -1 -1 -1 -1 -1 -1 -1 -1 
-1 -1 -1 -1 -1 -1 -1 -1 -1 -1 -1 -1 -1 -1 -1 
-1 -1 -1 0 -1 -1 -1 -1 -1 -1 -1 -1 -1 -1 -1 
-1 -1 -1 0 -1 -1 -1 -1 -1 -1 -1 -1 -1 -1 -1 
-1 -1 -1 0 -1 -1 -1 -1 -1 -1 -1 -1 -1 -1 -1 
-1 -1 -1 -1 -1 -1 -1 -1 -1 -1 -1 -1 -1 -1 -1 
END
15 0
10 3
3 4
-1 -1 -1 -1 1 -1 -1 -1 -1 -1 -1 -1 -1 -1 -1 
-1 -1 -1 -1 1 -1 -1 -1 -1 -1 -1 -1 -1 -1 -1 
-1 -1 -1 -1 1 -1 -1 -1 -1 -1 -1 -1 -1 -1 -1 
-1 -1 -1 -1 1 -1 -1 -1 -1 -1 -1 -1 -1 -1 -1 
-1 -1 -1 -1 -1 -1 -1 -1 -1 -1 -1 -1 -1 -1 -1 
-1 -1 -1 -1 -1 -1 -1 -1 -1 -1 -1 -1 -1 -1 -1 
-1 -1 -1 -1 -1 -1 -1 -1 -1 -1 -1 -1 -1 -1 -1 
-1 -1 -1 -1 -1 -1 -1 -1 -1 -1 -1 -1 -1 -1 -1 
-1 -1 -1 -1 -1 -1 -1 -1 -1 -1 -1 -1 -1 -1 -1 
-1 -1 -1 -1 -1 -1 -1 -1 -1 -1 -1 -1 -1 -1 -1 
-1 -1 -1 0 -1 -1 -1 -1 -1 -1 -1 -1 -1 -1 -1 
-1 -1 -1 0 -1 -1 -1 -1 -1 -1 -1 -1 -1 -1 -1 
-1 -1 -1 0 -1 -1 -1 -1 -1 -1 -1 -1 -1 -1 -1 
-1 -1 -1 0 -1 -1 -1 -1 -1 -1 -1 -1 -1 -1 -1 
-1 -1 -1 -1 -1 -1 -1 -1 -1 -1 -1 -1 -1 -1 -1 
END
15 0
9 3
4 4
-1 -1 -1 -1 1 -1 -1 -1 -1 -1 -1 -1 -1 -1 -1 
-1 -1 -1 -1 1 -1 -1 -1 -1 -1 -1 -1 -1 -1 -1 
-1 -1 -1 -1 1 -1 -1 -1 -1 -1 -1 -1 -1 -1 -1 
-1 -1 -1 -1 1 -1 -1 -1 -1 -1 -1 -1 -1 -1 -1 
-1 -1 -1 -1 1 -1 -1 -1 -1 -1 -1 -1 -1 -1 -1 
-1 -1 -1 -1 -1 -1 -1 -1 -1 -1 -1 -1 -1 -1 -1 
-1 -1 -1 -1 -1 -1 -1 -1 -1 -1 -1 -1 -1 -1 -1 
-1 -1 -1 -1 -1 -1 -1 -1 -1 -1 -1 -1 -1 -1 -1 
-1 -1 -1 -1 -1 -1 -1 -1 -1 -1 -1 -1 -1 -1 -1 
-1 -1 -1 0 -1 -1 -1 -1 -1 -1 -1 -1 -1 -1 -1 
-1 -1 -1 0 -1 -1 -1 -1 -1 -1 -1 -1 -1 -1 -1 
-1 -1 -1 0 -1 -1 -1 -1 -1 -1 -1 -1 -1 -1 -1 
-1 -1 -1 0 -1 -1 -1 -1 -1 -1 -1 -1 -1 -1 -1 
-1 -1 -1 0 -1 -1 -1 -1 -1 -1 -1 -1 -1 -1 -1 
-1 -1 -1 -1 -1 -1 -1 -1 -1 -1 -1 -1 -1 -1 -1 
END
15 0
8 3
5 4
-1 -1 -1 -1 1 -1 -1 -1 -1 -1 -1 -1 -1 -1 -1 
-1 -1 -1 -1 1 -1 -1 -1 -1 -1 -1 -1 -1 -1 -1 
-1 -1 -1 -1 1 -1 -1 -1 -1 -1 -1 -1 -1 -1 -1 
-1 -1 -1 -1 1 -1 -1 -1 -1 -1 -1 -1 -1 -1 -1 
-1 -1 -1 -1 1 -1 -1 -1 -1 -1 -1 -1 -1 -1 -1 
-1 -1 -1 -1 1 -1 -1 -1 -1 -1 -1 -1 -1 -1 -1 
-1 -1 -1 -1 -1 -1 -1 -1 -1 -1 -1 -1 -1 -1 -1 
-1 -1 -1 -1 -1 -1 -1 -1 -1 -1 -1 -1 -1 -1 -1 
-1 -1 -1 0 -1 -1 -1 -1 -1 -1 -1 -1 -1 -1 -1 
-1 -1 -1 0 -1 -1 -1 -1 -1 -1 -1 -1 -1 -1 -1 
-1 -1 -1 0 -1 -1 -1 -1 -1 -1 -1 -1 -1 -1 -1 
-1 -1 -1 0 -1 -1 -1 -1 -1 -1 -1 -1 -1 -1 -1 
-1 -1 -1 0 -1 -1 -1 -1 -1 -1 -1 -1 -1 -1 -1 
-1 -1 -1 0 -1 -1 -1 -1 -1 -1 -1 -1 -1 -1 -1 
-1 -1 -1 -1 -1 -1 -1 -1 -1 -1 -1 -1 -1 -1 -1 
END
15 0
7 3
6 4
-1 -1 -1 -1 1 -1 -1 -1 -1 -1 -1 -1 -1 -1 -1 
-1 -1 -1 -1 1 -1 -1 -1 -1 -1 -1 -1 -1 -1 -1 
-1 -1 -1 -1 1 -1 -1 -1 -1 -1 -1 -1 -1 -1 -1 
-1 -1 -1 -1 1 -1 -1 -1 -1 -1 -1 -1 -1 -1 -1 
-1 -1 -1 -1 1 -1 -1 -1 -1 -1 -1 -1 -1 -1 -1 
-1 -1 -1 -1 1 -1 -1 -1 -1 -1 -1 -1 -1 -1 -1 
-1 -1 -1 -1 1 -1 -1 -1 -1 -1 -1 -1 -1 -1 -1 
-1 -1 -1 0 -1 -1 -1 -1 -1 -1 -1 -1 -1 -1 -1 
-1 -1 -1 0 -1 -1 -1 -1 -1 -1 -1 -1 -1 -1 -1 
-1 -1 -1 0 -1 -1 -1 -1 -1 -1 -1 -1 -1 -1 -1 
-1 -1 -1 0 -1 -1 -1 -1 -1 -1 -1 -1 -1 -1 -1 
-1 -1 -1 0 -1 -1 -1 -1 -1 -1 -1 -1 -1 -1 -1 
-1 -1 -1 0 -1 -1 -1 -1 -1 -1 -1 -1 -1 -1 -1 
-1 -1 -1 0 -1 -1 -1 -1 -1 -1 -1 -1 -1 -1 -1 
-1 -1 -1 -1 -1 -1 -1 -1 -1 -1 -1 -1 -1 -1 -1 
END
15 0
6 3
7 4
-1 -1 -1 -1 1 -1 -1 -1 -1 -1 -1 -1 -1 -1 -1 
-1 -1 -1 -1 1 -1 -1 -1 -1 -1 -1 -1 -1 -1 -1 
-1 -1 -1 -1 1 -1 -1 -1 -1 -1 -1 -1 -1 -1 -1 
-1 -1 -1 -1 1 -1 -1 -1 -1 -1 -1 -1 -1 -1 -1 
-1 -1 -1 -1 1 -1 -1 -1 -1 -1 -1 -1 -1 -1 -1 
-1 -1 -1 -1 1 -1 -1 -1 -1 -1 -1 -1 -1 -1 -1 
-1 -1 -1 0 1 -1 -1 -1 -1 -1 -1 -1 -1 -1 -1 
-1 -1 -1 0 1 -1 -1 -1 -1 -1 -1 -1 -1 -1 -1 
-1 -1 -1 0 -1 -1 -1 -1 -1 -1 -1 -1 -1 -1 -1 
-1 -1 -1 0 -1 -1 -1 -1 -1 -1 -1 -1 -1 -1 -1 
-1 -1 -1 0 -1 -1 -1 -1 -1 -1 -1 -1 -1 -1 -1 
-1 -1 -1 0 -1 -1 -1 -1 -1 -1 -1 -1 -1 -1 -1 
-1 -1 -1 0 -1 -1 -1 -1 -1 -1 -1 -1 -1 -1 -1 
-1 -1 -1 0 -1 -1 -1 -1 -1 -1 -1 -1 -1 -1 -1 
-1 -1 -1 -1 -1 -1 -1 -1 -1 -1 -1 -1 -1 -1 -1 
END
15 0
5 3
8 4
-1 -1 -1 -1 1 -1 -1 -1 -1 -1 -1 -1 -1 -1 -1 
-1 -1 -1 -1 1 -1 -1 -1 -1 -1 -1 -1 -1 -1 -1 
-1 -1 -1 -1 1 -1 -1 -1 -1 -1 -1 -1 -1 -1 -1 
-1 -1 -1 -1 1 -1 -1 -1 -1 -1 -1 -1 -1 -1 -1 
-1 -1 -1 -1 1 -1 -1 -1 -1 -1 -1 -1 -1 -1 -1 
-1 -1 -1 0 1 -1 -1 -1 -1 -1 -1 -1 -1 -1 -1 
-1 -1 -1 0 1 -1 -1 -1 -1 -1 -1 -1 -1 -1 -1 
-1 -1 -1 0 1 -1 -1 -1 -1 -1 -1 -1 -1 -1 -1 
-1 -1 -1 0 1 -1 -1 -1 -1 -1 -1 -1 -1 -1 -1 
-1 -1 -1 0 -1 -1 -1 -1 -1 -1 -1 -1 -1 -1 -1 
-1 -1 -1 0 -1 -1 -1 -1 -1 -1 -1 -1 -1 -1 -1 
-1 -1 -1 0 -1 -1 -1 -1 -1 -1 -1 -1 -1 -1 -1 
-1 -1 -1 0 -1 -1 -1 -1 -1 -1 -1 -1 -1 -1 -1 
-1 -1 -1 0 -1 -1 -1 -1 -1 -1 -1 -1 -1 -1 -1 
-1 -1 -1 -1 -1 -1 -1 -1 -1 -1 -1 -1 -1 -1 -1 
END
15 0
4 3
9 4
-1 -1 -1 -1 1 -1 -1 -1 -1 -1 -1 -1 -1 -1 -1 
-1 -1 -1 -1 1 -1 -1 -1 -1 -1 -1 -1 -1 -1 -1 
-1 -1 -1 -1 1 -1 -1 -1 -1 -1 -1 -1 -1 -1 -1 
-1 -1 -1 -1 1 -1 -1 -1 -1 -1 -1 -1 -1 -1 -1 
-1 -1 -1 0 1 -1 -1 -1 -1 -1 -1 -1 -1 -1 -1 
-1 -1 -1 0 1 -1 -1 -1 -1 -1 -1 -1 -1 -1 -1 
-1 -1 -1 0 1 -1 -1 -1 -1 -1 -1 -1 -1 -1 -1 
-1 -1 -1 0 1 -1 -1 -1 -1 -1 -1 -1 -1 -1 -1 
-1 -1 -1 0 1 -1 -1 -1 -1 -1 -1 -1 -1 -1 -1 
-1 -1 -1 0 1 -1 -1 -1 -1 -1 -1 -1 -1 -1 -1 
-1 -1 -1 0 -1 -1 -1 -1 -1 -1 -1 -1 -1 -1 -1 
-1 -1 -1 0 -1 -1 -1 -1 -1 -1 -1 -1 -1 -1 -1 
-1 -1 -1 0 -1 -1 -1 -1 -1 -1 -1 -1 -1 -1 -1 
-1 -1 -1 0 -1 -1 -1 -1 -1 -1 -1 -1 -1 -1 -1 
-1 -1 -1 -1 -1 -1 -1 -1 -1 -1 -1 -1 -1 -1 -1 
END
15 0
3 3
10 4
-1 -1 -1 -1 1 -1 -1 -1 -1 -1 -1 -1 -1 -1 -1 
-1 -1 -1 -1 1 -1 -1 -1 -1 -1 -1 -1 -1 -1 -1 
-1 -1 -1 -1 1 -1 -1 -1 -1 -1 -1 -1 -1 -1 -1 
-1 -1 -1 0 1 -1 -1 -1 -1 -1 -1 -1 -1 -1 -1 
-1 -1 -1 0 1 -1 -1 -1 -1 -1 -1 -1 -1 -1 -1 
-1 -1 -1 0 1 -1 -1 -1 -1 -1 -1 -1 -1 -1 -1 
-1 -1 -1 0 1 -1 -1 -1 -1 -1 -1 -1 -1 -1 -1 
-1 -1 -1 0 1 -1 -1 -1 -1 -1 -1 -1 -1 -1 -1 
-1 -1 -1 0 1 -1 -1 -1 -1 -1 -1 -1 -1 -1 -1 
-1 -1 -1 0 1 -1 -1 -1 -1 -1 -1 -1 -1 -1 -1 
-1 -1 -1 0 1 -1 -1 -1 -1 -1 -1 -1 -1 -1 -1 
-1 -1 -1 0 -1 -1 -1 -1 -1 -1 -1 -1 -1 -1 -1 
-1 -1 -1 0 -1 -1 -1 -1 -1 -1 -1 -1 -1 -1 -1 
-1 -1 -1 0 -1 -1 -1 -1 -1 -1 -1 -1 -1 -1 -1 
-1 -1 -1 -1 -1 -1 -1 -1 -1 -1 -1 -1 -1 -1 -1 
END
15 0
2 3
11 4
-1 -1 -1 -1 1 -1 -1 -1 -1 -1 -1 -1 -1 -1 -1 
-1 -1 -1 -1 1 -1 -1 -1 -1 -1 -1 -1 -1 -1 -1 
-1 -1 -1 0 1 -1 -1 -1 -1 -1 -1 -1 -1 -1 -1 
-1 -1 -1 0 1 -1 -1 -1 -1 -1 -1 -1 -1 -1 -1 
-1 -1 -1 0 1 -1 -1 -1 -1 -1 -1 -1 -1 -1 -1 
-1 -1 -1 0 1 -1 -1 -1 -1 -1 -1 -1 -1 -1 -1 
-1 -1 -1 0 1 -1 -1 -1 -1 -1 -1 -1 -1 -1 -1 
-1 -1 -1 0 1 -1 -1 -1 -1 -1 -1 -1 -1 -1 -1 
-1 -1 -1 0 1 -1 -1 -1 -1 -1 -1 -1 -1 -1 -1 
-1 -1 -1 0 1 -1 -1 -1 -1 -1 -1 -1 -1 -1 -1 
-1 -1 -1 0 1 -1 -1 -1 -1 -1 -1 -1 -1 -1 -1 
-1 -1 -1 0 1 -1 -1 -1 -1 -1 -1 -1 -1 -1 -1 
-1 -1 -1 0 -1 -1 -1 -1 -1 -1 -1 -1 -1 -1 -1 
-1 -1 -1 0 -1 -1 -1 -1 -1 -1 -1 -1 -1 -1 -1 
-1 -1 -1 -1 -1 -1 -1 -1 -1 -1 -1 -1 -1 -1 -1 
END
15 0
1 3
12 4
-1 -1 -1 -1 1 -1 -1 -1 -1 -1 -1 -1 -1 -1 -1 
-1 -1 -1 0 1 -1 -1 -1 -1 -1 -1 -1 -1 -1 -1 
-1 -1 -1 0 1 -1 -1 -1 -1 -1 -1 -1 -1 -1 -1 
-1 -1 -1 0 1 -1 -1 -1 -1 -1 -1 -1 -1 -1 -1 
-1 -1 -1 0 1 -1 -1 -1 -1 -1 -1 -1 -1 -1 -1 
-1 -1 -1 0 1 -1 -1 -1 -1 -1 -1 -1 -1 -1 -1 
-1 -1 -1 0 1 -1 -1 -1 -1 -1 -1 -1 -1 -1 -1 
-1 -1 -1 0 1 -1 -1 -1 -1 -1 -1 -1 -1 -1 -1 
-1 -1 -1 0 1 -1 -1 -1 -1 -1 -1 -1 -1 -1 -1 
-1 -1 -1 0 1 -1 -1 -1 -1 -1 -1 -1 -1 -1 -1 
-1 -1 -1 0 1 -1 -1 -1 -1 -1 -1 -1 -1 -1 -1 
-1 -1 -1 0 1 -1 -1 -1 -1 -1 -1 -1 -1 -1 -1 
-1 -1 -1 0 1 -1 -1 -1 -1 -1 -1 -1 -1 -1 -1 
-1 -1 -1 0 -1 -1 -1 -1 -1 -1 -1 -1 -1 -1 -1 
-1 -1 -1 -1 -1 -1 -1 -1 -1 -1 -1 -1 -1 -1 -1 
END
15 0
0 3
13 4
-1 -1 -1 0 1 -1 -1 -1 -1 -1 -1 -1 -1 -1 -1 
-1 -1 -1 0 1 -1 -1 -1 -1 -1 -1 -1 -1 -1 -1 
-1 -1 -1 0 1 -1 -1 -1 -1 -1 -1 -1 -1 -1 -1 
-1 -1 -1 0 1 -1 -1 -1 -1 -1 -1 -1 -1 -1 -1 
-1 -1 -1 0 1 -1 -1 -1 -1 -1 -1 -1 -1 -1 -1 
-1 -1 -1 0 1 -1 -1 -1 -1 -1 -1 -1 -1 -1 -1 
-1 -1 -1 0 1 -1 -1 -1 -1 -1 -1 -1 -1 -1 -1 
-1 -1 -1 0 1 -1 -1 -1 -1 -1 -1 -1 -1 -1 -1 
-1 -1 -1 0 1 -1 -1 -1 -1 -1 -1 -1 -1 -1 -1 
-1 -1 -1 0 1 -1 -1 -1 -1 -1 -1 -1 -1 -1 -1 
-1 -1 -1 0 1 -1 -1 -1 -1 -1 -1 -1 -1 -1 -1 
-1 -1 -1 0 1 -1 -1 -1 -1 -1 -1 -1 -1 -1 -1 
-1 -1 -1 0 1 -1 -1 -1 -1 -1 -1 -1 -1 -1 -1 
-1 -1 -1 0 1 -1 -1 -1 -1 -1 -1 -1 -1 -1 -1 
-1 -1 -1 -1 -1 -1 -1 -1 -1 -1 -1 -1 -1 -1 -1 
END
15 0
0 2
14 4
-1 -1 0 0 1 -1 -1 -1 -1 -1 -1 -1 -1 -1 -1 
-1 -1 -1 0 1 -1 -1 -1 -1 -1 -1 -1 -1 -1 -1 
-1 -1 -1 0 1 -1 -1 -1 -1 -1 -1 -1 -1 -1 -1 
-1 -1 -1 0 1 -1 -1 -1 -1 -1 -1 -1 -1 -1 -1 
-1 -1 -1 0 1 -1 -1 -1 -1 -1 -1 -1 -1 -1 -1 
-1 -1 -1 0 1 -1 -1 -1 -1 -1 -1 -1 -1 -1 -1 
-1 -1 -1 0 1 -1 -1 -1 -1 -1 -1 -1 -1 -1 -1 
-1 -1 -1 0 1 -1 -1 -1 -1 -1 -1 -1 -1 -1 -1 
-1 -1 -1 0 1 -1 -1 -1 -1 -1 -1 -1 -1 -1 -1 
-1 -1 -1 0 1 -1 -1 -1 -1 -1 -1 -1 -1 -1 -1 
-1 -1 -1 0 1 -1 -1 -1 -1 -1 -1 -1 -1 -1 -1 
-1 -1 -1 0 1 -1 -1 -1 -1 -1 -1 -1 -1 -1 -1 
-1 -1 -1 0 1 -1 -1 -1 -1 -1 -1 -1 -1 -1 -1 
-1 -1 -1 0 1 -1 -1 -1 -1 -1 -1 -1 -1 -1 -1 
-1 -1 -1 -1 1 -1 -1 -1 -1 -1 -1 -1 -1 -1 -1 
END
15 0
1 2
14 3
-1 -1 0 0 1 -1 -1 -1 -1 -1 -1 -1 -1 -1 -1 
-1 -1 0 0 1 -1 -1 -1 -1 -1 -1 -1 -1 -1 -1 
-1 -1 -1 0 1 -1 -1 -1 -1 -1 -1 -1 -1 -1 -1 
-1 -1 -1 0 1 -1 -1 -1 -1 -1 -1 -1 -1 -1 -1 
-1 -1 -1 0 1 -1 -1 -1 -1 -1 -1 -1 -1 -1 -1 
-1 -1 -1 0 1 -1 -1 -1 -1 -1 -1 -1 -1 -1 -1 
-1 -1 -1 0 1 -1 -1 -1 -1 -1 -1 -1 -1 -1 -1 
-1 -1 -1 0 1 -1 -1 -1 -1 -1 -1 -1 -1 -1 -1 
-1 -1 -1 0 1 -1 -1 -1 -1 -1 -1 -1 -1 -1 -1 
-1 -1 -1 0 1 -1 -1 -1 -1 -1 -1 -1 -1 -1 -1 
-1 -1 -1 0 1 -1 -1 -1 -1 -1 -1 -1 -1 -1 -1 
-1 -1 -1 0 1 -1 -1 -1 -1 -1 -1 -1 -1 -1 -1 
-1 -1 -1 0 1 -1 -1 -1 -1 -1 -1 -1 -1 -1 -1 
-1 -1 -1 0 1 -1 -1 -1 -1 -1 -1 -1 -1 -1 -1 
-1 -1 -1 1 1 -1 -1 -1 -1 -1 -1 -1 -1 -1 -1 
END
15 0
2 2
14 2
-1 -1 0 0 1 -1 -1 -1 -1 -1 -1 -1 -1 -1 -1 
-1 -1 0 0 1 -1 -1 -1 -1 -1 -1 -1 -1 -1 -1 
-1 -1 0 0 1 -1 -1 -1 -1 -1 -1 -1 -1 -1 -1 
-1 -1 -1 0 1 -1 -1 -1 -1 -1 -1 -1 -1 -1 -1 
-1 -1 -1 0 1 -1 -1 -1 -1 -1 -1 -1 -1 -1 -1 
-1 -1 -1 0 1 -1 -1 -1 -1 -1 -1 -1 -1 -1 -1 
-1 -1 -1 0 1 -1 -1 -1 -1 -1 -1 -1 -1 -1 -1 
-1 -1 -1 0 1 -1 -1 -1 -1 -1 -1 -1 -1 -1 -1 
-1 -1 -1 0 1 -1 -1 -1 -1 -1 -1 -1 -1 -1 -1 
-1 -1 -1 0 1 -1 -1 -1 -1 -1 -1 -1 -1 -1 -1 
-1 -1 -1 0 1 -1 -1 -1 -1 -1 -1 -1 -1 -1 -1 
-1 -1 -1 0 1 -1 -1 -1 -1 -1 -1 -1 -1 -1 -1 
-1 -1 -1 0 1 -1 -1 -1 -1 -1 -1 -1 -1 -1 -1 
-1 -1 -1 0 1 -1 -1 -1 -1 -1 -1 -1 -1 -1 -1 
-1 -1 1 1 1 -1 -1 -1 -1 -1 -1 -1 -1 -1 -1 
END
15 0
3 2
13 2
-1 -1 0 0 1 -1 -1 -1 -1 -1 -1 -1 -1 -1 -1 
-1 -1 0 0 1 -1 -1 -1 -1 -1 -1 -1 -1 -1 -1 
-1 -1 0 0 1 -1 -1 -1 -1 -1 -1 -1 -1 -1 -1 
-1 -1 0 0 1 -1 -1 -1 -1 -1 -1 -1 -1 -1 -1 
-1 -1 -1 0 1 -1 -1 -1 -1 -1 -1 -1 -1 -1 -1 
-1 -1 -1 0 1 -1 -1 -1 -1 -1 -1 -1 -1 -1 -1 
-1 -1 -1 0 1 -1 -1 -1 -1 -1 -1 -1 -1 -1 -1 
-1 -1 -1 0 1 -1 -1 -1 -1 -1 -1 -1 -1 -1 -1 
-1 -1 -1 0 1 -1 -1 -1 -1 -1 -1 -1 -1 -1 -1 
-1 -1 -1 0 1 -1 -1 -1 -1 -1 -1 -1 -1 -1 -1 
-1 -1 -1 0 1 -1 -1 -1 -1 -1 -1 -1 -1 -1 -1 
-1 -1 -1 0 1 -1 -1 -1 -1 -1 -1 -1 -1 -1 -1 
-1 -1 -1 0 1 -1 -1 -1 -1 -1 -1 -1 -1 -1 -1 
-1 -1 1 0 1 -1 -1 -1 -1 -1 -1 -1 -1 -1 -1 
-1 -1 1 1 1 -1 -1 -1 -1 -1 -1 -1 -1 -1 -1 
END
15 0
4 2
12 2
-1 -1 0 0 1 -1 -1 -1 -1 -1 -1 -1 -1 -1 -1 
-1 -1 0 0 1 -1 -1 -1 -1 -1 -1 -1 -1 -1 -1 
-1 -1 0 0 1 -1 -1 -1 -1 -1 -1 -1 -1 -1 -1 
-1 -1 0 0 1 -1 -1 -1 -1 -1 -1 -1 -1 -1 -1 
-1 -1 0 0 1 -1 -1 -1 -1 -1 -1 -1 -1 -1 -1 
-1 -1 -1 0 1 -1 -1 -1 -1 -1 -1 -1 -1 -1 -1 
-1 -1 -1 0 1 -1 -1 -1 -1 -1 -1 -1 -1 -1 -1 
-1 -1 -1 0 1 -1 -1 -1 -1 -1 -1 -1 -1 -1 -1 
-1 -1 -1 0 1 -1 -1 -1 -1 -1 -1 -1 -1 -1 -1 
-1 -1 -1 0 1 -1 -1 -1 -1 -1 -1 -1 -1 -1 -1 
-1 -1 -1 0 1 -1 -1 -1 -1 -1 -1 -1 -1 -1 -1 
-1 -1 -1 0 1 -1 -1 -1 -1 -1 -1 -1 -1 -1 -1 
-1 -1 1 0 1 -1 -1 -1 -1 -1 -1 -1 -1 -1 -1 
-1 -1 1 0 1 -1 -1 -1 -1 -1 -1 -1 -1 -1 -1 
-1 -1 1 1 1 -1 -1 -1 -1 -1 -1 -1 -1 -1 -1 
END
15 0
5 2
11 2
-1 -1 0 0 1 -1 -1 -1 -1 -1 -1 -1 -1 -1 -1 
-1 -1 0 0 1 -1 -1 -1 -1 -1 -1 -1 -1 -1 -1 
-1 -1 0 0 1 -1 -1 -1 -1 -1 -1 -1 -1 -1 -1 
-1 -1 0 0 1 -1 -1 -1 -1 -1 -1 -1 -1 -1 -1 
-1 -1 0 0 1 -1 -1 -1 -1 -1 -1 -1 -1 -1 -1 
-1 -1 0 0 1 -1 -1 -1 -1 -1 -1 -1 -1 -1 -1 
-1 -1 -1 0 1 -1 -1 -1 -1 -1 -1 -1 -1 -1 -1 
-1 -1 -1 0 1 -1 -1 -1 -1 -1 -1 -1 -1 -1 -1 
-1 -1 -1 0 1 -1 -1 -1 -1 -1 -1 -1 -1 -1 -1 
-1 -1 -1 0 1 -1 -1 -1 -1 -1 -1 -1 -1 -1 -1 
-1 -1 -1 0 1 -1 -1 -1 -1 -1 -1 -1 -1 -1 -1 
-1 -1 1 0 1 -1 -1 -1 -1 -1 -1 -1 -1 -1 -1 
-1 -1 1 0 1 -1 -1 -1 -1 -1 -1 -1 -1 -1 -1 
-1 -1 1 0 1 -1 -1 -1 -1 -1 -1 -1 -1 -1 -1 
-1 -1 1 1 1 -1 -1 -1 -1 -1 -1 -1 -1 -1 -1 
END
15 0
6 2
10 2
-1 -1 0 0 1 -1 -1 -1 -1 -1 -1 -1 -1 -1 -1 
-1 -1 0 0 1 -1 -1 -1 -1 -1 -1 -1 -1 -1 -1 
-1 -1 0 0 1 -1 -1 -1 -1 -1 -1 -1 -1 -1 -1 
-1 -1 0 0 1 -1 -1 -1 -1 -1 -1 -1 -1 -1 -1 
-1 -1 0 0 1 -1 -1 -1 -1 -1 -1 -1 -1 -1 -1 
-1 -1 0 0 1 -1 -1 -1 -1 -1 -1 -1 -1 -1 -1 
-1 -1 0 0 1 -1 -1 -1 -1 -1 -1 -1 -1 -1 -1 
-1 -1 -1 0 1 -1 -1 -1 -1 -1 -1 -1 -1 -1 -1 
-1 -1 -1 0 1 -1 -1 -1 -1 -1 -1 -1 -1 -1 -1 
-1 -1 -1 0 1 -1 -1 -1 -1 -1 -1 -1 -1 -1 -1 
-1 -1 1 0 1 -1 -1 -1 -1 -1 -1 -1 -1 -1 -1 
-1 -1 1 0 1 -1 -1 -1 -1 -1 -1 -1 -1 -1 -1 
-1 -1 1 0 1 -1 -1 -1 -1 -1 -1 -1 -1 -1 -1 
-1 -1 1 0 1 -1 -1 -1 -1 -1 -1 -1 -1 -1 -1 
-1 -1 1 1 1 -1 -1 -1 -1 -1 -1 -1 -1 -1 -1 
END
15 0
7 2
9 2
-1 -1 0 0 1 -1 -1 -1 -1 -1 -1 -1 -1 -1 -1 
-1 -1 0 0 1 -1 -1 -1 -1 -1 -1 -1 -1 -1 -1 
-1 -1 0 0 1 -1 -1 -1 -1 -1 -1 -1 -1 -1 -1 
-1 -1 0 0 1 -1 -1 -1 -1 -1 -1 -1 -1 -1 -1 
-1 -1 0 0 1 -1 -1 -1 -1 -1 -1 -1 -1 -1 -1 
-1 -1 0 0 1 -1 -1 -1 -1 -1 -1 -1 -1 -1 -1 
-1 -1 0 0 1 -1 -1 -1 -1 -1 -1 -1 -1 -1 -1 
-1 -1 0 0 1 -1 -1 -1 -1 -1 -1 -1 -1 -1 -1 
-1 -1 -1 0 1 -1 -1 -1 -1 -1 -1 -1 -1 -1 -1 
-1 -1 1 0 1 -1 -1 -1 -1 -1 -1 -1 -1 -1 -1 
-1 -1 1 0 1 -1 -1 -1 -1 -1 -1 -1 -1 -1 -1 
-1 -1 1 0 1 -1 -1 -1 -1 -1 -1 -1 -1 -1 -1 
-1 -1 1 0 1 -1 -1 -1 -1 -1 -1 -1 -1 -1 -1 
-1 -1 1 0 1 -1 -1 -1 -1 -1 -1 -1 -1 -1 -1 
-1 -1 1 1 1 -1 -1 -1 -1 -1 -1 -1 -1 -1 -1 
END
