3.513079512016857864e-01
3.961961437149368326e-01
3.961961437149368326e-01
3.961961437149368326e-01
6.116354949448525868e-01
6.731217030021994230e-01
6.731217030021994230e-01
6.908102548818516597e-01
8.727444437365179386e-01
8.727444437365179386e-01
8.727444437365179386e-01
8.727444437365179386e-01
8.833244726145450532e-01
8.833244726145450532e-01
8.833244726145450532e-01
8.859013345730473166e-01
8.859013345730473166e-01
8.859013345730473166e-01
8.859013345730473166e-01
8.859013345730473166e-01
9.079375816951748002e-01
9.079375816951748002e-01
9.079375816951748002e-01
9.079375816951748002e-01
9.079375816951748002e-01
9.079375816951748002e-01
9.079375816951748002e-01
9.079375816951748002e-01
9.079375816951748002e-01
9.079375816951748002e-01
9.079375816951748002e-01
9.120918746317099313e-01
9.237469127741056996e-01
9.248250231577503921e-01
9.248250231577503921e-01
9.248250231577503921e-01
9.248250231577503921e-01
9.248250231577503921e-01
9.248250231577503921e-01
9.248250231577503921e-01
9.248250231577503921e-01
9.248250231577503921e-01
9.248250231577503921e-01
9.255260014434798510e-01
9.255260014434798510e-01
9.255260014434798510e-01
9.255260014434798510e-01
9.255260014434798510e-01
9.255260014434798510e-01
9.255260014434798510e-01
9.255754680347576535e-01
9.255754680347576535e-01
9.255754680347576535e-01
9.255754680347576535e-01
9.255754680347576535e-01
9.255754680347576535e-01
9.255754680347576535e-01
9.255754680347576535e-01
9.255754680347576535e-01
9.271832324287694327e-01
9.271832324287694327e-01
9.272590473480566420e-01
9.272590473480566420e-01
9.272590473480566420e-01
9.303014900806660936e-01
9.303014900806660936e-01
9.303014900806660936e-01
9.303014900806660936e-01
9.303014900806660936e-01
9.303014900806660936e-01
9.303014900806660936e-01
9.303014900806660936e-01
9.303014900806660936e-01
9.303014900806660936e-01
9.303014900806660936e-01
9.303014900806660936e-01
9.303014900806660936e-01
9.310452065967929070e-01
9.310452065967929070e-01
9.310452065967929070e-01
9.310452065967929070e-01
9.310452065967929070e-01
9.329672991013719940e-01
9.329672991013719940e-01
9.329672991013719940e-01
9.329672991013719940e-01
9.329672991013719940e-01
9.329672991013719940e-01
9.329672991013719940e-01
9.329672991013719940e-01
9.329672991013719940e-01
9.329672991013719940e-01
9.329672991013719940e-01
9.329672991013719940e-01
9.329672991013719940e-01
9.329672991013719940e-01
9.329672991013719940e-01
9.329672991013719940e-01
9.329672991013719940e-01
9.329672991013719940e-01
9.329672991013719940e-01
