15 1
14 4
4 2
-1 -1 -1 -1 -1 -1 -1 -1 -1 -1 -1 -1 -1 -1 -1 
-1 -1 -1 -1 -1 -1 -1 -1 -1 -1 -1 -1 -1 -1 -1 
-1 -1 -1 -1 -1 -1 -1 -1 -1 -1 -1 -1 -1 -1 -1 
-1 -1 -1 -1 -1 -1 -1 -1 -1 -1 -1 -1 -1 -1 -1 
-1 -1 1 -1 -1 -1 -1 -1 -1 -1 -1 -1 -1 -1 -1 
-1 -1 -1 -1 -1 -1 -1 -1 -1 -1 -1 -1 -1 -1 -1 
-1 -1 -1 -1 -1 -1 -1 -1 -1 -1 -1 -1 -1 -1 -1 
-1 -1 -1 -1 -1 -1 -1 -1 -1 -1 -1 -1 -1 -1 -1 
-1 -1 -1 -1 -1 -1 -1 -1 -1 -1 -1 -1 -1 -1 -1 
-1 -1 -1 -1 -1 -1 -1 -1 -1 -1 -1 -1 -1 -1 -1 
-1 -1 -1 -1 -1 -1 -1 -1 -1 -1 -1 -1 -1 -1 -1 
-1 -1 -1 -1 -1 -1 -1 -1 -1 -1 -1 -1 -1 -1 -1 
-1 -1 -1 -1 -1 -1 -1 -1 -1 -1 -1 -1 -1 -1 -1 
-1 -1 -1 -1 -1 -1 -1 -1 -1 -1 -1 -1 -1 -1 -1 
-1 -1 -1 -1 0 -1 -1 -1 -1 -1 -1 -1 -1 -1 -1 
END
15 1
13 4
3 2
-1 -1 -1 -1 -1 -1 -1 -1 -1 -1 -1 -1 -1 -1 -1 
-1 -1 -1 -1 -1 -1 -1 -1 -1 -1 -1 -1 -1 -1 -1 
-1 -1 -1 -1 -1 -1 -1 -1 -1 -1 -1 -1 -1 -1 -1 
-1 -1 1 -1 -1 -1 -1 -1 -1 -1 -1 -1 -1 -1 -1 
-1 -1 1 -1 -1 -1 -1 -1 -1 -1 -1 -1 -1 -1 -1 
-1 -1 -1 -1 -1 -1 -1 -1 -1 -1 -1 -1 -1 -1 -1 
-1 -1 -1 -1 -1 -1 -1 -1 -1 -1 -1 -1 -1 -1 -1 
-1 -1 -1 -1 -1 -1 -1 -1 -1 -1 -1 -1 -1 -1 -1 
-1 -1 -1 -1 -1 -1 -1 -1 -1 -1 -1 -1 -1 -1 -1 
-1 -1 -1 -1 -1 -1 -1 -1 -1 -1 -1 -1 -1 -1 -1 
-1 -1 -1 -1 -1 -1 -1 -1 -1 -1 -1 -1 -1 -1 -1 
-1 -1 -1 -1 -1 -1 -1 -1 -1 -1 -1 -1 -1 -1 -1 
-1 -1 -1 -1 -1 -1 -1 -1 -1 -1 -1 -1 -1 -1 -1 
-1 -1 -1 -1 0 -1 -1 -1 -1 -1 -1 -1 -1 -1 -1 
-1 -1 -1 -1 0 -1 -1 -1 -1 -1 -1 -1 -1 -1 -1 
END
15 1
12 4
2 2
-1 -1 -1 -1 -1 -1 -1 -1 -1 -1 -1 -1 -1 -1 -1 
-1 -1 -1 -1 -1 -1 -1 -1 -1 -1 -1 -1 -1 -1 -1 
-1 -1 1 -1 -1 -1 -1 -1 -1 -1 -1 -1 -1 -1 -1 
-1 -1 1 -1 -1 -1 -1 -1 -1 -1 -1 -1 -1 -1 -1 
-1 -1 1 -1 -1 -1 -1 -1 -1 -1 -1 -1 -1 -1 -1 
-1 -1 -1 -1 -1 -1 -1 -1 -1 -1 -1 -1 -1 -1 -1 
-1 -1 -1 -1 -1 -1 -1 -1 -1 -1 -1 -1 -1 -1 -1 
-1 -1 -1 -1 -1 -1 -1 -1 -1 -1 -1 -1 -1 -1 -1 
-1 -1 -1 -1 -1 -1 -1 -1 -1 -1 -1 -1 -1 -1 -1 
-1 -1 -1 -1 -1 -1 -1 -1 -1 -1 -1 -1 -1 -1 -1 
-1 -1 -1 -1 -1 -1 -1 -1 -1 -1 -1 -1 -1 -1 -1 
-1 -1 -1 -1 -1 -1 -1 -1 -1 -1 -1 -1 -1 -1 -1 
-1 -1 -1 -1 0 -1 -1 -1 -1 -1 -1 -1 -1 -1 -1 
-1 -1 -1 -1 0 -1 -1 -1 -1 -1 -1 -1 -1 -1 -1 
-1 -1 -1 -1 0 -1 -1 -1 -1 -1 -1 -1 -1 -1 -1 
END
15 1
11 4
1 2
-1 -1 -1 -1 -1 -1 -1 -1 -1 -1 -1 -1 -1 -1 -1 
-1 -1 1 -1 -1 -1 -1 -1 -1 -1 -1 -1 -1 -1 -1 
-1 -1 1 -1 -1 -1 -1 -1 -1 -1 -1 -1 -1 -1 -1 
-1 -1 1 -1 -1 -1 -1 -1 -1 -1 -1 -1 -1 -1 -1 
-1 -1 1 -1 -1 -1 -1 -1 -1 -1 -1 -1 -1 -1 -1 
-1 -1 -1 -1 -1 -1 -1 -1 -1 -1 -1 -1 -1 -1 -1 
-1 -1 -1 -1 -1 -1 -1 -1 -1 -1 -1 -1 -1 -1 -1 
-1 -1 -1 -1 -1 -1 -1 -1 -1 -1 -1 -1 -1 -1 -1 
-1 -1 -1 -1 -1 -1 -1 -1 -1 -1 -1 -1 -1 -1 -1 
-1 -1 -1 -1 -1 -1 -1 -1 -1 -1 -1 -1 -1 -1 -1 
-1 -1 -1 -1 -1 -1 -1 -1 -1 -1 -1 -1 -1 -1 -1 
-1 -1 -1 -1 0 -1 -1 -1 -1 -1 -1 -1 -1 -1 -1 
-1 -1 -1 -1 0 -1 -1 -1 -1 -1 -1 -1 -1 -1 -1 
-1 -1 -1 -1 0 -1 -1 -1 -1 -1 -1 -1 -1 -1 -1 
-1 -1 -1 -1 0 -1 -1 -1 -1 -1 -1 -1 -1 -1 -1 
END
15 1
10 4
0 2
-1 -1 1 -1 -1 -1 -1 -1 -1 -1 -1 -1 -1 -1 -1 
-1 -1 1 -1 -1 -1 -1 -1 -1 -1 -1 -1 -1 -1 -1 
-1 -1 1 -1 -1 -1 -1 -1 -1 -1 -1 -1 -1 -1 -1 
-1 -1 1 -1 -1 -1 -1 -1 -1 -1 -1 -1 -1 -1 -1 
-1 -1 1 -1 -1 -1 -1 -1 -1 -1 -1 -1 -1 -1 -1 
-1 -1 -1 -1 -1 -1 -1 -1 -1 -1 -1 -1 -1 -1 -1 
-1 -1 -1 -1 -1 -1 -1 -1 -1 -1 -1 -1 -1 -1 -1 
-1 -1 -1 -1 -1 -1 -1 -1 -1 -1 -1 -1 -1 -1 -1 
-1 -1 -1 -1 -1 -1 -1 -1 -1 -1 -1 -1 -1 -1 -1 
-1 -1 -1 -1 -1 -1 -1 -1 -1 -1 -1 -1 -1 -1 -1 
-1 -1 -1 -1 0 -1 -1 -1 -1 -1 -1 -1 -1 -1 -1 
-1 -1 -1 -1 0 -1 -1 -1 -1 -1 -1 -1 -1 -1 -1 
-1 -1 -1 -1 0 -1 -1 -1 -1 -1 -1 -1 -1 -1 -1 
-1 -1 -1 -1 0 -1 -1 -1 -1 -1 -1 -1 -1 -1 -1 
-1 -1 -1 -1 0 -1 -1 -1 -1 -1 -1 -1 -1 -1 -1 
END
15 1
9 4
0 1
-1 1 1 -1 -1 -1 -1 -1 -1 -1 -1 -1 -1 -1 -1 
-1 -1 1 -1 -1 -1 -1 -1 -1 -1 -1 -1 -1 -1 -1 
-1 -1 1 -1 -1 -1 -1 -1 -1 -1 -1 -1 -1 -1 -1 
-1 -1 1 -1 -1 -1 -1 -1 -1 -1 -1 -1 -1 -1 -1 
-1 -1 1 -1 -1 -1 -1 -1 -1 -1 -1 -1 -1 -1 -1 
-1 -1 -1 -1 -1 -1 -1 -1 -1 -1 -1 -1 -1 -1 -1 
-1 -1 -1 -1 -1 -1 -1 -1 -1 -1 -1 -1 -1 -1 -1 
-1 -1 -1 -1 -1 -1 -1 -1 -1 -1 -1 -1 -1 -1 -1 
-1 -1 -1 -1 -1 -1 -1 -1 -1 -1 -1 -1 -1 -1 -1 
-1 -1 -1 -1 0 -1 -1 -1 -1 -1 -1 -1 -1 -1 -1 
-1 -1 -1 -1 0 -1 -1 -1 -1 -1 -1 -1 -1 -1 -1 
-1 -1 -1 -1 0 -1 -1 -1 -1 -1 -1 -1 -1 -1 -1 
-1 -1 -1 -1 0 -1 -1 -1 -1 -1 -1 -1 -1 -1 -1 
-1 -1 -1 -1 0 -1 -1 -1 -1 -1 -1 -1 -1 -1 -1 
-1 -1 -1 -1 0 -1 -1 -1 -1 -1 -1 -1 -1 -1 -1 
END
15 1
8 4
1 1
-1 1 1 -1 -1 -1 -1 -1 -1 -1 -1 -1 -1 -1 -1 
-1 1 1 -1 -1 -1 -1 -1 -1 -1 -1 -1 -1 -1 -1 
-1 -1 1 -1 -1 -1 -1 -1 -1 -1 -1 -1 -1 -1 -1 
-1 -1 1 -1 -1 -1 -1 -1 -1 -1 -1 -1 -1 -1 -1 
-1 -1 1 -1 -1 -1 -1 -1 -1 -1 -1 -1 -1 -1 -1 
-1 -1 -1 -1 -1 -1 -1 -1 -1 -1 -1 -1 -1 -1 -1 
-1 -1 -1 -1 -1 -1 -1 -1 -1 -1 -1 -1 -1 -1 -1 
-1 -1 -1 -1 -1 -1 -1 -1 -1 -1 -1 -1 -1 -1 -1 
-1 -1 -1 -1 0 -1 -1 -1 -1 -1 -1 -1 -1 -1 -1 
-1 -1 -1 -1 0 -1 -1 -1 -1 -1 -1 -1 -1 -1 -1 
-1 -1 -1 -1 0 -1 -1 -1 -1 -1 -1 -1 -1 -1 -1 
-1 -1 -1 -1 0 -1 -1 -1 -1 -1 -1 -1 -1 -1 -1 
-1 -1 -1 -1 0 -1 -1 -1 -1 -1 -1 -1 -1 -1 -1 
-1 -1 -1 -1 0 -1 -1 -1 -1 -1 -1 -1 -1 -1 -1 
-1 -1 -1 -1 0 -1 -1 -1 -1 -1 -1 -1 -1 -1 -1 
END
15 1
7 4
2 1
-1 1 1 -1 -1 -1 -1 -1 -1 -1 -1 -1 -1 -1 -1 
-1 1 1 -1 -1 -1 -1 -1 -1 -1 -1 -1 -1 -1 -1 
-1 1 1 -1 -1 -1 -1 -1 -1 -1 -1 -1 -1 -1 -1 
-1 -1 1 -1 -1 -1 -1 -1 -1 -1 -1 -1 -1 -1 -1 
-1 -1 1 -1 -1 -1 -1 -1 -1 -1 -1 -1 -1 -1 -1 
-1 -1 -1 -1 -1 -1 -1 -1 -1 -1 -1 -1 -1 -1 -1 
-1 -1 -1 -1 -1 -1 -1 -1 -1 -1 -1 -1 -1 -1 -1 
-1 -1 -1 -1 0 -1 -1 -1 -1 -1 -1 -1 -1 -1 -1 
-1 -1 -1 -1 0 -1 -1 -1 -1 -1 -1 -1 -1 -1 -1 
-1 -1 -1 -1 0 -1 -1 -1 -1 -1 -1 -1 -1 -1 -1 
-1 -1 -1 -1 0 -1 -1 -1 -1 -1 -1 -1 -1 -1 -1 
-1 -1 -1 -1 0 -1 -1 -1 -1 -1 -1 -1 -1 -1 -1 
-1 -1 -1 -1 0 -1 -1 -1 -1 -1 -1 -1 -1 -1 -1 
-1 -1 -1 -1 0 -1 -1 -1 -1 -1 -1 -1 -1 -1 -1 
-1 -1 -1 -1 0 -1 -1 -1 -1 -1 -1 -1 -1 -1 -1 
END
15 1
6 4
3 1
-1 1 1 -1 -1 -1 -1 -1 -1 -1 -1 -1 -1 -1 -1 
-1 1 1 -1 -1 -1 -1 -1 -1 -1 -1 -1 -1 -1 -1 
-1 1 1 -1 -1 -1 -1 -1 -1 -1 -1 -1 -1 -1 -1 
-1 1 1 -1 -1 -1 -1 -1 -1 -1 -1 -1 -1 -1 -1 
-1 -1 1 -1 -1 -1 -1 -1 -1 -1 -1 -1 -1 -1 -1 
-1 -1 -1 -1 -1 -1 -1 -1 -1 -1 -1 -1 -1 -1 -1 
-1 -1 -1 -1 0 -1 -1 -1 -1 -1 -1 -1 -1 -1 -1 
-1 -1 -1 -1 0 -1 -1 -1 -1 -1 -1 -1 -1 -1 -1 
-1 -1 -1 -1 0 -1 -1 -1 -1 -1 -1 -1 -1 -1 -1 
-1 -1 -1 -1 0 -1 -1 -1 -1 -1 -1 -1 -1 -1 -1 
-1 -1 -1 -1 0 -1 -1 -1 -1 -1 -1 -1 -1 -1 -1 
-1 -1 -1 -1 0 -1 -1 -1 -1 -1 -1 -1 -1 -1 -1 
-1 -1 -1 -1 0 -1 -1 -1 -1 -1 -1 -1 -1 -1 -1 
-1 -1 -1 -1 0 -1 -1 -1 -1 -1 -1 -1 -1 -1 -1 
-1 -1 -1 -1 0 -1 -1 -1 -1 -1 -1 -1 -1 -1 -1 
END
15 1
5 4
4 1
-1 1 1 -1 -1 -1 -1 -1 -1 -1 -1 -1 -1 -1 -1 
-1 1 1 -1 -1 -1 -1 -1 -1 -1 -1 -1 -1 -1 -1 
-1 1 1 -1 -1 -1 -1 -1 -1 -1 -1 -1 -1 -1 -1 
-1 1 1 -1 -1 -1 -1 -1 -1 -1 -1 -1 -1 -1 -1 
-1 1 1 -1 -1 -1 -1 -1 -1 -1 -1 -1 -1 -1 -1 
-1 -1 -1 -1 0 -1 -1 -1 -1 -1 -1 -1 -1 -1 -1 
-1 -1 -1 -1 0 -1 -1 -1 -1 -1 -1 -1 -1 -1 -1 
-1 -1 -1 -1 0 -1 -1 -1 -1 -1 -1 -1 -1 -1 -1 
-1 -1 -1 -1 0 -1 -1 -1 -1 -1 -1 -1 -1 -1 -1 
-1 -1 -1 -1 0 -1 -1 -1 -1 -1 -1 -1 -1 -1 -1 
-1 -1 -1 -1 0 -1 -1 -1 -1 -1 -1 -1 -1 -1 -1 
-1 -1 -1 -1 0 -1 -1 -1 -1 -1 -1 -1 -1 -1 -1 
-1 -1 -1 -1 0 -1 -1 -1 -1 -1 -1 -1 -1 -1 -1 
-1 -1 -1 -1 0 -1 -1 -1 -1 -1 -1 -1 -1 -1 -1 
-1 -1 -1 -1 0 -1 -1 -1 -1 -1 -1 -1 -1 -1 -1 
END
15 1
4 4
5 1
-1 1 1 -1 -1 -1 -1 -1 -1 -1 -1 -1 -1 -1 -1 
-1 1 1 -1 -1 -1 -1 -1 -1 -1 -1 -1 -1 -1 -1 
-1 1 1 -1 -1 -1 -1 -1 -1 -1 -1 -1 -1 -1 -1 
-1 1 1 -1 -1 -1 -1 -1 -1 -1 -1 -1 -1 -1 -1 
-1 1 1 -1 0 -1 -1 -1 -1 -1 -1 -1 -1 -1 -1 
-1 1 -1 -1 0 -1 -1 -1 -1 -1 -1 -1 -1 -1 -1 
-1 -1 -1 -1 0 -1 -1 -1 -1 -1 -1 -1 -1 -1 -1 
-1 -1 -1 -1 0 -1 -1 -1 -1 -1 -1 -1 -1 -1 -1 
-1 -1 -1 -1 0 -1 -1 -1 -1 -1 -1 -1 -1 -1 -1 
-1 -1 -1 -1 0 -1 -1 -1 -1 -1 -1 -1 -1 -1 -1 
-1 -1 -1 -1 0 -1 -1 -1 -1 -1 -1 -1 -1 -1 -1 
-1 -1 -1 -1 0 -1 -1 -1 -1 -1 -1 -1 -1 -1 -1 
-1 -1 -1 -1 0 -1 -1 -1 -1 -1 -1 -1 -1 -1 -1 
-1 -1 -1 -1 0 -1 -1 -1 -1 -1 -1 -1 -1 -1 -1 
-1 -1 -1 -1 0 -1 -1 -1 -1 -1 -1 -1 -1 -1 -1 
END
15 1
3 4
6 1
-1 1 1 -1 -1 -1 -1 -1 -1 -1 -1 -1 -1 -1 -1 
-1 1 1 -1 -1 -1 -1 -1 -1 -1 -1 -1 -1 -1 -1 
-1 1 1 -1 -1 -1 -1 -1 -1 -1 -1 -1 -1 -1 -1 
-1 1 1 -1 0 -1 -1 -1 -1 -1 -1 -1 -1 -1 -1 
-1 1 1 -1 0 -1 -1 -1 -1 -1 -1 -1 -1 -1 -1 
-1 1 -1 -1 0 -1 -1 -1 -1 -1 -1 -1 -1 -1 -1 
-1 1 -1 -1 0 -1 -1 -1 -1 -1 -1 -1 -1 -1 -1 
-1 -1 -1 -1 0 -1 -1 -1 -1 -1 -1 -1 -1 -1 -1 
-1 -1 -1 -1 0 -1 -1 -1 -1 -1 -1 -1 -1 -1 -1 
-1 -1 -1 -1 0 -1 -1 -1 -1 -1 -1 -1 -1 -1 -1 
-1 -1 -1 -1 0 -1 -1 -1 -1 -1 -1 -1 -1 -1 -1 
-1 -1 -1 -1 0 -1 -1 -1 -1 -1 -1 -1 -1 -1 -1 
-1 -1 -1 -1 0 -1 -1 -1 -1 -1 -1 -1 -1 -1 -1 
-1 -1 -1 -1 0 -1 -1 -1 -1 -1 -1 -1 -1 -1 -1 
-1 -1 -1 -1 0 -1 -1 -1 -1 -1 -1 -1 -1 -1 -1 
END
15 1
2 4
7 1
-1 1 1 -1 -1 -1 -1 -1 -1 -1 -1 -1 -1 -1 -1 
-1 1 1 -1 -1 -1 -1 -1 -1 -1 -1 -1 -1 -1 -1 
-1 1 1 -1 0 -1 -1 -1 -1 -1 -1 -1 -1 -1 -1 
-1 1 1 -1 0 -1 -1 -1 -1 -1 -1 -1 -1 -1 -1 
-1 1 1 -1 0 -1 -1 -1 -1 -1 -1 -1 -1 -1 -1 
-1 1 -1 -1 0 -1 -1 -1 -1 -1 -1 -1 -1 -1 -1 
-1 1 -1 -1 0 -1 -1 -1 -1 -1 -1 -1 -1 -1 -1 
-1 1 -1 -1 0 -1 -1 -1 -1 -1 -1 -1 -1 -1 -1 
-1 -1 -1 -1 0 -1 -1 -1 -1 -1 -1 -1 -1 -1 -1 
-1 -1 -1 -1 0 -1 -1 -1 -1 -1 -1 -1 -1 -1 -1 
-1 -1 -1 -1 0 -1 -1 -1 -1 -1 -1 -1 -1 -1 -1 
-1 -1 -1 -1 0 -1 -1 -1 -1 -1 -1 -1 -1 -1 -1 
-1 -1 -1 -1 0 -1 -1 -1 -1 -1 -1 -1 -1 -1 -1 
-1 -1 -1 -1 0 -1 -1 -1 -1 -1 -1 -1 -1 -1 -1 
-1 -1 -1 -1 0 -1 -1 -1 -1 -1 -1 -1 -1 -1 -1 
END
15 1
1 4
8 1
-1 1 1 -1 -1 -1 -1 -1 -1 -1 -1 -1 -1 -1 -1 
-1 1 1 -1 0 -1 -1 -1 -1 -1 -1 -1 -1 -1 -1 
-1 1 1 -1 0 -1 -1 -1 -1 -1 -1 -1 -1 -1 -1 
-1 1 1 -1 0 -1 -1 -1 -1 -1 -1 -1 -1 -1 -1 
-1 1 1 -1 0 -1 -1 -1 -1 -1 -1 -1 -1 -1 -1 
-1 1 -1 -1 0 -1 -1 -1 -1 -1 -1 -1 -1 -1 -1 
-1 1 -1 -1 0 -1 -1 -1 -1 -1 -1 -1 -1 -1 -1 
-1 1 -1 -1 0 -1 -1 -1 -1 -1 -1 -1 -1 -1 -1 
-1 1 -1 -1 0 -1 -1 -1 -1 -1 -1 -1 -1 -1 -1 
-1 -1 -1 -1 0 -1 -1 -1 -1 -1 -1 -1 -1 -1 -1 
-1 -1 -1 -1 0 -1 -1 -1 -1 -1 -1 -1 -1 -1 -1 
-1 -1 -1 -1 0 -1 -1 -1 -1 -1 -1 -1 -1 -1 -1 
-1 -1 -1 -1 0 -1 -1 -1 -1 -1 -1 -1 -1 -1 -1 
-1 -1 -1 -1 0 -1 -1 -1 -1 -1 -1 -1 -1 -1 -1 
-1 -1 -1 -1 0 -1 -1 -1 -1 -1 -1 -1 -1 -1 -1 
END
15 1
0 4
9 1
-1 1 1 -1 0 -1 -1 -1 -1 -1 -1 -1 -1 -1 -1 
-1 1 1 -1 0 -1 -1 -1 -1 -1 -1 -1 -1 -1 -1 
-1 1 1 -1 0 -1 -1 -1 -1 -1 -1 -1 -1 -1 -1 
-1 1 1 -1 0 -1 -1 -1 -1 -1 -1 -1 -1 -1 -1 
-1 1 1 -1 0 -1 -1 -1 -1 -1 -1 -1 -1 -1 -1 
-1 1 -1 -1 0 -1 -1 -1 -1 -1 -1 -1 -1 -1 -1 
-1 1 -1 -1 0 -1 -1 -1 -1 -1 -1 -1 -1 -1 -1 
-1 1 -1 -1 0 -1 -1 -1 -1 -1 -1 -1 -1 -1 -1 
-1 1 -1 -1 0 -1 -1 -1 -1 -1 -1 -1 -1 -1 -1 
-1 1 -1 -1 0 -1 -1 -1 -1 -1 -1 -1 -1 -1 -1 
-1 -1 -1 -1 0 -1 -1 -1 -1 -1 -1 -1 -1 -1 -1 
-1 -1 -1 -1 0 -1 -1 -1 -1 -1 -1 -1 -1 -1 -1 
-1 -1 -1 -1 0 -1 -1 -1 -1 -1 -1 -1 -1 -1 -1 
-1 -1 -1 -1 0 -1 -1 -1 -1 -1 -1 -1 -1 -1 -1 
-1 -1 -1 -1 0 -1 -1 -1 -1 -1 -1 -1 -1 -1 -1 
END
15 1
0 3
10 1
-1 1 1 0 0 -1 -1 -1 -1 -1 -1 -1 -1 -1 -1 
-1 1 1 -1 0 -1 -1 -1 -1 -1 -1 -1 -1 -1 -1 
-1 1 1 -1 0 -1 -1 -1 -1 -1 -1 -1 -1 -1 -1 
-1 1 1 -1 0 -1 -1 -1 -1 -1 -1 -1 -1 -1 -1 
-1 1 1 -1 0 -1 -1 -1 -1 -1 -1 -1 -1 -1 -1 
-1 1 -1 -1 0 -1 -1 -1 -1 -1 -1 -1 -1 -1 -1 
-1 1 -1 -1 0 -1 -1 -1 -1 -1 -1 -1 -1 -1 -1 
-1 1 -1 -1 0 -1 -1 -1 -1 -1 -1 -1 -1 -1 -1 
-1 1 -1 -1 0 -1 -1 -1 -1 -1 -1 -1 -1 -1 -1 
-1 1 -1 -1 0 -1 -1 -1 -1 -1 -1 -1 -1 -1 -1 
-1 1 -1 -1 0 -1 -1 -1 -1 -1 -1 -1 -1 -1 -1 
-1 -1 -1 -1 0 -1 -1 -1 -1 -1 -1 -1 -1 -1 -1 
-1 -1 -1 -1 0 -1 -1 -1 -1 -1 -1 -1 -1 -1 -1 
-1 -1 -1 -1 0 -1 -1 -1 -1 -1 -1 -1 -1 -1 -1 
-1 -1 -1 -1 0 -1 -1 -1 -1 -1 -1 -1 -1 -1 -1 
END
15 1
1 3
11 1
-1 1 1 0 0 -1 -1 -1 -1 -1 -1 -1 -1 -1 -1 
-1 1 1 0 0 -1 -1 -1 -1 -1 -1 -1 -1 -1 -1 
-1 1 1 -1 0 -1 -1 -1 -1 -1 -1 -1 -1 -1 -1 
-1 1 1 -1 0 -1 -1 -1 -1 -1 -1 -1 -1 -1 -1 
-1 1 1 -1 0 -1 -1 -1 -1 -1 -1 -1 -1 -1 -1 
-1 1 -1 -1 0 -1 -1 -1 -1 -1 -1 -1 -1 -1 -1 
-1 1 -1 -1 0 -1 -1 -1 -1 -1 -1 -1 -1 -1 -1 
-1 1 -1 -1 0 -1 -1 -1 -1 -1 -1 -1 -1 -1 -1 
-1 1 -1 -1 0 -1 -1 -1 -1 -1 -1 -1 -1 -1 -1 
-1 1 -1 -1 0 -1 -1 -1 -1 -1 -1 -1 -1 -1 -1 
-1 1 -1 -1 0 -1 -1 -1 -1 -1 -1 -1 -1 -1 -1 
-1 1 -1 -1 0 -1 -1 -1 -1 -1 -1 -1 -1 -1 -1 
-1 -1 -1 -1 0 -1 -1 -1 -1 -1 -1 -1 -1 -1 -1 
-1 -1 -1 -1 0 -1 -1 -1 -1 -1 -1 -1 -1 -1 -1 
-1 -1 -1 -1 0 -1 -1 -1 -1 -1 -1 -1 -1 -1 -1 
END
15 1
2 3
12 1
-1 1 1 0 0 -1 -1 -1 -1 -1 -1 -1 -1 -1 -1 
-1 1 1 0 0 -1 -1 -1 -1 -1 -1 -1 -1 -1 -1 
-1 1 1 0 0 -1 -1 -1 -1 -1 -1 -1 -1 -1 -1 
-1 1 1 -1 0 -1 -1 -1 -1 -1 -1 -1 -1 -1 -1 
-1 1 1 -1 0 -1 -1 -1 -1 -1 -1 -1 -1 -1 -1 
-1 1 -1 -1 0 -1 -1 -1 -1 -1 -1 -1 -1 -1 -1 
-1 1 -1 -1 0 -1 -1 -1 -1 -1 -1 -1 -1 -1 -1 
-1 1 -1 -1 0 -1 -1 -1 -1 -1 -1 -1 -1 -1 -1 
-1 1 -1 -1 0 -1 -1 -1 -1 -1 -1 -1 -1 -1 -1 
-1 1 -1 -1 0 -1 -1 -1 -1 -1 -1 -1 -1 -1 -1 
-1 1 -1 -1 0 -1 -1 -1 -1 -1 -1 -1 -1 -1 -1 
-1 1 -1 -1 0 -1 -1 -1 -1 -1 -1 -1 -1 -1 -1 
-1 1 -1 -1 0 -1 -1 -1 -1 -1 -1 -1 -1 -1 -1 
-1 -1 -1 -1 0 -1 -1 -1 -1 -1 -1 -1 -1 -1 -1 
-1 -1 -1 -1 0 -1 -1 -1 -1 -1 -1 -1 -1 -1 -1 
END
15 1
3 3
13 1
-1 1 1 0 0 -1 -1 -1 -1 -1 -1 -1 -1 -1 -1 
-1 1 1 0 0 -1 -1 -1 -1 -1 -1 -1 -1 -1 -1 
-1 1 1 0 0 -1 -1 -1 -1 -1 -1 -1 -1 -1 -1 
-1 1 1 0 0 -1 -1 -1 -1 -1 -1 -1 -1 -1 -1 
-1 1 1 -1 0 -1 -1 -1 -1 -1 -1 -1 -1 -1 -1 
-1 1 -1 -1 0 -1 -1 -1 -1 -1 -1 -1 -1 -1 -1 
-1 1 -1 -1 0 -1 -1 -1 -1 -1 -1 -1 -1 -1 -1 
-1 1 -1 -1 0 -1 -1 -1 -1 -1 -1 -1 -1 -1 -1 
-1 1 -1 -1 0 -1 -1 -1 -1 -1 -1 -1 -1 -1 -1 
-1 1 -1 -1 0 -1 -1 -1 -1 -1 -1 -1 -1 -1 -1 
-1 1 -1 -1 0 -1 -1 -1 -1 -1 -1 -1 -1 -1 -1 
-1 1 -1 -1 0 -1 -1 -1 -1 -1 -1 -1 -1 -1 -1 
-1 1 -1 -1 0 -1 -1 -1 -1 -1 -1 -1 -1 -1 -1 
-1 1 -1 -1 0 -1 -1 -1 -1 -1 -1 -1 -1 -1 -1 
-1 -1 -1 -1 0 -1 -1 -1 -1 -1 -1 -1 -1 -1 -1 
END
15 1
4 3
14 1
-1 1 1 0 0 -1 -1 -1 -1 -1 -1 -1 -1 -1 -1 
-1 1 1 0 0 -1 -1 -1 -1 -1 -1 -1 -1 -1 -1 
-1 1 1 0 0 -1 -1 -1 -1 -1 -1 -1 -1 -1 -1 
-1 1 1 0 0 -1 -1 -1 -1 -1 -1 -1 -1 -1 -1 
-1 1 1 0 0 -1 -1 -1 -1 -1 -1 -1 -1 -1 -1 
-1 1 -1 -1 0 -1 -1 -1 -1 -1 -1 -1 -1 -1 -1 
-1 1 -1 -1 0 -1 -1 -1 -1 -1 -1 -1 -1 -1 -1 
-1 1 -1 -1 0 -1 -1 -1 -1 -1 -1 -1 -1 -1 -1 
-1 1 -1 -1 0 -1 -1 -1 -1 -1 -1 -1 -1 -1 -1 
-1 1 -1 -1 0 -1 -1 -1 -1 -1 -1 -1 -1 -1 -1 
-1 1 -1 -1 0 -1 -1 -1 -1 -1 -1 -1 -1 -1 -1 
-1 1 -1 -1 0 -1 -1 -1 -1 -1 -1 -1 -1 -1 -1 
-1 1 -1 -1 0 -1 -1 -1 -1 -1 -1 -1 -1 -1 -1 
-1 1 -1 -1 0 -1 -1 -1 -1 -1 -1 -1 -1 -1 -1 
-1 1 -1 -1 0 -1 -1 -1 -1 -1 -1 -1 -1 -1 -1 
END
15 1
5 3
14 0
-1 1 1 0 0 -1 -1 -1 -1 -1 -1 -1 -1 -1 -1 
-1 1 1 0 0 -1 -1 -1 -1 -1 -1 -1 -1 -1 -1 
-1 1 1 0 0 -1 -1 -1 -1 -1 -1 -1 -1 -1 -1 
-1 1 1 0 0 -1 -1 -1 -1 -1 -1 -1 -1 -1 -1 
-1 1 1 0 0 -1 -1 -1 -1 -1 -1 -1 -1 -1 -1 
-1 1 -1 0 0 -1 -1 -1 -1 -1 -1 -1 -1 -1 -1 
-1 1 -1 -1 0 -1 -1 -1 -1 -1 -1 -1 -1 -1 -1 
-1 1 -1 -1 0 -1 -1 -1 -1 -1 -1 -1 -1 -1 -1 
-1 1 -1 -1 0 -1 -1 -1 -1 -1 -1 -1 -1 -1 -1 
-1 1 -1 -1 0 -1 -1 -1 -1 -1 -1 -1 -1 -1 -1 
-1 1 -1 -1 0 -1 -1 -1 -1 -1 -1 -1 -1 -1 -1 
-1 1 -1 -1 0 -1 -1 -1 -1 -1 -1 -1 -1 -1 -1 
-1 1 -1 -1 0 -1 -1 -1 -1 -1 -1 -1 -1 -1 -1 
-1 1 -1 -1 0 -1 -1 -1 -1 -1 -1 -1 -1 -1 -1 
1 1 -1 -1 0 -1 -1 -1 -1 -1 -1 -1 -1 -1 -1 
END
15 1
6 3
13 0
-1 1 1 0 0 -1 -1 -1 -1 -1 -1 -1 -1 -1 -1 
-1 1 1 0 0 -1 -1 -1 -1 -1 -1 -1 -1 -1 -1 
-1 1 1 0 0 -1 -1 -1 -1 -1 -1 -1 -1 -1 -1 
-1 1 1 0 0 -1 -1 -1 -1 -1 -1 -1 -1 -1 -1 
-1 1 1 0 0 -1 -1 -1 -1 -1 -1 -1 -1 -1 -1 
-1 1 -1 0 0 -1 -1 -1 -1 -1 -1 -1 -1 -1 -1 
-1 1 -1 0 0 -1 -1 -1 -1 -1 -1 -1 -1 -1 -1 
-1 1 -1 -1 0 -1 -1 -1 -1 -1 -1 -1 -1 -1 -1 
-1 1 -1 -1 0 -1 -1 -1 -1 -1 -1 -1 -1 -1 -1 
-1 1 -1 -1 0 -1 -1 -1 -1 -1 -1 -1 -1 -1 -1 
-1 1 -1 -1 0 -1 -1 -1 -1 -1 -1 -1 -1 -1 -1 
-1 1 -1 -1 0 -1 -1 -1 -1 -1 -1 -1 -1 -1 -1 
-1 1 -1 -1 0 -1 -1 -1 -1 -1 -1 -1 -1 -1 -1 
1 1 -1 -1 0 -1 -1 -1 -1 -1 -1 -1 -1 -1 -1 
1 1 -1 -1 0 -1 -1 -1 -1 -1 -1 -1 -1 -1 -1 
END
15 1
7 3
12 0
-1 1 1 0 0 -1 -1 -1 -1 -1 -1 -1 -1 -1 -1 
-1 1 1 0 0 -1 -1 -1 -1 -1 -1 -1 -1 -1 -1 
-1 1 1 0 0 -1 -1 -1 -1 -1 -1 -1 -1 -1 -1 
-1 1 1 0 0 -1 -1 -1 -1 -1 -1 -1 -1 -1 -1 
-1 1 1 0 0 -1 -1 -1 -1 -1 -1 -1 -1 -1 -1 
-1 1 -1 0 0 -1 -1 -1 -1 -1 -1 -1 -1 -1 -1 
-1 1 -1 0 0 -1 -1 -1 -1 -1 -1 -1 -1 -1 -1 
-1 1 -1 0 0 -1 -1 -1 -1 -1 -1 -1 -1 -1 -1 
-1 1 -1 -1 0 -1 -1 -1 -1 -1 -1 -1 -1 -1 -1 
-1 1 -1 -1 0 -1 -1 -1 -1 -1 -1 -1 -1 -1 -1 
-1 1 -1 -1 0 -1 -1 -1 -1 -1 -1 -1 -1 -1 -1 
-1 1 -1 -1 0 -1 -1 -1 -1 -1 -1 -1 -1 -1 -1 
1 1 -1 -1 0 -1 -1 -1 -1 -1 -1 -1 -1 -1 -1 
1 1 -1 -1 0 -1 -1 -1 -1 -1 -1 -1 -1 -1 -1 
1 1 -1 -1 0 -1 -1 -1 -1 -1 -1 -1 -1 -1 -1 
END
15 1
8 3
11 0
-1 1 1 0 0 -1 -1 -1 -1 -1 -1 -1 -1 -1 -1 
-1 1 1 0 0 -1 -1 -1 -1 -1 -1 -1 -1 -1 -1 
-1 1 1 0 0 -1 -1 -1 -1 -1 -1 -1 -1 -1 -1 
-1 1 1 0 0 -1 -1 -1 -1 -1 -1 -1 -1 -1 -1 
-1 1 1 0 0 -1 -1 -1 -1 -1 -1 -1 -1 -1 -1 
-1 1 -1 0 0 -1 -1 -1 -1 -1 -1 -1 -1 -1 -1 
-1 1 -1 0 0 -1 -1 -1 -1 -1 -1 -1 -1 -1 -1 
-1 1 -1 0 0 -1 -1 -1 -1 -1 -1 -1 -1 -1 -1 
-1 1 -1 0 0 -1 -1 -1 -1 -1 -1 -1 -1 -1 -1 
-1 1 -1 -1 0 -1 -1 -1 -1 -1 -1 -1 -1 -1 -1 
-1 1 -1 -1 0 -1 -1 -1 -1 -1 -1 -1 -1 -1 -1 
1 1 -1 -1 0 -1 -1 -1 -1 -1 -1 -1 -1 -1 -1 
1 1 -1 -1 0 -1 -1 -1 -1 -1 -1 -1 -1 -1 -1 
1 1 -1 -1 0 -1 -1 -1 -1 -1 -1 -1 -1 -1 -1 
1 1 -1 -1 0 -1 -1 -1 -1 -1 -1 -1 -1 -1 -1 
END
15 1
9 3
10 0
-1 1 1 0 0 -1 -1 -1 -1 -1 -1 -1 -1 -1 -1 
-1 1 1 0 0 -1 -1 -1 -1 -1 -1 -1 -1 -1 -1 
-1 1 1 0 0 -1 -1 -1 -1 -1 -1 -1 -1 -1 -1 
-1 1 1 0 0 -1 -1 -1 -1 -1 -1 -1 -1 -1 -1 
-1 1 1 0 0 -1 -1 -1 -1 -1 -1 -1 -1 -1 -1 
-1 1 -1 0 0 -1 -1 -1 -1 -1 -1 -1 -1 -1 -1 
-1 1 -1 0 0 -1 -1 -1 -1 -1 -1 -1 -1 -1 -1 
-1 1 -1 0 0 -1 -1 -1 -1 -1 -1 -1 -1 -1 -1 
-1 1 -1 0 0 -1 -1 -1 -1 -1 -1 -1 -1 -1 -1 
-1 1 -1 0 0 -1 -1 -1 -1 -1 -1 -1 -1 -1 -1 
1 1 -1 -1 0 -1 -1 -1 -1 -1 -1 -1 -1 -1 -1 
1 1 -1 -1 0 -1 -1 -1 -1 -1 -1 -1 -1 -1 -1 
1 1 -1 -1 0 -1 -1 -1 -1 -1 -1 -1 -1 -1 -1 
1 1 -1 -1 0 -1 -1 -1 -1 -1 -1 -1 -1 -1 -1 
1 1 -1 -1 0 -1 -1 -1 -1 -1 -1 -1 -1 -1 -1 
END
15 1
10 3
9 0
-1 1 1 0 0 -1 -1 -1 -1 -1 -1 -1 -1 -1 -1 
-1 1 1 0 0 -1 -1 -1 -1 -1 -1 -1 -1 -1 -1 
-1 1 1 0 0 -1 -1 -1 -1 -1 -1 -1 -1 -1 -1 
-1 1 1 0 0 -1 -1 -1 -1 -1 -1 -1 -1 -1 -1 
-1 1 1 0 0 -1 -1 -1 -1 -1 -1 -1 -1 -1 -1 
-1 1 -1 0 0 -1 -1 -1 -1 -1 -1 -1 -1 -1 -1 
-1 1 -1 0 0 -1 -1 -1 -1 -1 -1 -1 -1 -1 -1 
-1 1 -1 0 0 -1 -1 -1 -1 -1 -1 -1 -1 -1 -1 
-1 1 -1 0 0 -1 -1 -1 -1 -1 -1 -1 -1 -1 -1 
1 1 -1 0 0 -1 -1 -1 -1 -1 -1 -1 -1 -1 -1 
1 1 -1 0 0 -1 -1 -1 -1 -1 -1 -1 -1 -1 -1 
1 1 -1 -1 0 -1 -1 -1 -1 -1 -1 -1 -1 -1 -1 
1 1 -1 -1 0 -1 -1 -1 -1 -1 -1 -1 -1 -1 -1 
1 1 -1 -1 0 -1 -1 -1 -1 -1 -1 -1 -1 -1 -1 
1 1 -1 -1 0 -1 -1 -1 -1 -1 -1 -1 -1 -1 -1 
END
15 1
11 3
8 0
-1 1 1 0 0 -1 -1 -1 -1 -1 -1 -1 -1 -1 -1 
-1 1 1 0 0 -1 -1 -1 -1 -1 -1 -1 -1 -1 -1 
-1 1 1 0 0 -1 -1 -1 -1 -1 -1 -1 -1 -1 -1 
-1 1 1 0 0 -1 -1 -1 -1 -1 -1 -1 -1 -1 -1 
-1 1 1 0 0 -1 -1 -1 -1 -1 -1 -1 -1 -1 -1 
-1 1 -1 0 0 -1 -1 -1 -1 -1 -1 -1 -1 -1 -1 
-1 1 -1 0 0 -1 -1 -1 -1 -1 -1 -1 -1 -1 -1 
-1 1 -1 0 0 -1 -1 -1 -1 -1 -1 -1 -1 -1 -1 
1 1 -1 0 0 -1 -1 -1 -1 -1 -1 -1 -1 -1 -1 
1 1 -1 0 0 -1 -1 -1 -1 -1 -1 -1 -1 -1 -1 
1 1 -1 0 0 -1 -1 -1 -1 -1 -1 -1 -1 -1 -1 
1 1 -1 0 0 -1 -1 -1 -1 -1 -1 -1 -1 -1 -1 
1 1 -1 -1 0 -1 -1 -1 -1 -1 -1 -1 -1 -1 -1 
1 1 -1 -1 0 -1 -1 -1 -1 -1 -1 -1 -1 -1 -1 
1 1 -1 -1 0 -1 -1 -1 -1 -1 -1 -1 -1 -1 -1 
END
15 1
12 3
7 0
-1 1 1 0 0 -1 -1 -1 -1 -1 -1 -1 -1 -1 -1 
-1 1 1 0 0 -1 -1 -1 -1 -1 -1 -1 -1 -1 -1 
-1 1 1 0 0 -1 -1 -1 -1 -1 -1 -1 -1 -1 -1 
-1 1 1 0 0 -1 -1 -1 -1 -1 -1 -1 -1 -1 -1 
-1 1 1 0 0 -1 -1 -1 -1 -1 -1 -1 -1 -1 -1 
-1 1 -1 0 0 -1 -1 -1 -1 -1 -1 -1 -1 -1 -1 
-1 1 -1 0 0 -1 -1 -1 -1 -1 -1 -1 -1 -1 -1 
1 1 -1 0 0 -1 -1 -1 -1 -1 -1 -1 -1 -1 -1 
1 1 -1 0 0 -1 -1 -1 -1 -1 -1 -1 -1 -1 -1 
1 1 -1 0 0 -1 -1 -1 -1 -1 -1 -1 -1 -1 -1 
1 1 -1 0 0 -1 -1 -1 -1 -1 -1 -1 -1 -1 -1 
1 1 -1 0 0 -1 -1 -1 -1 -1 -1 -1 -1 -1 -1 
1 1 -1 0 0 -1 -1 -1 -1 -1 -1 -1 -1 -1 -1 
1 1 -1 -1 0 -1 -1 -1 -1 -1 -1 -1 -1 -1 -1 
1 1 -1 -1 0 -1 -1 -1 -1 -1 -1 -1 -1 -1 -1 
END
15 1
13 3
6 0
-1 1 1 0 0 -1 -1 -1 -1 -1 -1 -1 -1 -1 -1 
-1 1 1 0 0 -1 -1 -1 -1 -1 -1 -1 -1 -1 -1 
-1 1 1 0 0 -1 -1 -1 -1 -1 -1 -1 -1 -1 -1 
-1 1 1 0 0 -1 -1 -1 -1 -1 -1 -1 -1 -1 -1 
-1 1 1 0 0 -1 -1 -1 -1 -1 -1 -1 -1 -1 -1 
-1 1 -1 0 0 -1 -1 -1 -1 -1 -1 -1 -1 -1 -1 
1 1 -1 0 0 -1 -1 -1 -1 -1 -1 -1 -1 -1 -1 
1 1 -1 0 0 -1 -1 -1 -1 -1 -1 -1 -1 -1 -1 
1 1 -1 0 0 -1 -1 -1 -1 -1 -1 -1 -1 -1 -1 
1 1 -1 0 0 -1 -1 -1 -1 -1 -1 -1 -1 -1 -1 
1 1 -1 0 0 -1 -1 -1 -1 -1 -1 -1 -1 -1 -1 
1 1 -1 0 0 -1 -1 -1 -1 -1 -1 -1 -1 -1 -1 
1 1 -1 0 0 -1 -1 -1 -1 -1 -1 -1 -1 -1 -1 
1 1 -1 0 0 -1 -1 -1 -1 -1 -1 -1 -1 -1 -1 
1 1 -1 -1 0 -1 -1 -1 -1 -1 -1 -1 -1 -1 -1 
END
15 1
14 3
5 0
-1 1 1 0 0 -1 -1 -1 -1 -1 -1 -1 -1 -1 -1 
-1 1 1 0 0 -1 -1 -1 -1 -1 -1 -1 -1 -1 -1 
-1 1 1 0 0 -1 -1 -1 -1 -1 -1 -1 -1 -1 -1 
-1 1 1 0 0 -1 -1 -1 -1 -1 -1 -1 -1 -1 -1 
-1 1 1 0 0 -1 -1 -1 -1 -1 -1 -1 -1 -1 -1 
1 1 -1 0 0 -1 -1 -1 -1 -1 -1 -1 -1 -1 -1 
1 1 -1 0 0 -1 -1 -1 -1 -1 -1 -1 -1 -1 -1 
1 1 -1 0 0 -1 -1 -1 -1 -1 -1 -1 -1 -1 -1 
1 1 -1 0 0 -1 -1 -1 -1 -1 -1 -1 -1 -1 -1 
1 1 -1 0 0 -1 -1 -1 -1 -1 -1 -1 -1 -1 -1 
1 1 -1 0 0 -1 -1 -1 -1 -1 -1 -1 -1 -1 -1 
1 1 -1 0 0 -1 -1 -1 -1 -1 -1 -1 -1 -1 -1 
1 1 -1 0 0 -1 -1 -1 -1 -1 -1 -1 -1 -1 -1 
1 1 -1 0 0 -1 -1 -1 -1 -1 -1 -1 -1 -1 -1 
1 1 -1 0 0 -1 -1 -1 -1 -1 -1 -1 -1 -1 -1 
END
15 1
14 2
4 0
-1 1 1 0 0 -1 -1 -1 -1 -1 -1 -1 -1 -1 -1 
-1 1 1 0 0 -1 -1 -1 -1 -1 -1 -1 -1 -1 -1 
-1 1 1 0 0 -1 -1 -1 -1 -1 -1 -1 -1 -1 -1 
-1 1 1 0 0 -1 -1 -1 -1 -1 -1 -1 -1 -1 -1 
1 1 1 0 0 -1 -1 -1 -1 -1 -1 -1 -1 -1 -1 
1 1 -1 0 0 -1 -1 -1 -1 -1 -1 -1 -1 -1 -1 
1 1 -1 0 0 -1 -1 -1 -1 -1 -1 -1 -1 -1 -1 
1 1 -1 0 0 -1 -1 -1 -1 -1 -1 -1 -1 -1 -1 
1 1 -1 0 0 -1 -1 -1 -1 -1 -1 -1 -1 -1 -1 
1 1 -1 0 0 -1 -1 -1 -1 -1 -1 -1 -1 -1 -1 
1 1 -1 0 0 -1 -1 -1 -1 -1 -1 -1 -1 -1 -1 
1 1 -1 0 0 -1 -1 -1 -1 -1 -1 -1 -1 -1 -1 
1 1 -1 0 0 -1 -1 -1 -1 -1 -1 -1 -1 -1 -1 
1 1 -1 0 0 -1 -1 -1 -1 -1 -1 -1 -1 -1 -1 
1 1 0 0 0 -1 -1 -1 -1 -1 -1 -1 -1 -1 -1 
END
15 1
13 2
3 0
-1 1 1 0 0 -1 -1 -1 -1 -1 -1 -1 -1 -1 -1 
-1 1 1 0 0 -1 -1 -1 -1 -1 -1 -1 -1 -1 -1 
-1 1 1 0 0 -1 -1 -1 -1 -1 -1 -1 -1 -1 -1 
1 1 1 0 0 -1 -1 -1 -1 -1 -1 -1 -1 -1 -1 
1 1 1 0 0 -1 -1 -1 -1 -1 -1 -1 -1 -1 -1 
1 1 -1 0 0 -1 -1 -1 -1 -1 -1 -1 -1 -1 -1 
1 1 -1 0 0 -1 -1 -1 -1 -1 -1 -1 -1 -1 -1 
1 1 -1 0 0 -1 -1 -1 -1 -1 -1 -1 -1 -1 -1 
1 1 -1 0 0 -1 -1 -1 -1 -1 -1 -1 -1 -1 -1 
1 1 -1 0 0 -1 -1 -1 -1 -1 -1 -1 -1 -1 -1 
1 1 -1 0 0 -1 -1 -1 -1 -1 -1 -1 -1 -1 -1 
1 1 -1 0 0 -1 -1 -1 -1 -1 -1 -1 -1 -1 -1 
1 1 -1 0 0 -1 -1 -1 -1 -1 -1 -1 -1 -1 -1 
1 1 0 0 0 -1 -1 -1 -1 -1 -1 -1 -1 -1 -1 
1 1 0 0 0 -1 -1 -1 -1 -1 -1 -1 -1 -1 -1 
END
15 1
12 2
2 0
-1 1 1 0 0 -1 -1 -1 -1 -1 -1 -1 -1 -1 -1 
-1 1 1 0 0 -1 -1 -1 -1 -1 -1 -1 -1 -1 -1 
1 1 1 0 0 -1 -1 -1 -1 -1 -1 -1 -1 -1 -1 
1 1 1 0 0 -1 -1 -1 -1 -1 -1 -1 -1 -1 -1 
1 1 1 0 0 -1 -1 -1 -1 -1 -1 -1 -1 -1 -1 
1 1 -1 0 0 -1 -1 -1 -1 -1 -1 -1 -1 -1 -1 
1 1 -1 0 0 -1 -1 -1 -1 -1 -1 -1 -1 -1 -1 
1 1 -1 0 0 -1 -1 -1 -1 -1 -1 -1 -1 -1 -1 
1 1 -1 0 0 -1 -1 -1 -1 -1 -1 -1 -1 -1 -1 
1 1 -1 0 0 -1 -1 -1 -1 -1 -1 -1 -1 -1 -1 
1 1 -1 0 0 -1 -1 -1 -1 -1 -1 -1 -1 -1 -1 
1 1 -1 0 0 -1 -1 -1 -1 -1 -1 -1 -1 -1 -1 
1 1 0 0 0 -1 -1 -1 -1 -1 -1 -1 -1 -1 -1 
1 1 0 0 0 -1 -1 -1 -1 -1 -1 -1 -1 -1 -1 
1 1 0 0 0 -1 -1 -1 -1 -1 -1 -1 -1 -1 -1 
END
15 1
11 2
1 0
-1 1 1 0 0 -1 -1 -1 -1 -1 -1 -1 -1 -1 -1 
1 1 1 0 0 -1 -1 -1 -1 -1 -1 -1 -1 -1 -1 
1 1 1 0 0 -1 -1 -1 -1 -1 -1 -1 -1 -1 -1 
1 1 1 0 0 -1 -1 -1 -1 -1 -1 -1 -1 -1 -1 
1 1 1 0 0 -1 -1 -1 -1 -1 -1 -1 -1 -1 -1 
1 1 -1 0 0 -1 -1 -1 -1 -1 -1 -1 -1 -1 -1 
1 1 -1 0 0 -1 -1 -1 -1 -1 -1 -1 -1 -1 -1 
1 1 -1 0 0 -1 -1 -1 -1 -1 -1 -1 -1 -1 -1 
1 1 -1 0 0 -1 -1 -1 -1 -1 -1 -1 -1 -1 -1 
1 1 -1 0 0 -1 -1 -1 -1 -1 -1 -1 -1 -1 -1 
1 1 -1 0 0 -1 -1 -1 -1 -1 -1 -1 -1 -1 -1 
1 1 0 0 0 -1 -1 -1 -1 -1 -1 -1 -1 -1 -1 
1 1 0 0 0 -1 -1 -1 -1 -1 -1 -1 -1 -1 -1 
1 1 0 0 0 -1 -1 -1 -1 -1 -1 -1 -1 -1 -1 
1 1 0 0 0 -1 -1 -1 -1 -1 -1 -1 -1 -1 -1 
END
15 1
10 2
0 0
1 1 1 0 0 -1 -1 -1 -1 -1 -1 -1 -1 -1 -1 
1 1 1 0 0 -1 -1 -1 -1 -1 -1 -1 -1 -1 -1 
1 1 1 0 0 -1 -1 -1 -1 -1 -1 -1 -1 -1 -1 
1 1 1 0 0 -1 -1 -1 -1 -1 -1 -1 -1 -1 -1 
1 1 1 0 0 -1 -1 -1 -1 -1 -1 -1 -1 -1 -1 
1 1 -1 0 0 -1 -1 -1 -1 -1 -1 -1 -1 -1 -1 
1 1 -1 0 0 -1 -1 -1 -1 -1 -1 -1 -1 -1 -1 
1 1 -1 0 0 -1 -1 -1 -1 -1 -1 -1 -1 -1 -1 
1 1 -1 0 0 -1 -1 -1 -1 -1 -1 -1 -1 -1 -1 
1 1 -1 0 0 -1 -1 -1 -1 -1 -1 -1 -1 -1 -1 
1 1 0 0 0 -1 -1 -1 -1 -1 -1 -1 -1 -1 -1 
1 1 0 0 0 -1 -1 -1 -1 -1 -1 -1 -1 -1 -1 
1 1 0 0 0 -1 -1 -1 -1 -1 -1 -1 -1 -1 -1 
1 1 0 0 0 -1 -1 -1 -1 -1 -1 -1 -1 -1 -1 
1 1 0 0 0 -1 -1 -1 -1 -1 -1 -1 -1 -1 -1 
END
