1.524650862647463356e-01
1.524650862647463356e-01
3.456228375583834667e-01
3.456228375583834667e-01
3.456228375583834667e-01
3.456228375583834667e-01
3.456228375583834667e-01
3.979670774616985152e-01
4.297081191013499835e-01
4.297081191013499835e-01
5.273493313493995416e-01
6.700257186642176732e-01
7.052599287676276640e-01
7.052599287676276640e-01
7.116332819094519646e-01
7.317494468654623940e-01
8.868818529635642545e-01
8.868818529635642545e-01
8.868818529635642545e-01
8.868818529635642545e-01
8.868818529635642545e-01
8.868818529635642545e-01
8.868818529635642545e-01
8.946516817497864871e-01
9.577448963644777935e-01
9.676037127747503241e-01
9.676037127747503241e-01
9.676037127747503241e-01
9.676037127747503241e-01
9.676037127747503241e-01
1.022357362027566108e+00
1.022357362027566108e+00
1.026136363636363624e+00
1.026136363636363624e+00
1.026136363636363624e+00
1.026136363636363624e+00
1.026136363636363624e+00
1.032809288975625517e+00
1.032809288975625517e+00
1.032809288975625517e+00
1.044318181818181701e+00
1.044318181818181701e+00
1.044318181818181701e+00
1.044318181818181701e+00
1.044318181818181701e+00
1.045454545454545414e+00
1.045454545454545414e+00
1.045454545454545414e+00
1.051136363636363535e+00
1.051136363636363535e+00
1.051136363636363535e+00
1.051136363636363535e+00
1.051136363636363535e+00
1.073863636363636243e+00
1.073863636363636243e+00
1.073863636363636243e+00
1.073863636363636243e+00
1.073863636363636243e+00
1.073863636363636243e+00
1.073863636363636243e+00
1.073863636363636243e+00
1.073863636363636243e+00
1.073863636363636243e+00
1.073863636363636243e+00
1.073863636363636243e+00
1.073863636363636243e+00
1.073863636363636243e+00
1.073863636363636243e+00
1.073863636363636243e+00
1.073863636363636243e+00
1.073863636363636243e+00
1.073863636363636243e+00
1.073863636363636243e+00
1.074999999999999956e+00
1.074999999999999956e+00
1.074999999999999956e+00
1.076136363636363669e+00
1.077272727272727160e+00
1.077272727272727160e+00
1.079545454545454586e+00
1.079545454545454586e+00
1.079545454545454586e+00
1.079545454545454586e+00
1.079545454545454586e+00
1.079545454545454586e+00
1.079545454545454586e+00
1.079545454545454586e+00
1.079545454545454586e+00
1.081818181818181790e+00
1.081818181818181790e+00
1.081818181818181790e+00
1.081818181818181790e+00
1.081818181818181790e+00
1.081818181818181790e+00
1.081818181818181790e+00
1.081818181818181790e+00
1.081818181818181790e+00
1.081818181818181790e+00
1.084090909090908994e+00
1.084090909090908994e+00
1.084090909090908994e+00
