5 0
3 4
1 1
-1 -1 -1 -1 -1 
-1 1 -1 -1 -1 
-1 -1 -1 -1 -1 
-1 -1 -1 -1 0 
-1 -1 -1 -1 -1 
END
5 0
2 4
0 1
-1 1 -1 -1 -1 
-1 1 -1 -1 -1 
-1 -1 -1 -1 0 
-1 -1 -1 -1 0 
-1 -1 -1 -1 -1 
END
5 0
1 4
0 0
1 1 -1 -1 -1 
-1 1 -1 -1 0 
-1 -1 -1 -1 0 
-1 -1 -1 -1 0 
-1 -1 -1 -1 -1 
END
5 0
0 4
1 0
1 1 -1 -1 0 
1 1 -1 -1 0 
-1 -1 -1 -1 0 
-1 -1 -1 -1 0 
-1 -1 -1 -1 -1 
END
5 0
0 3
2 0
1 1 -1 0 0 
1 1 -1 -1 0 
1 -1 -1 -1 0 
-1 -1 -1 -1 0 
-1 -1 -1 -1 -1 
END
5 0
1 3
3 0
1 1 -1 0 0 
1 1 -1 0 0 
1 -1 -1 -1 0 
1 -1 -1 -1 0 
-1 -1 -1 -1 -1 
END
5 0
2 3
4 0
1 1 -1 0 0 
1 1 -1 0 0 
1 -1 -1 0 0 
1 -1 -1 -1 0 
1 -1 -1 -1 -1 
END
5 0
3 3
4 1
1 1 -1 0 0 
1 1 -1 0 0 
1 -1 -1 0 0 
1 -1 -1 0 0 
1 1 -1 -1 -1 
END
5 0
4 3
3 1
1 1 -1 0 0 
1 1 -1 0 0 
1 -1 -1 0 0 
1 1 -1 0 0 
1 1 -1 0 -1 
END
5 0
4 2
2 1
1 1 -1 0 0 
1 1 -1 0 0 
1 1 -1 0 0 
1 1 -1 0 0 
1 1 0 0 -1 
END
5 0
3 2
2 2
1 1 -1 0 0 
1 1 -1 0 0 
1 1 1 0 0 
1 1 0 0 0 
1 1 0 0 -1 
END
