15 1
14 7
13 10
-1 -1 -1 -1 -1 -1 -1 -1 -1 -1 -1 -1 -1 -1 -1 
-1 -1 -1 -1 -1 -1 -1 -1 -1 -1 -1 -1 -1 -1 -1 
-1 -1 -1 -1 -1 -1 -1 -1 -1 -1 -1 -1 -1 -1 -1 
-1 -1 -1 -1 -1 -1 -1 -1 -1 -1 -1 -1 -1 -1 -1 
-1 -1 -1 -1 -1 -1 -1 -1 -1 -1 -1 -1 -1 -1 -1 
-1 -1 -1 -1 -1 -1 -1 -1 -1 -1 -1 -1 -1 -1 -1 
-1 -1 -1 -1 -1 -1 -1 -1 -1 -1 -1 -1 -1 -1 -1 
-1 -1 -1 -1 -1 -1 -1 -1 -1 -1 -1 -1 -1 -1 -1 
-1 -1 -1 -1 -1 -1 -1 -1 -1 -1 -1 -1 -1 -1 -1 
-1 -1 -1 -1 -1 -1 -1 -1 -1 -1 -1 -1 -1 -1 -1 
-1 -1 -1 -1 -1 -1 -1 -1 -1 -1 -1 -1 -1 -1 -1 
-1 -1 -1 -1 -1 -1 -1 -1 -1 -1 -1 -1 -1 -1 -1 
-1 -1 -1 -1 -1 -1 -1 -1 -1 -1 -1 -1 -1 -1 -1 
-1 -1 -1 -1 -1 -1 -1 -1 -1 -1 1 -1 -1 -1 -1 
-1 -1 -1 -1 -1 -1 -1 0 -1 -1 -1 -1 -1 -1 -1 
END
15 1
13 7
12 10
-1 -1 -1 -1 -1 -1 -1 -1 -1 -1 -1 -1 -1 -1 -1 
-1 -1 -1 -1 -1 -1 -1 -1 -1 -1 -1 -1 -1 -1 -1 
-1 -1 -1 -1 -1 -1 -1 -1 -1 -1 -1 -1 -1 -1 -1 
-1 -1 -1 -1 -1 -1 -1 -1 -1 -1 -1 -1 -1 -1 -1 
-1 -1 -1 -1 -1 -1 -1 -1 -1 -1 -1 -1 -1 -1 -1 
-1 -1 -1 -1 -1 -1 -1 -1 -1 -1 -1 -1 -1 -1 -1 
-1 -1 -1 -1 -1 -1 -1 -1 -1 -1 -1 -1 -1 -1 -1 
-1 -1 -1 -1 -1 -1 -1 -1 -1 -1 -1 -1 -1 -1 -1 
-1 -1 -1 -1 -1 -1 -1 -1 -1 -1 -1 -1 -1 -1 -1 
-1 -1 -1 -1 -1 -1 -1 -1 -1 -1 -1 -1 -1 -1 -1 
-1 -1 -1 -1 -1 -1 -1 -1 -1 -1 -1 -1 -1 -1 -1 
-1 -1 -1 -1 -1 -1 -1 -1 -1 -1 -1 -1 -1 -1 -1 
-1 -1 -1 -1 -1 -1 -1 -1 -1 -1 1 -1 -1 -1 -1 
-1 -1 -1 -1 -1 -1 -1 0 -1 -1 1 -1 -1 -1 -1 
-1 -1 -1 -1 -1 -1 -1 0 -1 -1 -1 -1 -1 -1 -1 
END
15 1
12 7
11 10
-1 -1 -1 -1 -1 -1 -1 -1 -1 -1 -1 -1 -1 -1 -1 
-1 -1 -1 -1 -1 -1 -1 -1 -1 -1 -1 -1 -1 -1 -1 
-1 -1 -1 -1 -1 -1 -1 -1 -1 -1 -1 -1 -1 -1 -1 
-1 -1 -1 -1 -1 -1 -1 -1 -1 -1 -1 -1 -1 -1 -1 
-1 -1 -1 -1 -1 -1 -1 -1 -1 -1 -1 -1 -1 -1 -1 
-1 -1 -1 -1 -1 -1 -1 -1 -1 -1 -1 -1 -1 -1 -1 
-1 -1 -1 -1 -1 -1 -1 -1 -1 -1 -1 -1 -1 -1 -1 
-1 -1 -1 -1 -1 -1 -1 -1 -1 -1 -1 -1 -1 -1 -1 
-1 -1 -1 -1 -1 -1 -1 -1 -1 -1 -1 -1 -1 -1 -1 
-1 -1 -1 -1 -1 -1 -1 -1 -1 -1 -1 -1 -1 -1 -1 
-1 -1 -1 -1 -1 -1 -1 -1 -1 -1 -1 -1 -1 -1 -1 
-1 -1 -1 -1 -1 -1 -1 -1 -1 -1 1 -1 -1 -1 -1 
-1 -1 -1 -1 -1 -1 -1 0 -1 -1 1 -1 -1 -1 -1 
-1 -1 -1 -1 -1 -1 -1 0 -1 -1 1 -1 -1 -1 -1 
-1 -1 -1 -1 -1 -1 -1 0 -1 -1 -1 -1 -1 -1 -1 
END
15 1
11 7
10 10
-1 -1 -1 -1 -1 -1 -1 -1 -1 -1 -1 -1 -1 -1 -1 
-1 -1 -1 -1 -1 -1 -1 -1 -1 -1 -1 -1 -1 -1 -1 
-1 -1 -1 -1 -1 -1 -1 -1 -1 -1 -1 -1 -1 -1 -1 
-1 -1 -1 -1 -1 -1 -1 -1 -1 -1 -1 -1 -1 -1 -1 
-1 -1 -1 -1 -1 -1 -1 -1 -1 -1 -1 -1 -1 -1 -1 
-1 -1 -1 -1 -1 -1 -1 -1 -1 -1 -1 -1 -1 -1 -1 
-1 -1 -1 -1 -1 -1 -1 -1 -1 -1 -1 -1 -1 -1 -1 
-1 -1 -1 -1 -1 -1 -1 -1 -1 -1 -1 -1 -1 -1 -1 
-1 -1 -1 -1 -1 -1 -1 -1 -1 -1 -1 -1 -1 -1 -1 
-1 -1 -1 -1 -1 -1 -1 -1 -1 -1 -1 -1 -1 -1 -1 
-1 -1 -1 -1 -1 -1 -1 -1 -1 -1 1 -1 -1 -1 -1 
-1 -1 -1 -1 -1 -1 -1 0 -1 -1 1 -1 -1 -1 -1 
-1 -1 -1 -1 -1 -1 -1 0 -1 -1 1 -1 -1 -1 -1 
-1 -1 -1 -1 -1 -1 -1 0 -1 -1 1 -1 -1 -1 -1 
-1 -1 -1 -1 -1 -1 -1 0 -1 -1 -1 -1 -1 -1 -1 
END
15 1
10 7
9 10
-1 -1 -1 -1 -1 -1 -1 -1 -1 -1 -1 -1 -1 -1 -1 
-1 -1 -1 -1 -1 -1 -1 -1 -1 -1 -1 -1 -1 -1 -1 
-1 -1 -1 -1 -1 -1 -1 -1 -1 -1 -1 -1 -1 -1 -1 
-1 -1 -1 -1 -1 -1 -1 -1 -1 -1 -1 -1 -1 -1 -1 
-1 -1 -1 -1 -1 -1 -1 -1 -1 -1 -1 -1 -1 -1 -1 
-1 -1 -1 -1 -1 -1 -1 -1 -1 -1 -1 -1 -1 -1 -1 
-1 -1 -1 -1 -1 -1 -1 -1 -1 -1 -1 -1 -1 -1 -1 
-1 -1 -1 -1 -1 -1 -1 -1 -1 -1 -1 -1 -1 -1 -1 
-1 -1 -1 -1 -1 -1 -1 -1 -1 -1 -1 -1 -1 -1 -1 
-1 -1 -1 -1 -1 -1 -1 -1 -1 -1 1 -1 -1 -1 -1 
-1 -1 -1 -1 -1 -1 -1 0 -1 -1 1 -1 -1 -1 -1 
-1 -1 -1 -1 -1 -1 -1 0 -1 -1 1 -1 -1 -1 -1 
-1 -1 -1 -1 -1 -1 -1 0 -1 -1 1 -1 -1 -1 -1 
-1 -1 -1 -1 -1 -1 -1 0 -1 -1 1 -1 -1 -1 -1 
-1 -1 -1 -1 -1 -1 -1 0 -1 -1 -1 -1 -1 -1 -1 
END
15 1
9 7
8 10
-1 -1 -1 -1 -1 -1 -1 -1 -1 -1 -1 -1 -1 -1 -1 
-1 -1 -1 -1 -1 -1 -1 -1 -1 -1 -1 -1 -1 -1 -1 
-1 -1 -1 -1 -1 -1 -1 -1 -1 -1 -1 -1 -1 -1 -1 
-1 -1 -1 -1 -1 -1 -1 -1 -1 -1 -1 -1 -1 -1 -1 
-1 -1 -1 -1 -1 -1 -1 -1 -1 -1 -1 -1 -1 -1 -1 
-1 -1 -1 -1 -1 -1 -1 -1 -1 -1 -1 -1 -1 -1 -1 
-1 -1 -1 -1 -1 -1 -1 -1 -1 -1 -1 -1 -1 -1 -1 
-1 -1 -1 -1 -1 -1 -1 -1 -1 -1 -1 -1 -1 -1 -1 
-1 -1 -1 -1 -1 -1 -1 -1 -1 -1 1 -1 -1 -1 -1 
-1 -1 -1 -1 -1 -1 -1 0 -1 -1 1 -1 -1 -1 -1 
-1 -1 -1 -1 -1 -1 -1 0 -1 -1 1 -1 -1 -1 -1 
-1 -1 -1 -1 -1 -1 -1 0 -1 -1 1 -1 -1 -1 -1 
-1 -1 -1 -1 -1 -1 -1 0 -1 -1 1 -1 -1 -1 -1 
-1 -1 -1 -1 -1 -1 -1 0 -1 -1 1 -1 -1 -1 -1 
-1 -1 -1 -1 -1 -1 -1 0 -1 -1 -1 -1 -1 -1 -1 
END
15 1
8 7
7 10
-1 -1 -1 -1 -1 -1 -1 -1 -1 -1 -1 -1 -1 -1 -1 
-1 -1 -1 -1 -1 -1 -1 -1 -1 -1 -1 -1 -1 -1 -1 
-1 -1 -1 -1 -1 -1 -1 -1 -1 -1 -1 -1 -1 -1 -1 
-1 -1 -1 -1 -1 -1 -1 -1 -1 -1 -1 -1 -1 -1 -1 
-1 -1 -1 -1 -1 -1 -1 -1 -1 -1 -1 -1 -1 -1 -1 
-1 -1 -1 -1 -1 -1 -1 -1 -1 -1 -1 -1 -1 -1 -1 
-1 -1 -1 -1 -1 -1 -1 -1 -1 -1 -1 -1 -1 -1 -1 
-1 -1 -1 -1 -1 -1 -1 -1 -1 -1 1 -1 -1 -1 -1 
-1 -1 -1 -1 -1 -1 -1 0 -1 -1 1 -1 -1 -1 -1 
-1 -1 -1 -1 -1 -1 -1 0 -1 -1 1 -1 -1 -1 -1 
-1 -1 -1 -1 -1 -1 -1 0 -1 -1 1 -1 -1 -1 -1 
-1 -1 -1 -1 -1 -1 -1 0 -1 -1 1 -1 -1 -1 -1 
-1 -1 -1 -1 -1 -1 -1 0 -1 -1 1 -1 -1 -1 -1 
-1 -1 -1 -1 -1 -1 -1 0 -1 -1 1 -1 -1 -1 -1 
-1 -1 -1 -1 -1 -1 -1 0 -1 -1 -1 -1 -1 -1 -1 
END
15 1
7 7
6 10
-1 -1 -1 -1 -1 -1 -1 -1 -1 -1 -1 -1 -1 -1 -1 
-1 -1 -1 -1 -1 -1 -1 -1 -1 -1 -1 -1 -1 -1 -1 
-1 -1 -1 -1 -1 -1 -1 -1 -1 -1 -1 -1 -1 -1 -1 
-1 -1 -1 -1 -1 -1 -1 -1 -1 -1 -1 -1 -1 -1 -1 
-1 -1 -1 -1 -1 -1 -1 -1 -1 -1 -1 -1 -1 -1 -1 
-1 -1 -1 -1 -1 -1 -1 -1 -1 -1 -1 -1 -1 -1 -1 
-1 -1 -1 -1 -1 -1 -1 -1 -1 -1 1 -1 -1 -1 -1 
-1 -1 -1 -1 -1 -1 -1 0 -1 -1 1 -1 -1 -1 -1 
-1 -1 -1 -1 -1 -1 -1 0 -1 -1 1 -1 -1 -1 -1 
-1 -1 -1 -1 -1 -1 -1 0 -1 -1 1 -1 -1 -1 -1 
-1 -1 -1 -1 -1 -1 -1 0 -1 -1 1 -1 -1 -1 -1 
-1 -1 -1 -1 -1 -1 -1 0 -1 -1 1 -1 -1 -1 -1 
-1 -1 -1 -1 -1 -1 -1 0 -1 -1 1 -1 -1 -1 -1 
-1 -1 -1 -1 -1 -1 -1 0 -1 -1 1 -1 -1 -1 -1 
-1 -1 -1 -1 -1 -1 -1 0 -1 -1 -1 -1 -1 -1 -1 
END
15 1
6 7
5 10
-1 -1 -1 -1 -1 -1 -1 -1 -1 -1 -1 -1 -1 -1 -1 
-1 -1 -1 -1 -1 -1 -1 -1 -1 -1 -1 -1 -1 -1 -1 
-1 -1 -1 -1 -1 -1 -1 -1 -1 -1 -1 -1 -1 -1 -1 
-1 -1 -1 -1 -1 -1 -1 -1 -1 -1 -1 -1 -1 -1 -1 
-1 -1 -1 -1 -1 -1 -1 -1 -1 -1 -1 -1 -1 -1 -1 
-1 -1 -1 -1 -1 -1 -1 -1 -1 -1 1 -1 -1 -1 -1 
-1 -1 -1 -1 -1 -1 -1 0 -1 -1 1 -1 -1 -1 -1 
-1 -1 -1 -1 -1 -1 -1 0 -1 -1 1 -1 -1 -1 -1 
-1 -1 -1 -1 -1 -1 -1 0 -1 -1 1 -1 -1 -1 -1 
-1 -1 -1 -1 -1 -1 -1 0 -1 -1 1 -1 -1 -1 -1 
-1 -1 -1 -1 -1 -1 -1 0 -1 -1 1 -1 -1 -1 -1 
-1 -1 -1 -1 -1 -1 -1 0 -1 -1 1 -1 -1 -1 -1 
-1 -1 -1 -1 -1 -1 -1 0 -1 -1 1 -1 -1 -1 -1 
-1 -1 -1 -1 -1 -1 -1 0 -1 -1 1 -1 -1 -1 -1 
-1 -1 -1 -1 -1 -1 -1 0 -1 -1 -1 -1 -1 -1 -1 
END
15 1
5 7
4 10
-1 -1 -1 -1 -1 -1 -1 -1 -1 -1 -1 -1 -1 -1 -1 
-1 -1 -1 -1 -1 -1 -1 -1 -1 -1 -1 -1 -1 -1 -1 
-1 -1 -1 -1 -1 -1 -1 -1 -1 -1 -1 -1 -1 -1 -1 
-1 -1 -1 -1 -1 -1 -1 -1 -1 -1 -1 -1 -1 -1 -1 
-1 -1 -1 -1 -1 -1 -1 -1 -1 -1 1 -1 -1 -1 -1 
-1 -1 -1 -1 -1 -1 -1 0 -1 -1 1 -1 -1 -1 -1 
-1 -1 -1 -1 -1 -1 -1 0 -1 -1 1 -1 -1 -1 -1 
-1 -1 -1 -1 -1 -1 -1 0 -1 -1 1 -1 -1 -1 -1 
-1 -1 -1 -1 -1 -1 -1 0 -1 -1 1 -1 -1 -1 -1 
-1 -1 -1 -1 -1 -1 -1 0 -1 -1 1 -1 -1 -1 -1 
-1 -1 -1 -1 -1 -1 -1 0 -1 -1 1 -1 -1 -1 -1 
-1 -1 -1 -1 -1 -1 -1 0 -1 -1 1 -1 -1 -1 -1 
-1 -1 -1 -1 -1 -1 -1 0 -1 -1 1 -1 -1 -1 -1 
-1 -1 -1 -1 -1 -1 -1 0 -1 -1 1 -1 -1 -1 -1 
-1 -1 -1 -1 -1 -1 -1 0 -1 -1 -1 -1 -1 -1 -1 
END
15 1
4 7
3 10
-1 -1 -1 -1 -1 -1 -1 -1 -1 -1 -1 -1 -1 -1 -1 
-1 -1 -1 -1 -1 -1 -1 -1 -1 -1 -1 -1 -1 -1 -1 
-1 -1 -1 -1 -1 -1 -1 -1 -1 -1 -1 -1 -1 -1 -1 
-1 -1 -1 -1 -1 -1 -1 -1 -1 -1 1 -1 -1 -1 -1 
-1 -1 -1 -1 -1 -1 -1 0 -1 -1 1 -1 -1 -1 -1 
-1 -1 -1 -1 -1 -1 -1 0 -1 -1 1 -1 -1 -1 -1 
-1 -1 -1 -1 -1 -1 -1 0 -1 -1 1 -1 -1 -1 -1 
-1 -1 -1 -1 -1 -1 -1 0 -1 -1 1 -1 -1 -1 -1 
-1 -1 -1 -1 -1 -1 -1 0 -1 -1 1 -1 -1 -1 -1 
-1 -1 -1 -1 -1 -1 -1 0 -1 -1 1 -1 -1 -1 -1 
-1 -1 -1 -1 -1 -1 -1 0 -1 -1 1 -1 -1 -1 -1 
-1 -1 -1 -1 -1 -1 -1 0 -1 -1 1 -1 -1 -1 -1 
-1 -1 -1 -1 -1 -1 -1 0 -1 -1 1 -1 -1 -1 -1 
-1 -1 -1 -1 -1 -1 -1 0 -1 -1 1 -1 -1 -1 -1 
-1 -1 -1 -1 -1 -1 -1 0 -1 -1 -1 -1 -1 -1 -1 
END
15 1
3 7
2 10
-1 -1 -1 -1 -1 -1 -1 -1 -1 -1 -1 -1 -1 -1 -1 
-1 -1 -1 -1 -1 -1 -1 -1 -1 -1 -1 -1 -1 -1 -1 
-1 -1 -1 -1 -1 -1 -1 -1 -1 -1 1 -1 -1 -1 -1 
-1 -1 -1 -1 -1 -1 -1 0 -1 -1 1 -1 -1 -1 -1 
-1 -1 -1 -1 -1 -1 -1 0 -1 -1 1 -1 -1 -1 -1 
-1 -1 -1 -1 -1 -1 -1 0 -1 -1 1 -1 -1 -1 -1 
-1 -1 -1 -1 -1 -1 -1 0 -1 -1 1 -1 -1 -1 -1 
-1 -1 -1 -1 -1 -1 -1 0 -1 -1 1 -1 -1 -1 -1 
-1 -1 -1 -1 -1 -1 -1 0 -1 -1 1 -1 -1 -1 -1 
-1 -1 -1 -1 -1 -1 -1 0 -1 -1 1 -1 -1 -1 -1 
-1 -1 -1 -1 -1 -1 -1 0 -1 -1 1 -1 -1 -1 -1 
-1 -1 -1 -1 -1 -1 -1 0 -1 -1 1 -1 -1 -1 -1 
-1 -1 -1 -1 -1 -1 -1 0 -1 -1 1 -1 -1 -1 -1 
-1 -1 -1 -1 -1 -1 -1 0 -1 -1 1 -1 -1 -1 -1 
-1 -1 -1 -1 -1 -1 -1 0 -1 -1 -1 -1 -1 -1 -1 
END
15 1
2 7
1 10
-1 -1 -1 -1 -1 -1 -1 -1 -1 -1 -1 -1 -1 -1 -1 
-1 -1 -1 -1 -1 -1 -1 -1 -1 -1 1 -1 -1 -1 -1 
-1 -1 -1 -1 -1 -1 -1 0 -1 -1 1 -1 -1 -1 -1 
-1 -1 -1 -1 -1 -1 -1 0 -1 -1 1 -1 -1 -1 -1 
-1 -1 -1 -1 -1 -1 -1 0 -1 -1 1 -1 -1 -1 -1 
-1 -1 -1 -1 -1 -1 -1 0 -1 -1 1 -1 -1 -1 -1 
-1 -1 -1 -1 -1 -1 -1 0 -1 -1 1 -1 -1 -1 -1 
-1 -1 -1 -1 -1 -1 -1 0 -1 -1 1 -1 -1 -1 -1 
-1 -1 -1 -1 -1 -1 -1 0 -1 -1 1 -1 -1 -1 -1 
-1 -1 -1 -1 -1 -1 -1 0 -1 -1 1 -1 -1 -1 -1 
-1 -1 -1 -1 -1 -1 -1 0 -1 -1 1 -1 -1 -1 -1 
-1 -1 -1 -1 -1 -1 -1 0 -1 -1 1 -1 -1 -1 -1 
-1 -1 -1 -1 -1 -1 -1 0 -1 -1 1 -1 -1 -1 -1 
-1 -1 -1 -1 -1 -1 -1 0 -1 -1 1 -1 -1 -1 -1 
-1 -1 -1 -1 -1 -1 -1 0 -1 -1 -1 -1 -1 -1 -1 
END
15 1
1 7
0 10
-1 -1 -1 -1 -1 -1 -1 -1 -1 -1 1 -1 -1 -1 -1 
-1 -1 -1 -1 -1 -1 -1 0 -1 -1 1 -1 -1 -1 -1 
-1 -1 -1 -1 -1 -1 -1 0 -1 -1 1 -1 -1 -1 -1 
-1 -1 -1 -1 -1 -1 -1 0 -1 -1 1 -1 -1 -1 -1 
-1 -1 -1 -1 -1 -1 -1 0 -1 -1 1 -1 -1 -1 -1 
-1 -1 -1 -1 -1 -1 -1 0 -1 -1 1 -1 -1 -1 -1 
-1 -1 -1 -1 -1 -1 -1 0 -1 -1 1 -1 -1 -1 -1 
-1 -1 -1 -1 -1 -1 -1 0 -1 -1 1 -1 -1 -1 -1 
-1 -1 -1 -1 -1 -1 -1 0 -1 -1 1 -1 -1 -1 -1 
-1 -1 -1 -1 -1 -1 -1 0 -1 -1 1 -1 -1 -1 -1 
-1 -1 -1 -1 -1 -1 -1 0 -1 -1 1 -1 -1 -1 -1 
-1 -1 -1 -1 -1 -1 -1 0 -1 -1 1 -1 -1 -1 -1 
-1 -1 -1 -1 -1 -1 -1 0 -1 -1 1 -1 -1 -1 -1 
-1 -1 -1 -1 -1 -1 -1 0 -1 -1 1 -1 -1 -1 -1 
-1 -1 -1 -1 -1 -1 -1 0 -1 -1 -1 -1 -1 -1 -1 
END
15 1
0 7
0 9
-1 -1 -1 -1 -1 -1 -1 0 -1 1 1 -1 -1 -1 -1 
-1 -1 -1 -1 -1 -1 -1 0 -1 -1 1 -1 -1 -1 -1 
-1 -1 -1 -1 -1 -1 -1 0 -1 -1 1 -1 -1 -1 -1 
-1 -1 -1 -1 -1 -1 -1 0 -1 -1 1 -1 -1 -1 -1 
-1 -1 -1 -1 -1 -1 -1 0 -1 -1 1 -1 -1 -1 -1 
-1 -1 -1 -1 -1 -1 -1 0 -1 -1 1 -1 -1 -1 -1 
-1 -1 -1 -1 -1 -1 -1 0 -1 -1 1 -1 -1 -1 -1 
-1 -1 -1 -1 -1 -1 -1 0 -1 -1 1 -1 -1 -1 -1 
-1 -1 -1 -1 -1 -1 -1 0 -1 -1 1 -1 -1 -1 -1 
-1 -1 -1 -1 -1 -1 -1 0 -1 -1 1 -1 -1 -1 -1 
-1 -1 -1 -1 -1 -1 -1 0 -1 -1 1 -1 -1 -1 -1 
-1 -1 -1 -1 -1 -1 -1 0 -1 -1 1 -1 -1 -1 -1 
-1 -1 -1 -1 -1 -1 -1 0 -1 -1 1 -1 -1 -1 -1 
-1 -1 -1 -1 -1 -1 -1 0 -1 -1 1 -1 -1 -1 -1 
-1 -1 -1 -1 -1 -1 -1 0 -1 -1 -1 -1 -1 -1 -1 
END
15 1
0 6
1 9
-1 -1 -1 -1 -1 -1 0 0 -1 1 1 -1 -1 -1 -1 
-1 -1 -1 -1 -1 -1 -1 0 -1 1 1 -1 -1 -1 -1 
-1 -1 -1 -1 -1 -1 -1 0 -1 -1 1 -1 -1 -1 -1 
-1 -1 -1 -1 -1 -1 -1 0 -1 -1 1 -1 -1 -1 -1 
-1 -1 -1 -1 -1 -1 -1 0 -1 -1 1 -1 -1 -1 -1 
-1 -1 -1 -1 -1 -1 -1 0 -1 -1 1 -1 -1 -1 -1 
-1 -1 -1 -1 -1 -1 -1 0 -1 -1 1 -1 -1 -1 -1 
-1 -1 -1 -1 -1 -1 -1 0 -1 -1 1 -1 -1 -1 -1 
-1 -1 -1 -1 -1 -1 -1 0 -1 -1 1 -1 -1 -1 -1 
-1 -1 -1 -1 -1 -1 -1 0 -1 -1 1 -1 -1 -1 -1 
-1 -1 -1 -1 -1 -1 -1 0 -1 -1 1 -1 -1 -1 -1 
-1 -1 -1 -1 -1 -1 -1 0 -1 -1 1 -1 -1 -1 -1 
-1 -1 -1 -1 -1 -1 -1 0 -1 -1 1 -1 -1 -1 -1 
-1 -1 -1 -1 -1 -1 -1 0 -1 -1 1 -1 -1 -1 -1 
-1 -1 -1 -1 -1 -1 -1 0 -1 -1 -1 -1 -1 -1 -1 
END
15 1
1 6
2 9
-1 -1 -1 -1 -1 -1 0 0 -1 1 1 -1 -1 -1 -1 
-1 -1 -1 -1 -1 -1 0 0 -1 1 1 -1 -1 -1 -1 
-1 -1 -1 -1 -1 -1 -1 0 -1 1 1 -1 -1 -1 -1 
-1 -1 -1 -1 -1 -1 -1 0 -1 -1 1 -1 -1 -1 -1 
-1 -1 -1 -1 -1 -1 -1 0 -1 -1 1 -1 -1 -1 -1 
-1 -1 -1 -1 -1 -1 -1 0 -1 -1 1 -1 -1 -1 -1 
-1 -1 -1 -1 -1 -1 -1 0 -1 -1 1 -1 -1 -1 -1 
-1 -1 -1 -1 -1 -1 -1 0 -1 -1 1 -1 -1 -1 -1 
-1 -1 -1 -1 -1 -1 -1 0 -1 -1 1 -1 -1 -1 -1 
-1 -1 -1 -1 -1 -1 -1 0 -1 -1 1 -1 -1 -1 -1 
-1 -1 -1 -1 -1 -1 -1 0 -1 -1 1 -1 -1 -1 -1 
-1 -1 -1 -1 -1 -1 -1 0 -1 -1 1 -1 -1 -1 -1 
-1 -1 -1 -1 -1 -1 -1 0 -1 -1 1 -1 -1 -1 -1 
-1 -1 -1 -1 -1 -1 -1 0 -1 -1 1 -1 -1 -1 -1 
-1 -1 -1 -1 -1 -1 -1 0 -1 -1 -1 -1 -1 -1 -1 
END
15 1
2 6
3 9
-1 -1 -1 -1 -1 -1 0 0 -1 1 1 -1 -1 -1 -1 
-1 -1 -1 -1 -1 -1 0 0 -1 1 1 -1 -1 -1 -1 
-1 -1 -1 -1 -1 -1 0 0 -1 1 1 -1 -1 -1 -1 
-1 -1 -1 -1 -1 -1 -1 0 -1 1 1 -1 -1 -1 -1 
-1 -1 -1 -1 -1 -1 -1 0 -1 -1 1 -1 -1 -1 -1 
-1 -1 -1 -1 -1 -1 -1 0 -1 -1 1 -1 -1 -1 -1 
-1 -1 -1 -1 -1 -1 -1 0 -1 -1 1 -1 -1 -1 -1 
-1 -1 -1 -1 -1 -1 -1 0 -1 -1 1 -1 -1 -1 -1 
-1 -1 -1 -1 -1 -1 -1 0 -1 -1 1 -1 -1 -1 -1 
-1 -1 -1 -1 -1 -1 -1 0 -1 -1 1 -1 -1 -1 -1 
-1 -1 -1 -1 -1 -1 -1 0 -1 -1 1 -1 -1 -1 -1 
-1 -1 -1 -1 -1 -1 -1 0 -1 -1 1 -1 -1 -1 -1 
-1 -1 -1 -1 -1 -1 -1 0 -1 -1 1 -1 -1 -1 -1 
-1 -1 -1 -1 -1 -1 -1 0 -1 -1 1 -1 -1 -1 -1 
-1 -1 -1 -1 -1 -1 -1 0 -1 -1 -1 -1 -1 -1 -1 
END
15 1
3 6
4 9
-1 -1 -1 -1 -1 -1 0 0 -1 1 1 -1 -1 -1 -1 
-1 -1 -1 -1 -1 -1 0 0 -1 1 1 -1 -1 -1 -1 
-1 -1 -1 -1 -1 -1 0 0 -1 1 1 -1 -1 -1 -1 
-1 -1 -1 -1 -1 -1 0 0 -1 1 1 -1 -1 -1 -1 
-1 -1 -1 -1 -1 -1 -1 0 -1 1 1 -1 -1 -1 -1 
-1 -1 -1 -1 -1 -1 -1 0 -1 -1 1 -1 -1 -1 -1 
-1 -1 -1 -1 -1 -1 -1 0 -1 -1 1 -1 -1 -1 -1 
-1 -1 -1 -1 -1 -1 -1 0 -1 -1 1 -1 -1 -1 -1 
-1 -1 -1 -1 -1 -1 -1 0 -1 -1 1 -1 -1 -1 -1 
-1 -1 -1 -1 -1 -1 -1 0 -1 -1 1 -1 -1 -1 -1 
-1 -1 -1 -1 -1 -1 -1 0 -1 -1 1 -1 -1 -1 -1 
-1 -1 -1 -1 -1 -1 -1 0 -1 -1 1 -1 -1 -1 -1 
-1 -1 -1 -1 -1 -1 -1 0 -1 -1 1 -1 -1 -1 -1 
-1 -1 -1 -1 -1 -1 -1 0 -1 -1 1 -1 -1 -1 -1 
-1 -1 -1 -1 -1 -1 -1 0 -1 -1 -1 -1 -1 -1 -1 
END
15 1
4 6
5 9
-1 -1 -1 -1 -1 -1 0 0 -1 1 1 -1 -1 -1 -1 
-1 -1 -1 -1 -1 -1 0 0 -1 1 1 -1 -1 -1 -1 
-1 -1 -1 -1 -1 -1 0 0 -1 1 1 -1 -1 -1 -1 
-1 -1 -1 -1 -1 -1 0 0 -1 1 1 -1 -1 -1 -1 
-1 -1 -1 -1 -1 -1 0 0 -1 1 1 -1 -1 -1 -1 
-1 -1 -1 -1 -1 -1 -1 0 -1 1 1 -1 -1 -1 -1 
-1 -1 -1 -1 -1 -1 -1 0 -1 -1 1 -1 -1 -1 -1 
-1 -1 -1 -1 -1 -1 -1 0 -1 -1 1 -1 -1 -1 -1 
-1 -1 -1 -1 -1 -1 -1 0 -1 -1 1 -1 -1 -1 -1 
-1 -1 -1 -1 -1 -1 -1 0 -1 -1 1 -1 -1 -1 -1 
-1 -1 -1 -1 -1 -1 -1 0 -1 -1 1 -1 -1 -1 -1 
-1 -1 -1 -1 -1 -1 -1 0 -1 -1 1 -1 -1 -1 -1 
-1 -1 -1 -1 -1 -1 -1 0 -1 -1 1 -1 -1 -1 -1 
-1 -1 -1 -1 -1 -1 -1 0 -1 -1 1 -1 -1 -1 -1 
-1 -1 -1 -1 -1 -1 -1 0 -1 -1 -1 -1 -1 -1 -1 
END
15 1
5 6
6 9
-1 -1 -1 -1 -1 -1 0 0 -1 1 1 -1 -1 -1 -1 
-1 -1 -1 -1 -1 -1 0 0 -1 1 1 -1 -1 -1 -1 
-1 -1 -1 -1 -1 -1 0 0 -1 1 1 -1 -1 -1 -1 
-1 -1 -1 -1 -1 -1 0 0 -1 1 1 -1 -1 -1 -1 
-1 -1 -1 -1 -1 -1 0 0 -1 1 1 -1 -1 -1 -1 
-1 -1 -1 -1 -1 -1 0 0 -1 1 1 -1 -1 -1 -1 
-1 -1 -1 -1 -1 -1 -1 0 -1 1 1 -1 -1 -1 -1 
-1 -1 -1 -1 -1 -1 -1 0 -1 -1 1 -1 -1 -1 -1 
-1 -1 -1 -1 -1 -1 -1 0 -1 -1 1 -1 -1 -1 -1 
-1 -1 -1 -1 -1 -1 -1 0 -1 -1 1 -1 -1 -1 -1 
-1 -1 -1 -1 -1 -1 -1 0 -1 -1 1 -1 -1 -1 -1 
-1 -1 -1 -1 -1 -1 -1 0 -1 -1 1 -1 -1 -1 -1 
-1 -1 -1 -1 -1 -1 -1 0 -1 -1 1 -1 -1 -1 -1 
-1 -1 -1 -1 -1 -1 -1 0 -1 -1 1 -1 -1 -1 -1 
-1 -1 -1 -1 -1 -1 -1 0 -1 -1 -1 -1 -1 -1 -1 
END
15 1
6 6
7 9
-1 -1 -1 -1 -1 -1 0 0 -1 1 1 -1 -1 -1 -1 
-1 -1 -1 -1 -1 -1 0 0 -1 1 1 -1 -1 -1 -1 
-1 -1 -1 -1 -1 -1 0 0 -1 1 1 -1 -1 -1 -1 
-1 -1 -1 -1 -1 -1 0 0 -1 1 1 -1 -1 -1 -1 
-1 -1 -1 -1 -1 -1 0 0 -1 1 1 -1 -1 -1 -1 
-1 -1 -1 -1 -1 -1 0 0 -1 1 1 -1 -1 -1 -1 
-1 -1 -1 -1 -1 -1 0 0 -1 1 1 -1 -1 -1 -1 
-1 -1 -1 -1 -1 -1 -1 0 -1 1 1 -1 -1 -1 -1 
-1 -1 -1 -1 -1 -1 -1 0 -1 -1 1 -1 -1 -1 -1 
-1 -1 -1 -1 -1 -1 -1 0 -1 -1 1 -1 -1 -1 -1 
-1 -1 -1 -1 -1 -1 -1 0 -1 -1 1 -1 -1 -1 -1 
-1 -1 -1 -1 -1 -1 -1 0 -1 -1 1 -1 -1 -1 -1 
-1 -1 -1 -1 -1 -1 -1 0 -1 -1 1 -1 -1 -1 -1 
-1 -1 -1 -1 -1 -1 -1 0 -1 -1 1 -1 -1 -1 -1 
-1 -1 -1 -1 -1 -1 -1 0 -1 -1 -1 -1 -1 -1 -1 
END
15 1
7 6
8 9
-1 -1 -1 -1 -1 -1 0 0 -1 1 1 -1 -1 -1 -1 
-1 -1 -1 -1 -1 -1 0 0 -1 1 1 -1 -1 -1 -1 
-1 -1 -1 -1 -1 -1 0 0 -1 1 1 -1 -1 -1 -1 
-1 -1 -1 -1 -1 -1 0 0 -1 1 1 -1 -1 -1 -1 
-1 -1 -1 -1 -1 -1 0 0 -1 1 1 -1 -1 -1 -1 
-1 -1 -1 -1 -1 -1 0 0 -1 1 1 -1 -1 -1 -1 
-1 -1 -1 -1 -1 -1 0 0 -1 1 1 -1 -1 -1 -1 
-1 -1 -1 -1 -1 -1 0 0 -1 1 1 -1 -1 -1 -1 
-1 -1 -1 -1 -1 -1 -1 0 -1 1 1 -1 -1 -1 -1 
-1 -1 -1 -1 -1 -1 -1 0 -1 -1 1 -1 -1 -1 -1 
-1 -1 -1 -1 -1 -1 -1 0 -1 -1 1 -1 -1 -1 -1 
-1 -1 -1 -1 -1 -1 -1 0 -1 -1 1 -1 -1 -1 -1 
-1 -1 -1 -1 -1 -1 -1 0 -1 -1 1 -1 -1 -1 -1 
-1 -1 -1 -1 -1 -1 -1 0 -1 -1 1 -1 -1 -1 -1 
-1 -1 -1 -1 -1 -1 -1 0 -1 -1 -1 -1 -1 -1 -1 
END
15 1
8 6
9 9
-1 -1 -1 -1 -1 -1 0 0 -1 1 1 -1 -1 -1 -1 
-1 -1 -1 -1 -1 -1 0 0 -1 1 1 -1 -1 -1 -1 
-1 -1 -1 -1 -1 -1 0 0 -1 1 1 -1 -1 -1 -1 
-1 -1 -1 -1 -1 -1 0 0 -1 1 1 -1 -1 -1 -1 
-1 -1 -1 -1 -1 -1 0 0 -1 1 1 -1 -1 -1 -1 
-1 -1 -1 -1 -1 -1 0 0 -1 1 1 -1 -1 -1 -1 
-1 -1 -1 -1 -1 -1 0 0 -1 1 1 -1 -1 -1 -1 
-1 -1 -1 -1 -1 -1 0 0 -1 1 1 -1 -1 -1 -1 
-1 -1 -1 -1 -1 -1 0 0 -1 1 1 -1 -1 -1 -1 
-1 -1 -1 -1 -1 -1 -1 0 -1 1 1 -1 -1 -1 -1 
-1 -1 -1 -1 -1 -1 -1 0 -1 -1 1 -1 -1 -1 -1 
-1 -1 -1 -1 -1 -1 -1 0 -1 -1 1 -1 -1 -1 -1 
-1 -1 -1 -1 -1 -1 -1 0 -1 -1 1 -1 -1 -1 -1 
-1 -1 -1 -1 -1 -1 -1 0 -1 -1 1 -1 -1 -1 -1 
-1 -1 -1 -1 -1 -1 -1 0 -1 -1 -1 -1 -1 -1 -1 
END
15 1
9 6
10 9
-1 -1 -1 -1 -1 -1 0 0 -1 1 1 -1 -1 -1 -1 
-1 -1 -1 -1 -1 -1 0 0 -1 1 1 -1 -1 -1 -1 
-1 -1 -1 -1 -1 -1 0 0 -1 1 1 -1 -1 -1 -1 
-1 -1 -1 -1 -1 -1 0 0 -1 1 1 -1 -1 -1 -1 
-1 -1 -1 -1 -1 -1 0 0 -1 1 1 -1 -1 -1 -1 
-1 -1 -1 -1 -1 -1 0 0 -1 1 1 -1 -1 -1 -1 
-1 -1 -1 -1 -1 -1 0 0 -1 1 1 -1 -1 -1 -1 
-1 -1 -1 -1 -1 -1 0 0 -1 1 1 -1 -1 -1 -1 
-1 -1 -1 -1 -1 -1 0 0 -1 1 1 -1 -1 -1 -1 
-1 -1 -1 -1 -1 -1 0 0 -1 1 1 -1 -1 -1 -1 
-1 -1 -1 -1 -1 -1 -1 0 -1 1 1 -1 -1 -1 -1 
-1 -1 -1 -1 -1 -1 -1 0 -1 -1 1 -1 -1 -1 -1 
-1 -1 -1 -1 -1 -1 -1 0 -1 -1 1 -1 -1 -1 -1 
-1 -1 -1 -1 -1 -1 -1 0 -1 -1 1 -1 -1 -1 -1 
-1 -1 -1 -1 -1 -1 -1 0 -1 -1 -1 -1 -1 -1 -1 
END
15 1
10 6
11 9
-1 -1 -1 -1 -1 -1 0 0 -1 1 1 -1 -1 -1 -1 
-1 -1 -1 -1 -1 -1 0 0 -1 1 1 -1 -1 -1 -1 
-1 -1 -1 -1 -1 -1 0 0 -1 1 1 -1 -1 -1 -1 
-1 -1 -1 -1 -1 -1 0 0 -1 1 1 -1 -1 -1 -1 
-1 -1 -1 -1 -1 -1 0 0 -1 1 1 -1 -1 -1 -1 
-1 -1 -1 -1 -1 -1 0 0 -1 1 1 -1 -1 -1 -1 
-1 -1 -1 -1 -1 -1 0 0 -1 1 1 -1 -1 -1 -1 
-1 -1 -1 -1 -1 -1 0 0 -1 1 1 -1 -1 -1 -1 
-1 -1 -1 -1 -1 -1 0 0 -1 1 1 -1 -1 -1 -1 
-1 -1 -1 -1 -1 -1 0 0 -1 1 1 -1 -1 -1 -1 
-1 -1 -1 -1 -1 -1 0 0 -1 1 1 -1 -1 -1 -1 
-1 -1 -1 -1 -1 -1 -1 0 -1 1 1 -1 -1 -1 -1 
-1 -1 -1 -1 -1 -1 -1 0 -1 -1 1 -1 -1 -1 -1 
-1 -1 -1 -1 -1 -1 -1 0 -1 -1 1 -1 -1 -1 -1 
-1 -1 -1 -1 -1 -1 -1 0 -1 -1 -1 -1 -1 -1 -1 
END
15 1
11 6
12 9
-1 -1 -1 -1 -1 -1 0 0 -1 1 1 -1 -1 -1 -1 
-1 -1 -1 -1 -1 -1 0 0 -1 1 1 -1 -1 -1 -1 
-1 -1 -1 -1 -1 -1 0 0 -1 1 1 -1 -1 -1 -1 
-1 -1 -1 -1 -1 -1 0 0 -1 1 1 -1 -1 -1 -1 
-1 -1 -1 -1 -1 -1 0 0 -1 1 1 -1 -1 -1 -1 
-1 -1 -1 -1 -1 -1 0 0 -1 1 1 -1 -1 -1 -1 
-1 -1 -1 -1 -1 -1 0 0 -1 1 1 -1 -1 -1 -1 
-1 -1 -1 -1 -1 -1 0 0 -1 1 1 -1 -1 -1 -1 
-1 -1 -1 -1 -1 -1 0 0 -1 1 1 -1 -1 -1 -1 
-1 -1 -1 -1 -1 -1 0 0 -1 1 1 -1 -1 -1 -1 
-1 -1 -1 -1 -1 -1 0 0 -1 1 1 -1 -1 -1 -1 
-1 -1 -1 -1 -1 -1 0 0 -1 1 1 -1 -1 -1 -1 
-1 -1 -1 -1 -1 -1 -1 0 -1 1 1 -1 -1 -1 -1 
-1 -1 -1 -1 -1 -1 -1 0 -1 -1 1 -1 -1 -1 -1 
-1 -1 -1 -1 -1 -1 -1 0 -1 -1 -1 -1 -1 -1 -1 
END
15 1
12 6
13 9
-1 -1 -1 -1 -1 -1 0 0 -1 1 1 -1 -1 -1 -1 
-1 -1 -1 -1 -1 -1 0 0 -1 1 1 -1 -1 -1 -1 
-1 -1 -1 -1 -1 -1 0 0 -1 1 1 -1 -1 -1 -1 
-1 -1 -1 -1 -1 -1 0 0 -1 1 1 -1 -1 -1 -1 
-1 -1 -1 -1 -1 -1 0 0 -1 1 1 -1 -1 -1 -1 
-1 -1 -1 -1 -1 -1 0 0 -1 1 1 -1 -1 -1 -1 
-1 -1 -1 -1 -1 -1 0 0 -1 1 1 -1 -1 -1 -1 
-1 -1 -1 -1 -1 -1 0 0 -1 1 1 -1 -1 -1 -1 
-1 -1 -1 -1 -1 -1 0 0 -1 1 1 -1 -1 -1 -1 
-1 -1 -1 -1 -1 -1 0 0 -1 1 1 -1 -1 -1 -1 
-1 -1 -1 -1 -1 -1 0 0 -1 1 1 -1 -1 -1 -1 
-1 -1 -1 -1 -1 -1 0 0 -1 1 1 -1 -1 -1 -1 
-1 -1 -1 -1 -1 -1 0 0 -1 1 1 -1 -1 -1 -1 
-1 -1 -1 -1 -1 -1 -1 0 -1 1 1 -1 -1 -1 -1 
-1 -1 -1 -1 -1 -1 -1 0 -1 -1 -1 -1 -1 -1 -1 
END
15 1
13 6
14 9
-1 -1 -1 -1 -1 -1 0 0 -1 1 1 -1 -1 -1 -1 
-1 -1 -1 -1 -1 -1 0 0 -1 1 1 -1 -1 -1 -1 
-1 -1 -1 -1 -1 -1 0 0 -1 1 1 -1 -1 -1 -1 
-1 -1 -1 -1 -1 -1 0 0 -1 1 1 -1 -1 -1 -1 
-1 -1 -1 -1 -1 -1 0 0 -1 1 1 -1 -1 -1 -1 
-1 -1 -1 -1 -1 -1 0 0 -1 1 1 -1 -1 -1 -1 
-1 -1 -1 -1 -1 -1 0 0 -1 1 1 -1 -1 -1 -1 
-1 -1 -1 -1 -1 -1 0 0 -1 1 1 -1 -1 -1 -1 
-1 -1 -1 -1 -1 -1 0 0 -1 1 1 -1 -1 -1 -1 
-1 -1 -1 -1 -1 -1 0 0 -1 1 1 -1 -1 -1 -1 
-1 -1 -1 -1 -1 -1 0 0 -1 1 1 -1 -1 -1 -1 
-1 -1 -1 -1 -1 -1 0 0 -1 1 1 -1 -1 -1 -1 
-1 -1 -1 -1 -1 -1 0 0 -1 1 1 -1 -1 -1 -1 
-1 -1 -1 -1 -1 -1 0 0 -1 1 1 -1 -1 -1 -1 
-1 -1 -1 -1 -1 -1 -1 0 -1 1 -1 -1 -1 -1 -1 
END
15 1
14 6
14 8
-1 -1 -1 -1 -1 -1 0 0 -1 1 1 -1 -1 -1 -1 
-1 -1 -1 -1 -1 -1 0 0 -1 1 1 -1 -1 -1 -1 
-1 -1 -1 -1 -1 -1 0 0 -1 1 1 -1 -1 -1 -1 
-1 -1 -1 -1 -1 -1 0 0 -1 1 1 -1 -1 -1 -1 
-1 -1 -1 -1 -1 -1 0 0 -1 1 1 -1 -1 -1 -1 
-1 -1 -1 -1 -1 -1 0 0 -1 1 1 -1 -1 -1 -1 
-1 -1 -1 -1 -1 -1 0 0 -1 1 1 -1 -1 -1 -1 
-1 -1 -1 -1 -1 -1 0 0 -1 1 1 -1 -1 -1 -1 
-1 -1 -1 -1 -1 -1 0 0 -1 1 1 -1 -1 -1 -1 
-1 -1 -1 -1 -1 -1 0 0 -1 1 1 -1 -1 -1 -1 
-1 -1 -1 -1 -1 -1 0 0 -1 1 1 -1 -1 -1 -1 
-1 -1 -1 -1 -1 -1 0 0 -1 1 1 -1 -1 -1 -1 
-1 -1 -1 -1 -1 -1 0 0 -1 1 1 -1 -1 -1 -1 
-1 -1 -1 -1 -1 -1 0 0 -1 1 1 -1 -1 -1 -1 
-1 -1 -1 -1 -1 -1 0 0 1 1 -1 -1 -1 -1 -1 
END
15 1
14 5
13 8
-1 -1 -1 -1 -1 -1 0 0 -1 1 1 -1 -1 -1 -1 
-1 -1 -1 -1 -1 -1 0 0 -1 1 1 -1 -1 -1 -1 
-1 -1 -1 -1 -1 -1 0 0 -1 1 1 -1 -1 -1 -1 
-1 -1 -1 -1 -1 -1 0 0 -1 1 1 -1 -1 -1 -1 
-1 -1 -1 -1 -1 -1 0 0 -1 1 1 -1 -1 -1 -1 
-1 -1 -1 -1 -1 -1 0 0 -1 1 1 -1 -1 -1 -1 
-1 -1 -1 -1 -1 -1 0 0 -1 1 1 -1 -1 -1 -1 
-1 -1 -1 -1 -1 -1 0 0 -1 1 1 -1 -1 -1 -1 
-1 -1 -1 -1 -1 -1 0 0 -1 1 1 -1 -1 -1 -1 
-1 -1 -1 -1 -1 -1 0 0 -1 1 1 -1 -1 -1 -1 
-1 -1 -1 -1 -1 -1 0 0 -1 1 1 -1 -1 -1 -1 
-1 -1 -1 -1 -1 -1 0 0 -1 1 1 -1 -1 -1 -1 
-1 -1 -1 -1 -1 -1 0 0 -1 1 1 -1 -1 -1 -1 
-1 -1 -1 -1 -1 -1 0 0 1 1 1 -1 -1 -1 -1 
-1 -1 -1 -1 -1 0 0 0 1 1 -1 -1 -1 -1 -1 
END
15 1
13 5
12 8
-1 -1 -1 -1 -1 -1 0 0 -1 1 1 -1 -1 -1 -1 
-1 -1 -1 -1 -1 -1 0 0 -1 1 1 -1 -1 -1 -1 
-1 -1 -1 -1 -1 -1 0 0 -1 1 1 -1 -1 -1 -1 
-1 -1 -1 -1 -1 -1 0 0 -1 1 1 -1 -1 -1 -1 
-1 -1 -1 -1 -1 -1 0 0 -1 1 1 -1 -1 -1 -1 
-1 -1 -1 -1 -1 -1 0 0 -1 1 1 -1 -1 -1 -1 
-1 -1 -1 -1 -1 -1 0 0 -1 1 1 -1 -1 -1 -1 
-1 -1 -1 -1 -1 -1 0 0 -1 1 1 -1 -1 -1 -1 
-1 -1 -1 -1 -1 -1 0 0 -1 1 1 -1 -1 -1 -1 
-1 -1 -1 -1 -1 -1 0 0 -1 1 1 -1 -1 -1 -1 
-1 -1 -1 -1 -1 -1 0 0 -1 1 1 -1 -1 -1 -1 
-1 -1 -1 -1 -1 -1 0 0 -1 1 1 -1 -1 -1 -1 
-1 -1 -1 -1 -1 -1 0 0 1 1 1 -1 -1 -1 -1 
-1 -1 -1 -1 -1 0 0 0 1 1 1 -1 -1 -1 -1 
-1 -1 -1 -1 -1 0 0 0 1 1 -1 -1 -1 -1 -1 
END
15 1
12 5
11 8
-1 -1 -1 -1 -1 -1 0 0 -1 1 1 -1 -1 -1 -1 
-1 -1 -1 -1 -1 -1 0 0 -1 1 1 -1 -1 -1 -1 
-1 -1 -1 -1 -1 -1 0 0 -1 1 1 -1 -1 -1 -1 
-1 -1 -1 -1 -1 -1 0 0 -1 1 1 -1 -1 -1 -1 
-1 -1 -1 -1 -1 -1 0 0 -1 1 1 -1 -1 -1 -1 
-1 -1 -1 -1 -1 -1 0 0 -1 1 1 -1 -1 -1 -1 
-1 -1 -1 -1 -1 -1 0 0 -1 1 1 -1 -1 -1 -1 
-1 -1 -1 -1 -1 -1 0 0 -1 1 1 -1 -1 -1 -1 
-1 -1 -1 -1 -1 -1 0 0 -1 1 1 -1 -1 -1 -1 
-1 -1 -1 -1 -1 -1 0 0 -1 1 1 -1 -1 -1 -1 
-1 -1 -1 -1 -1 -1 0 0 -1 1 1 -1 -1 -1 -1 
-1 -1 -1 -1 -1 -1 0 0 1 1 1 -1 -1 -1 -1 
-1 -1 -1 -1 -1 0 0 0 1 1 1 -1 -1 -1 -1 
-1 -1 -1 -1 -1 0 0 0 1 1 1 -1 -1 -1 -1 
-1 -1 -1 -1 -1 0 0 0 1 1 -1 -1 -1 -1 -1 
END
15 1
11 5
10 8
-1 -1 -1 -1 -1 -1 0 0 -1 1 1 -1 -1 -1 -1 
-1 -1 -1 -1 -1 -1 0 0 -1 1 1 -1 -1 -1 -1 
-1 -1 -1 -1 -1 -1 0 0 -1 1 1 -1 -1 -1 -1 
-1 -1 -1 -1 -1 -1 0 0 -1 1 1 -1 -1 -1 -1 
-1 -1 -1 -1 -1 -1 0 0 -1 1 1 -1 -1 -1 -1 
-1 -1 -1 -1 -1 -1 0 0 -1 1 1 -1 -1 -1 -1 
-1 -1 -1 -1 -1 -1 0 0 -1 1 1 -1 -1 -1 -1 
-1 -1 -1 -1 -1 -1 0 0 -1 1 1 -1 -1 -1 -1 
-1 -1 -1 -1 -1 -1 0 0 -1 1 1 -1 -1 -1 -1 
-1 -1 -1 -1 -1 -1 0 0 -1 1 1 -1 -1 -1 -1 
-1 -1 -1 -1 -1 -1 0 0 1 1 1 -1 -1 -1 -1 
-1 -1 -1 -1 -1 0 0 0 1 1 1 -1 -1 -1 -1 
-1 -1 -1 -1 -1 0 0 0 1 1 1 -1 -1 -1 -1 
-1 -1 -1 -1 -1 0 0 0 1 1 1 -1 -1 -1 -1 
-1 -1 -1 -1 -1 0 0 0 1 1 -1 -1 -1 -1 -1 
END
15 1
10 5
9 8
-1 -1 -1 -1 -1 -1 0 0 -1 1 1 -1 -1 -1 -1 
-1 -1 -1 -1 -1 -1 0 0 -1 1 1 -1 -1 -1 -1 
-1 -1 -1 -1 -1 -1 0 0 -1 1 1 -1 -1 -1 -1 
-1 -1 -1 -1 -1 -1 0 0 -1 1 1 -1 -1 -1 -1 
-1 -1 -1 -1 -1 -1 0 0 -1 1 1 -1 -1 -1 -1 
-1 -1 -1 -1 -1 -1 0 0 -1 1 1 -1 -1 -1 -1 
-1 -1 -1 -1 -1 -1 0 0 -1 1 1 -1 -1 -1 -1 
-1 -1 -1 -1 -1 -1 0 0 -1 1 1 -1 -1 -1 -1 
-1 -1 -1 -1 -1 -1 0 0 -1 1 1 -1 -1 -1 -1 
-1 -1 -1 -1 -1 -1 0 0 1 1 1 -1 -1 -1 -1 
-1 -1 -1 -1 -1 0 0 0 1 1 1 -1 -1 -1 -1 
-1 -1 -1 -1 -1 0 0 0 1 1 1 -1 -1 -1 -1 
-1 -1 -1 -1 -1 0 0 0 1 1 1 -1 -1 -1 -1 
-1 -1 -1 -1 -1 0 0 0 1 1 1 -1 -1 -1 -1 
-1 -1 -1 -1 -1 0 0 0 1 1 -1 -1 -1 -1 -1 
END
15 1
9 5
8 8
-1 -1 -1 -1 -1 -1 0 0 -1 1 1 -1 -1 -1 -1 
-1 -1 -1 -1 -1 -1 0 0 -1 1 1 -1 -1 -1 -1 
-1 -1 -1 -1 -1 -1 0 0 -1 1 1 -1 -1 -1 -1 
-1 -1 -1 -1 -1 -1 0 0 -1 1 1 -1 -1 -1 -1 
-1 -1 -1 -1 -1 -1 0 0 -1 1 1 -1 -1 -1 -1 
-1 -1 -1 -1 -1 -1 0 0 -1 1 1 -1 -1 -1 -1 
-1 -1 -1 -1 -1 -1 0 0 -1 1 1 -1 -1 -1 -1 
-1 -1 -1 -1 -1 -1 0 0 -1 1 1 -1 -1 -1 -1 
-1 -1 -1 -1 -1 -1 0 0 1 1 1 -1 -1 -1 -1 
-1 -1 -1 -1 -1 0 0 0 1 1 1 -1 -1 -1 -1 
-1 -1 -1 -1 -1 0 0 0 1 1 1 -1 -1 -1 -1 
-1 -1 -1 -1 -1 0 0 0 1 1 1 -1 -1 -1 -1 
-1 -1 -1 -1 -1 0 0 0 1 1 1 -1 -1 -1 -1 
-1 -1 -1 -1 -1 0 0 0 1 1 1 -1 -1 -1 -1 
-1 -1 -1 -1 -1 0 0 0 1 1 -1 -1 -1 -1 -1 
END
15 1
8 5
7 8
-1 -1 -1 -1 -1 -1 0 0 -1 1 1 -1 -1 -1 -1 
-1 -1 -1 -1 -1 -1 0 0 -1 1 1 -1 -1 -1 -1 
-1 -1 -1 -1 -1 -1 0 0 -1 1 1 -1 -1 -1 -1 
-1 -1 -1 -1 -1 -1 0 0 -1 1 1 -1 -1 -1 -1 
-1 -1 -1 -1 -1 -1 0 0 -1 1 1 -1 -1 -1 -1 
-1 -1 -1 -1 -1 -1 0 0 -1 1 1 -1 -1 -1 -1 
-1 -1 -1 -1 -1 -1 0 0 -1 1 1 -1 -1 -1 -1 
-1 -1 -1 -1 -1 -1 0 0 1 1 1 -1 -1 -1 -1 
-1 -1 -1 -1 -1 0 0 0 1 1 1 -1 -1 -1 -1 
-1 -1 -1 -1 -1 0 0 0 1 1 1 -1 -1 -1 -1 
-1 -1 -1 -1 -1 0 0 0 1 1 1 -1 -1 -1 -1 
-1 -1 -1 -1 -1 0 0 0 1 1 1 -1 -1 -1 -1 
-1 -1 -1 -1 -1 0 0 0 1 1 1 -1 -1 -1 -1 
-1 -1 -1 -1 -1 0 0 0 1 1 1 -1 -1 -1 -1 
-1 -1 -1 -1 -1 0 0 0 1 1 -1 -1 -1 -1 -1 
END
15 1
7 5
6 8
-1 -1 -1 -1 -1 -1 0 0 -1 1 1 -1 -1 -1 -1 
-1 -1 -1 -1 -1 -1 0 0 -1 1 1 -1 -1 -1 -1 
-1 -1 -1 -1 -1 -1 0 0 -1 1 1 -1 -1 -1 -1 
-1 -1 -1 -1 -1 -1 0 0 -1 1 1 -1 -1 -1 -1 
-1 -1 -1 -1 -1 -1 0 0 -1 1 1 -1 -1 -1 -1 
-1 -1 -1 -1 -1 -1 0 0 -1 1 1 -1 -1 -1 -1 
-1 -1 -1 -1 -1 -1 0 0 1 1 1 -1 -1 -1 -1 
-1 -1 -1 -1 -1 0 0 0 1 1 1 -1 -1 -1 -1 
-1 -1 -1 -1 -1 0 0 0 1 1 1 -1 -1 -1 -1 
-1 -1 -1 -1 -1 0 0 0 1 1 1 -1 -1 -1 -1 
-1 -1 -1 -1 -1 0 0 0 1 1 1 -1 -1 -1 -1 
-1 -1 -1 -1 -1 0 0 0 1 1 1 -1 -1 -1 -1 
-1 -1 -1 -1 -1 0 0 0 1 1 1 -1 -1 -1 -1 
-1 -1 -1 -1 -1 0 0 0 1 1 1 -1 -1 -1 -1 
-1 -1 -1 -1 -1 0 0 0 1 1 -1 -1 -1 -1 -1 
END
15 1
6 5
5 8
-1 -1 -1 -1 -1 -1 0 0 -1 1 1 -1 -1 -1 -1 
-1 -1 -1 -1 -1 -1 0 0 -1 1 1 -1 -1 -1 -1 
-1 -1 -1 -1 -1 -1 0 0 -1 1 1 -1 -1 -1 -1 
-1 -1 -1 -1 -1 -1 0 0 -1 1 1 -1 -1 -1 -1 
-1 -1 -1 -1 -1 -1 0 0 -1 1 1 -1 -1 -1 -1 
-1 -1 -1 -1 -1 -1 0 0 1 1 1 -1 -1 -1 -1 
-1 -1 -1 -1 -1 0 0 0 1 1 1 -1 -1 -1 -1 
-1 -1 -1 -1 -1 0 0 0 1 1 1 -1 -1 -1 -1 
-1 -1 -1 -1 -1 0 0 0 1 1 1 -1 -1 -1 -1 
-1 -1 -1 -1 -1 0 0 0 1 1 1 -1 -1 -1 -1 
-1 -1 -1 -1 -1 0 0 0 1 1 1 -1 -1 -1 -1 
-1 -1 -1 -1 -1 0 0 0 1 1 1 -1 -1 -1 -1 
-1 -1 -1 -1 -1 0 0 0 1 1 1 -1 -1 -1 -1 
-1 -1 -1 -1 -1 0 0 0 1 1 1 -1 -1 -1 -1 
-1 -1 -1 -1 -1 0 0 0 1 1 -1 -1 -1 -1 -1 
END
15 1
5 5
4 8
-1 -1 -1 -1 -1 -1 0 0 -1 1 1 -1 -1 -1 -1 
-1 -1 -1 -1 -1 -1 0 0 -1 1 1 -1 -1 -1 -1 
-1 -1 -1 -1 -1 -1 0 0 -1 1 1 -1 -1 -1 -1 
-1 -1 -1 -1 -1 -1 0 0 -1 1 1 -1 -1 -1 -1 
-1 -1 -1 -1 -1 -1 0 0 1 1 1 -1 -1 -1 -1 
-1 -1 -1 -1 -1 0 0 0 1 1 1 -1 -1 -1 -1 
-1 -1 -1 -1 -1 0 0 0 1 1 1 -1 -1 -1 -1 
-1 -1 -1 -1 -1 0 0 0 1 1 1 -1 -1 -1 -1 
-1 -1 -1 -1 -1 0 0 0 1 1 1 -1 -1 -1 -1 
-1 -1 -1 -1 -1 0 0 0 1 1 1 -1 -1 -1 -1 
-1 -1 -1 -1 -1 0 0 0 1 1 1 -1 -1 -1 -1 
-1 -1 -1 -1 -1 0 0 0 1 1 1 -1 -1 -1 -1 
-1 -1 -1 -1 -1 0 0 0 1 1 1 -1 -1 -1 -1 
-1 -1 -1 -1 -1 0 0 0 1 1 1 -1 -1 -1 -1 
-1 -1 -1 -1 -1 0 0 0 1 1 -1 -1 -1 -1 -1 
END
15 1
4 5
3 8
-1 -1 -1 -1 -1 -1 0 0 -1 1 1 -1 -1 -1 -1 
-1 -1 -1 -1 -1 -1 0 0 -1 1 1 -1 -1 -1 -1 
-1 -1 -1 -1 -1 -1 0 0 -1 1 1 -1 -1 -1 -1 
-1 -1 -1 -1 -1 -1 0 0 1 1 1 -1 -1 -1 -1 
-1 -1 -1 -1 -1 0 0 0 1 1 1 -1 -1 -1 -1 
-1 -1 -1 -1 -1 0 0 0 1 1 1 -1 -1 -1 -1 
-1 -1 -1 -1 -1 0 0 0 1 1 1 -1 -1 -1 -1 
-1 -1 -1 -1 -1 0 0 0 1 1 1 -1 -1 -1 -1 
-1 -1 -1 -1 -1 0 0 0 1 1 1 -1 -1 -1 -1 
-1 -1 -1 -1 -1 0 0 0 1 1 1 -1 -1 -1 -1 
-1 -1 -1 -1 -1 0 0 0 1 1 1 -1 -1 -1 -1 
-1 -1 -1 -1 -1 0 0 0 1 1 1 -1 -1 -1 -1 
-1 -1 -1 -1 -1 0 0 0 1 1 1 -1 -1 -1 -1 
-1 -1 -1 -1 -1 0 0 0 1 1 1 -1 -1 -1 -1 
-1 -1 -1 -1 -1 0 0 0 1 1 -1 -1 -1 -1 -1 
END
15 1
3 5
2 8
-1 -1 -1 -1 -1 -1 0 0 -1 1 1 -1 -1 -1 -1 
-1 -1 -1 -1 -1 -1 0 0 -1 1 1 -1 -1 -1 -1 
-1 -1 -1 -1 -1 -1 0 0 1 1 1 -1 -1 -1 -1 
-1 -1 -1 -1 -1 0 0 0 1 1 1 -1 -1 -1 -1 
-1 -1 -1 -1 -1 0 0 0 1 1 1 -1 -1 -1 -1 
-1 -1 -1 -1 -1 0 0 0 1 1 1 -1 -1 -1 -1 
-1 -1 -1 -1 -1 0 0 0 1 1 1 -1 -1 -1 -1 
-1 -1 -1 -1 -1 0 0 0 1 1 1 -1 -1 -1 -1 
-1 -1 -1 -1 -1 0 0 0 1 1 1 -1 -1 -1 -1 
-1 -1 -1 -1 -1 0 0 0 1 1 1 -1 -1 -1 -1 
-1 -1 -1 -1 -1 0 0 0 1 1 1 -1 -1 -1 -1 
-1 -1 -1 -1 -1 0 0 0 1 1 1 -1 -1 -1 -1 
-1 -1 -1 -1 -1 0 0 0 1 1 1 -1 -1 -1 -1 
-1 -1 -1 -1 -1 0 0 0 1 1 1 -1 -1 -1 -1 
-1 -1 -1 -1 -1 0 0 0 1 1 -1 -1 -1 -1 -1 
END
15 1
2 5
1 8
-1 -1 -1 -1 -1 -1 0 0 -1 1 1 -1 -1 -1 -1 
-1 -1 -1 -1 -1 -1 0 0 1 1 1 -1 -1 -1 -1 
-1 -1 -1 -1 -1 0 0 0 1 1 1 -1 -1 -1 -1 
-1 -1 -1 -1 -1 0 0 0 1 1 1 -1 -1 -1 -1 
-1 -1 -1 -1 -1 0 0 0 1 1 1 -1 -1 -1 -1 
-1 -1 -1 -1 -1 0 0 0 1 1 1 -1 -1 -1 -1 
-1 -1 -1 -1 -1 0 0 0 1 1 1 -1 -1 -1 -1 
-1 -1 -1 -1 -1 0 0 0 1 1 1 -1 -1 -1 -1 
-1 -1 -1 -1 -1 0 0 0 1 1 1 -1 -1 -1 -1 
-1 -1 -1 -1 -1 0 0 0 1 1 1 -1 -1 -1 -1 
-1 -1 -1 -1 -1 0 0 0 1 1 1 -1 -1 -1 -1 
-1 -1 -1 -1 -1 0 0 0 1 1 1 -1 -1 -1 -1 
-1 -1 -1 -1 -1 0 0 0 1 1 1 -1 -1 -1 -1 
-1 -1 -1 -1 -1 0 0 0 1 1 1 -1 -1 -1 -1 
-1 -1 -1 -1 -1 0 0 0 1 1 -1 -1 -1 -1 -1 
END
15 1
1 5
0 8
-1 -1 -1 -1 -1 -1 0 0 1 1 1 -1 -1 -1 -1 
-1 -1 -1 -1 -1 0 0 0 1 1 1 -1 -1 -1 -1 
-1 -1 -1 -1 -1 0 0 0 1 1 1 -1 -1 -1 -1 
-1 -1 -1 -1 -1 0 0 0 1 1 1 -1 -1 -1 -1 
-1 -1 -1 -1 -1 0 0 0 1 1 1 -1 -1 -1 -1 
-1 -1 -1 -1 -1 0 0 0 1 1 1 -1 -1 -1 -1 
-1 -1 -1 -1 -1 0 0 0 1 1 1 -1 -1 -1 -1 
-1 -1 -1 -1 -1 0 0 0 1 1 1 -1 -1 -1 -1 
-1 -1 -1 -1 -1 0 0 0 1 1 1 -1 -1 -1 -1 
-1 -1 -1 -1 -1 0 0 0 1 1 1 -1 -1 -1 -1 
-1 -1 -1 -1 -1 0 0 0 1 1 1 -1 -1 -1 -1 
-1 -1 -1 -1 -1 0 0 0 1 1 1 -1 -1 -1 -1 
-1 -1 -1 -1 -1 0 0 0 1 1 1 -1 -1 -1 -1 
-1 -1 -1 -1 -1 0 0 0 1 1 1 -1 -1 -1 -1 
-1 -1 -1 -1 -1 0 0 0 1 1 -1 -1 -1 -1 -1 
END
