15 0
6 10
14 5
-1 -1 -1 -1 -1 -1 -1 -1 -1 -1 -1 -1 -1 -1 -1 
-1 -1 -1 -1 -1 -1 -1 -1 -1 -1 -1 -1 -1 -1 -1 
-1 -1 -1 -1 -1 -1 -1 -1 -1 -1 -1 -1 -1 -1 -1 
-1 -1 -1 -1 -1 -1 -1 -1 -1 -1 -1 -1 -1 -1 -1 
-1 -1 -1 -1 -1 -1 -1 -1 -1 -1 -1 -1 -1 -1 -1 
-1 -1 -1 -1 -1 -1 -1 -1 -1 -1 -1 -1 -1 -1 -1 
-1 -1 -1 -1 -1 -1 -1 -1 -1 -1 0 -1 -1 -1 -1 
-1 -1 -1 -1 -1 -1 -1 -1 -1 -1 -1 -1 -1 -1 -1 
-1 -1 -1 -1 -1 -1 -1 -1 -1 -1 -1 -1 -1 -1 -1 
-1 -1 -1 -1 -1 -1 -1 -1 -1 -1 -1 -1 -1 -1 -1 
-1 -1 -1 -1 -1 -1 -1 -1 -1 -1 -1 -1 -1 -1 -1 
-1 -1 -1 -1 -1 -1 -1 -1 -1 -1 -1 -1 -1 -1 -1 
-1 -1 -1 -1 -1 -1 -1 -1 -1 -1 -1 -1 -1 -1 -1 
-1 -1 -1 -1 -1 -1 -1 -1 -1 -1 -1 -1 -1 -1 -1 
-1 -1 -1 -1 -1 1 -1 -1 -1 -1 -1 -1 -1 -1 -1 
END
15 0
5 10
13 5
-1 -1 -1 -1 -1 -1 -1 -1 -1 -1 -1 -1 -1 -1 -1 
-1 -1 -1 -1 -1 -1 -1 -1 -1 -1 -1 -1 -1 -1 -1 
-1 -1 -1 -1 -1 -1 -1 -1 -1 -1 -1 -1 -1 -1 -1 
-1 -1 -1 -1 -1 -1 -1 -1 -1 -1 -1 -1 -1 -1 -1 
-1 -1 -1 -1 -1 -1 -1 -1 -1 -1 -1 -1 -1 -1 -1 
-1 -1 -1 -1 -1 -1 -1 -1 -1 -1 0 -1 -1 -1 -1 
-1 -1 -1 -1 -1 -1 -1 -1 -1 -1 0 -1 -1 -1 -1 
-1 -1 -1 -1 -1 -1 -1 -1 -1 -1 -1 -1 -1 -1 -1 
-1 -1 -1 -1 -1 -1 -1 -1 -1 -1 -1 -1 -1 -1 -1 
-1 -1 -1 -1 -1 -1 -1 -1 -1 -1 -1 -1 -1 -1 -1 
-1 -1 -1 -1 -1 -1 -1 -1 -1 -1 -1 -1 -1 -1 -1 
-1 -1 -1 -1 -1 -1 -1 -1 -1 -1 -1 -1 -1 -1 -1 
-1 -1 -1 -1 -1 -1 -1 -1 -1 -1 -1 -1 -1 -1 -1 
-1 -1 -1 -1 -1 1 -1 -1 -1 -1 -1 -1 -1 -1 -1 
-1 -1 -1 -1 -1 1 -1 -1 -1 -1 -1 -1 -1 -1 -1 
END
15 0
4 10
12 5
-1 -1 -1 -1 -1 -1 -1 -1 -1 -1 -1 -1 -1 -1 -1 
-1 -1 -1 -1 -1 -1 -1 -1 -1 -1 -1 -1 -1 -1 -1 
-1 -1 -1 -1 -1 -1 -1 -1 -1 -1 -1 -1 -1 -1 -1 
-1 -1 -1 -1 -1 -1 -1 -1 -1 -1 -1 -1 -1 -1 -1 
-1 -1 -1 -1 -1 -1 -1 -1 -1 -1 0 -1 -1 -1 -1 
-1 -1 -1 -1 -1 -1 -1 -1 -1 -1 0 -1 -1 -1 -1 
-1 -1 -1 -1 -1 -1 -1 -1 -1 -1 0 -1 -1 -1 -1 
-1 -1 -1 -1 -1 -1 -1 -1 -1 -1 -1 -1 -1 -1 -1 
-1 -1 -1 -1 -1 -1 -1 -1 -1 -1 -1 -1 -1 -1 -1 
-1 -1 -1 -1 -1 -1 -1 -1 -1 -1 -1 -1 -1 -1 -1 
-1 -1 -1 -1 -1 -1 -1 -1 -1 -1 -1 -1 -1 -1 -1 
-1 -1 -1 -1 -1 -1 -1 -1 -1 -1 -1 -1 -1 -1 -1 
-1 -1 -1 -1 -1 1 -1 -1 -1 -1 -1 -1 -1 -1 -1 
-1 -1 -1 -1 -1 1 -1 -1 -1 -1 -1 -1 -1 -1 -1 
-1 -1 -1 -1 -1 1 -1 -1 -1 -1 -1 -1 -1 -1 -1 
END
15 0
3 10
11 5
-1 -1 -1 -1 -1 -1 -1 -1 -1 -1 -1 -1 -1 -1 -1 
-1 -1 -1 -1 -1 -1 -1 -1 -1 -1 -1 -1 -1 -1 -1 
-1 -1 -1 -1 -1 -1 -1 -1 -1 -1 -1 -1 -1 -1 -1 
-1 -1 -1 -1 -1 -1 -1 -1 -1 -1 0 -1 -1 -1 -1 
-1 -1 -1 -1 -1 -1 -1 -1 -1 -1 0 -1 -1 -1 -1 
-1 -1 -1 -1 -1 -1 -1 -1 -1 -1 0 -1 -1 -1 -1 
-1 -1 -1 -1 -1 -1 -1 -1 -1 -1 0 -1 -1 -1 -1 
-1 -1 -1 -1 -1 -1 -1 -1 -1 -1 -1 -1 -1 -1 -1 
-1 -1 -1 -1 -1 -1 -1 -1 -1 -1 -1 -1 -1 -1 -1 
-1 -1 -1 -1 -1 -1 -1 -1 -1 -1 -1 -1 -1 -1 -1 
-1 -1 -1 -1 -1 -1 -1 -1 -1 -1 -1 -1 -1 -1 -1 
-1 -1 -1 -1 -1 1 -1 -1 -1 -1 -1 -1 -1 -1 -1 
-1 -1 -1 -1 -1 1 -1 -1 -1 -1 -1 -1 -1 -1 -1 
-1 -1 -1 -1 -1 1 -1 -1 -1 -1 -1 -1 -1 -1 -1 
-1 -1 -1 -1 -1 1 -1 -1 -1 -1 -1 -1 -1 -1 -1 
END
15 0
2 10
10 5
-1 -1 -1 -1 -1 -1 -1 -1 -1 -1 -1 -1 -1 -1 -1 
-1 -1 -1 -1 -1 -1 -1 -1 -1 -1 -1 -1 -1 -1 -1 
-1 -1 -1 -1 -1 -1 -1 -1 -1 -1 0 -1 -1 -1 -1 
-1 -1 -1 -1 -1 -1 -1 -1 -1 -1 0 -1 -1 -1 -1 
-1 -1 -1 -1 -1 -1 -1 -1 -1 -1 0 -1 -1 -1 -1 
-1 -1 -1 -1 -1 -1 -1 -1 -1 -1 0 -1 -1 -1 -1 
-1 -1 -1 -1 -1 -1 -1 -1 -1 -1 0 -1 -1 -1 -1 
-1 -1 -1 -1 -1 -1 -1 -1 -1 -1 -1 -1 -1 -1 -1 
-1 -1 -1 -1 -1 -1 -1 -1 -1 -1 -1 -1 -1 -1 -1 
-1 -1 -1 -1 -1 -1 -1 -1 -1 -1 -1 -1 -1 -1 -1 
-1 -1 -1 -1 -1 1 -1 -1 -1 -1 -1 -1 -1 -1 -1 
-1 -1 -1 -1 -1 1 -1 -1 -1 -1 -1 -1 -1 -1 -1 
-1 -1 -1 -1 -1 1 -1 -1 -1 -1 -1 -1 -1 -1 -1 
-1 -1 -1 -1 -1 1 -1 -1 -1 -1 -1 -1 -1 -1 -1 
-1 -1 -1 -1 -1 1 -1 -1 -1 -1 -1 -1 -1 -1 -1 
END
15 0
1 10
9 5
-1 -1 -1 -1 -1 -1 -1 -1 -1 -1 -1 -1 -1 -1 -1 
-1 -1 -1 -1 -1 -1 -1 -1 -1 -1 0 -1 -1 -1 -1 
-1 -1 -1 -1 -1 -1 -1 -1 -1 -1 0 -1 -1 -1 -1 
-1 -1 -1 -1 -1 -1 -1 -1 -1 -1 0 -1 -1 -1 -1 
-1 -1 -1 -1 -1 -1 -1 -1 -1 -1 0 -1 -1 -1 -1 
-1 -1 -1 -1 -1 -1 -1 -1 -1 -1 0 -1 -1 -1 -1 
-1 -1 -1 -1 -1 -1 -1 -1 -1 -1 0 -1 -1 -1 -1 
-1 -1 -1 -1 -1 -1 -1 -1 -1 -1 -1 -1 -1 -1 -1 
-1 -1 -1 -1 -1 -1 -1 -1 -1 -1 -1 -1 -1 -1 -1 
-1 -1 -1 -1 -1 1 -1 -1 -1 -1 -1 -1 -1 -1 -1 
-1 -1 -1 -1 -1 1 -1 -1 -1 -1 -1 -1 -1 -1 -1 
-1 -1 -1 -1 -1 1 -1 -1 -1 -1 -1 -1 -1 -1 -1 
-1 -1 -1 -1 -1 1 -1 -1 -1 -1 -1 -1 -1 -1 -1 
-1 -1 -1 -1 -1 1 -1 -1 -1 -1 -1 -1 -1 -1 -1 
-1 -1 -1 -1 -1 1 -1 -1 -1 -1 -1 -1 -1 -1 -1 
END
15 0
0 10
8 5
-1 -1 -1 -1 -1 -1 -1 -1 -1 -1 0 -1 -1 -1 -1 
-1 -1 -1 -1 -1 -1 -1 -1 -1 -1 0 -1 -1 -1 -1 
-1 -1 -1 -1 -1 -1 -1 -1 -1 -1 0 -1 -1 -1 -1 
-1 -1 -1 -1 -1 -1 -1 -1 -1 -1 0 -1 -1 -1 -1 
-1 -1 -1 -1 -1 -1 -1 -1 -1 -1 0 -1 -1 -1 -1 
-1 -1 -1 -1 -1 -1 -1 -1 -1 -1 0 -1 -1 -1 -1 
-1 -1 -1 -1 -1 -1 -1 -1 -1 -1 0 -1 -1 -1 -1 
-1 -1 -1 -1 -1 -1 -1 -1 -1 -1 -1 -1 -1 -1 -1 
-1 -1 -1 -1 -1 1 -1 -1 -1 -1 -1 -1 -1 -1 -1 
-1 -1 -1 -1 -1 1 -1 -1 -1 -1 -1 -1 -1 -1 -1 
-1 -1 -1 -1 -1 1 -1 -1 -1 -1 -1 -1 -1 -1 -1 
-1 -1 -1 -1 -1 1 -1 -1 -1 -1 -1 -1 -1 -1 -1 
-1 -1 -1 -1 -1 1 -1 -1 -1 -1 -1 -1 -1 -1 -1 
-1 -1 -1 -1 -1 1 -1 -1 -1 -1 -1 -1 -1 -1 -1 
-1 -1 -1 -1 -1 1 -1 -1 -1 -1 -1 -1 -1 -1 -1 
END
15 0
0 9
7 5
-1 -1 -1 -1 -1 -1 -1 -1 -1 0 0 -1 -1 -1 -1 
-1 -1 -1 -1 -1 -1 -1 -1 -1 -1 0 -1 -1 -1 -1 
-1 -1 -1 -1 -1 -1 -1 -1 -1 -1 0 -1 -1 -1 -1 
-1 -1 -1 -1 -1 -1 -1 -1 -1 -1 0 -1 -1 -1 -1 
-1 -1 -1 -1 -1 -1 -1 -1 -1 -1 0 -1 -1 -1 -1 
-1 -1 -1 -1 -1 -1 -1 -1 -1 -1 0 -1 -1 -1 -1 
-1 -1 -1 -1 -1 -1 -1 -1 -1 -1 0 -1 -1 -1 -1 
-1 -1 -1 -1 -1 1 -1 -1 -1 -1 -1 -1 -1 -1 -1 
-1 -1 -1 -1 -1 1 -1 -1 -1 -1 -1 -1 -1 -1 -1 
-1 -1 -1 -1 -1 1 -1 -1 -1 -1 -1 -1 -1 -1 -1 
-1 -1 -1 -1 -1 1 -1 -1 -1 -1 -1 -1 -1 -1 -1 
-1 -1 -1 -1 -1 1 -1 -1 -1 -1 -1 -1 -1 -1 -1 
-1 -1 -1 -1 -1 1 -1 -1 -1 -1 -1 -1 -1 -1 -1 
-1 -1 -1 -1 -1 1 -1 -1 -1 -1 -1 -1 -1 -1 -1 
-1 -1 -1 -1 -1 1 -1 -1 -1 -1 -1 -1 -1 -1 -1 
END
15 0
1 9
6 5
-1 -1 -1 -1 -1 -1 -1 -1 -1 0 0 -1 -1 -1 -1 
-1 -1 -1 -1 -1 -1 -1 -1 -1 0 0 -1 -1 -1 -1 
-1 -1 -1 -1 -1 -1 -1 -1 -1 -1 0 -1 -1 -1 -1 
-1 -1 -1 -1 -1 -1 -1 -1 -1 -1 0 -1 -1 -1 -1 
-1 -1 -1 -1 -1 -1 -1 -1 -1 -1 0 -1 -1 -1 -1 
-1 -1 -1 -1 -1 -1 -1 -1 -1 -1 0 -1 -1 -1 -1 
-1 -1 -1 -1 -1 1 -1 -1 -1 -1 0 -1 -1 -1 -1 
-1 -1 -1 -1 -1 1 -1 -1 -1 -1 -1 -1 -1 -1 -1 
-1 -1 -1 -1 -1 1 -1 -1 -1 -1 -1 -1 -1 -1 -1 
-1 -1 -1 -1 -1 1 -1 -1 -1 -1 -1 -1 -1 -1 -1 
-1 -1 -1 -1 -1 1 -1 -1 -1 -1 -1 -1 -1 -1 -1 
-1 -1 -1 -1 -1 1 -1 -1 -1 -1 -1 -1 -1 -1 -1 
-1 -1 -1 -1 -1 1 -1 -1 -1 -1 -1 -1 -1 -1 -1 
-1 -1 -1 -1 -1 1 -1 -1 -1 -1 -1 -1 -1 -1 -1 
-1 -1 -1 -1 -1 1 -1 -1 -1 -1 -1 -1 -1 -1 -1 
END
15 0
2 9
5 5
-1 -1 -1 -1 -1 -1 -1 -1 -1 0 0 -1 -1 -1 -1 
-1 -1 -1 -1 -1 -1 -1 -1 -1 0 0 -1 -1 -1 -1 
-1 -1 -1 -1 -1 -1 -1 -1 -1 0 0 -1 -1 -1 -1 
-1 -1 -1 -1 -1 -1 -1 -1 -1 -1 0 -1 -1 -1 -1 
-1 -1 -1 -1 -1 -1 -1 -1 -1 -1 0 -1 -1 -1 -1 
-1 -1 -1 -1 -1 1 -1 -1 -1 -1 0 -1 -1 -1 -1 
-1 -1 -1 -1 -1 1 -1 -1 -1 -1 0 -1 -1 -1 -1 
-1 -1 -1 -1 -1 1 -1 -1 -1 -1 -1 -1 -1 -1 -1 
-1 -1 -1 -1 -1 1 -1 -1 -1 -1 -1 -1 -1 -1 -1 
-1 -1 -1 -1 -1 1 -1 -1 -1 -1 -1 -1 -1 -1 -1 
-1 -1 -1 -1 -1 1 -1 -1 -1 -1 -1 -1 -1 -1 -1 
-1 -1 -1 -1 -1 1 -1 -1 -1 -1 -1 -1 -1 -1 -1 
-1 -1 -1 -1 -1 1 -1 -1 -1 -1 -1 -1 -1 -1 -1 
-1 -1 -1 -1 -1 1 -1 -1 -1 -1 -1 -1 -1 -1 -1 
-1 -1 -1 -1 -1 1 -1 -1 -1 -1 -1 -1 -1 -1 -1 
END
15 0
3 9
4 5
-1 -1 -1 -1 -1 -1 -1 -1 -1 0 0 -1 -1 -1 -1 
-1 -1 -1 -1 -1 -1 -1 -1 -1 0 0 -1 -1 -1 -1 
-1 -1 -1 -1 -1 -1 -1 -1 -1 0 0 -1 -1 -1 -1 
-1 -1 -1 -1 -1 -1 -1 -1 -1 0 0 -1 -1 -1 -1 
-1 -1 -1 -1 -1 1 -1 -1 -1 -1 0 -1 -1 -1 -1 
-1 -1 -1 -1 -1 1 -1 -1 -1 -1 0 -1 -1 -1 -1 
-1 -1 -1 -1 -1 1 -1 -1 -1 -1 0 -1 -1 -1 -1 
-1 -1 -1 -1 -1 1 -1 -1 -1 -1 -1 -1 -1 -1 -1 
-1 -1 -1 -1 -1 1 -1 -1 -1 -1 -1 -1 -1 -1 -1 
-1 -1 -1 -1 -1 1 -1 -1 -1 -1 -1 -1 -1 -1 -1 
-1 -1 -1 -1 -1 1 -1 -1 -1 -1 -1 -1 -1 -1 -1 
-1 -1 -1 -1 -1 1 -1 -1 -1 -1 -1 -1 -1 -1 -1 
-1 -1 -1 -1 -1 1 -1 -1 -1 -1 -1 -1 -1 -1 -1 
-1 -1 -1 -1 -1 1 -1 -1 -1 -1 -1 -1 -1 -1 -1 
-1 -1 -1 -1 -1 1 -1 -1 -1 -1 -1 -1 -1 -1 -1 
END
15 0
4 9
3 5
-1 -1 -1 -1 -1 -1 -1 -1 -1 0 0 -1 -1 -1 -1 
-1 -1 -1 -1 -1 -1 -1 -1 -1 0 0 -1 -1 -1 -1 
-1 -1 -1 -1 -1 -1 -1 -1 -1 0 0 -1 -1 -1 -1 
-1 -1 -1 -1 -1 1 -1 -1 -1 0 0 -1 -1 -1 -1 
-1 -1 -1 -1 -1 1 -1 -1 -1 0 0 -1 -1 -1 -1 
-1 -1 -1 -1 -1 1 -1 -1 -1 -1 0 -1 -1 -1 -1 
-1 -1 -1 -1 -1 1 -1 -1 -1 -1 0 -1 -1 -1 -1 
-1 -1 -1 -1 -1 1 -1 -1 -1 -1 -1 -1 -1 -1 -1 
-1 -1 -1 -1 -1 1 -1 -1 -1 -1 -1 -1 -1 -1 -1 
-1 -1 -1 -1 -1 1 -1 -1 -1 -1 -1 -1 -1 -1 -1 
-1 -1 -1 -1 -1 1 -1 -1 -1 -1 -1 -1 -1 -1 -1 
-1 -1 -1 -1 -1 1 -1 -1 -1 -1 -1 -1 -1 -1 -1 
-1 -1 -1 -1 -1 1 -1 -1 -1 -1 -1 -1 -1 -1 -1 
-1 -1 -1 -1 -1 1 -1 -1 -1 -1 -1 -1 -1 -1 -1 
-1 -1 -1 -1 -1 1 -1 -1 -1 -1 -1 -1 -1 -1 -1 
END
15 0
5 9
2 5
-1 -1 -1 -1 -1 -1 -1 -1 -1 0 0 -1 -1 -1 -1 
-1 -1 -1 -1 -1 -1 -1 -1 -1 0 0 -1 -1 -1 -1 
-1 -1 -1 -1 -1 1 -1 -1 -1 0 0 -1 -1 -1 -1 
-1 -1 -1 -1 -1 1 -1 -1 -1 0 0 -1 -1 -1 -1 
-1 -1 -1 -1 -1 1 -1 -1 -1 0 0 -1 -1 -1 -1 
-1 -1 -1 -1 -1 1 -1 -1 -1 0 0 -1 -1 -1 -1 
-1 -1 -1 -1 -1 1 -1 -1 -1 -1 0 -1 -1 -1 -1 
-1 -1 -1 -1 -1 1 -1 -1 -1 -1 -1 -1 -1 -1 -1 
-1 -1 -1 -1 -1 1 -1 -1 -1 -1 -1 -1 -1 -1 -1 
-1 -1 -1 -1 -1 1 -1 -1 -1 -1 -1 -1 -1 -1 -1 
-1 -1 -1 -1 -1 1 -1 -1 -1 -1 -1 -1 -1 -1 -1 
-1 -1 -1 -1 -1 1 -1 -1 -1 -1 -1 -1 -1 -1 -1 
-1 -1 -1 -1 -1 1 -1 -1 -1 -1 -1 -1 -1 -1 -1 
-1 -1 -1 -1 -1 1 -1 -1 -1 -1 -1 -1 -1 -1 -1 
-1 -1 -1 -1 -1 1 -1 -1 -1 -1 -1 -1 -1 -1 -1 
END
15 0
6 9
1 5
-1 -1 -1 -1 -1 -1 -1 -1 -1 0 0 -1 -1 -1 -1 
-1 -1 -1 -1 -1 1 -1 -1 -1 0 0 -1 -1 -1 -1 
-1 -1 -1 -1 -1 1 -1 -1 -1 0 0 -1 -1 -1 -1 
-1 -1 -1 -1 -1 1 -1 -1 -1 0 0 -1 -1 -1 -1 
-1 -1 -1 -1 -1 1 -1 -1 -1 0 0 -1 -1 -1 -1 
-1 -1 -1 -1 -1 1 -1 -1 -1 0 0 -1 -1 -1 -1 
-1 -1 -1 -1 -1 1 -1 -1 -1 0 0 -1 -1 -1 -1 
-1 -1 -1 -1 -1 1 -1 -1 -1 -1 -1 -1 -1 -1 -1 
-1 -1 -1 -1 -1 1 -1 -1 -1 -1 -1 -1 -1 -1 -1 
-1 -1 -1 -1 -1 1 -1 -1 -1 -1 -1 -1 -1 -1 -1 
-1 -1 -1 -1 -1 1 -1 -1 -1 -1 -1 -1 -1 -1 -1 
-1 -1 -1 -1 -1 1 -1 -1 -1 -1 -1 -1 -1 -1 -1 
-1 -1 -1 -1 -1 1 -1 -1 -1 -1 -1 -1 -1 -1 -1 
-1 -1 -1 -1 -1 1 -1 -1 -1 -1 -1 -1 -1 -1 -1 
-1 -1 -1 -1 -1 1 -1 -1 -1 -1 -1 -1 -1 -1 -1 
END
15 0
7 9
0 5
-1 -1 -1 -1 -1 1 -1 -1 -1 0 0 -1 -1 -1 -1 
-1 -1 -1 -1 -1 1 -1 -1 -1 0 0 -1 -1 -1 -1 
-1 -1 -1 -1 -1 1 -1 -1 -1 0 0 -1 -1 -1 -1 
-1 -1 -1 -1 -1 1 -1 -1 -1 0 0 -1 -1 -1 -1 
-1 -1 -1 -1 -1 1 -1 -1 -1 0 0 -1 -1 -1 -1 
-1 -1 -1 -1 -1 1 -1 -1 -1 0 0 -1 -1 -1 -1 
-1 -1 -1 -1 -1 1 -1 -1 -1 0 0 -1 -1 -1 -1 
-1 -1 -1 -1 -1 1 -1 -1 -1 0 -1 -1 -1 -1 -1 
-1 -1 -1 -1 -1 1 -1 -1 -1 -1 -1 -1 -1 -1 -1 
-1 -1 -1 -1 -1 1 -1 -1 -1 -1 -1 -1 -1 -1 -1 
-1 -1 -1 -1 -1 1 -1 -1 -1 -1 -1 -1 -1 -1 -1 
-1 -1 -1 -1 -1 1 -1 -1 -1 -1 -1 -1 -1 -1 -1 
-1 -1 -1 -1 -1 1 -1 -1 -1 -1 -1 -1 -1 -1 -1 
-1 -1 -1 -1 -1 1 -1 -1 -1 -1 -1 -1 -1 -1 -1 
-1 -1 -1 -1 -1 1 -1 -1 -1 -1 -1 -1 -1 -1 -1 
END
15 0
8 9
0 4
-1 -1 -1 -1 1 1 -1 -1 -1 0 0 -1 -1 -1 -1 
-1 -1 -1 -1 -1 1 -1 -1 -1 0 0 -1 -1 -1 -1 
-1 -1 -1 -1 -1 1 -1 -1 -1 0 0 -1 -1 -1 -1 
-1 -1 -1 -1 -1 1 -1 -1 -1 0 0 -1 -1 -1 -1 
-1 -1 -1 -1 -1 1 -1 -1 -1 0 0 -1 -1 -1 -1 
-1 -1 -1 -1 -1 1 -1 -1 -1 0 0 -1 -1 -1 -1 
-1 -1 -1 -1 -1 1 -1 -1 -1 0 0 -1 -1 -1 -1 
-1 -1 -1 -1 -1 1 -1 -1 -1 0 -1 -1 -1 -1 -1 
-1 -1 -1 -1 -1 1 -1 -1 -1 0 -1 -1 -1 -1 -1 
-1 -1 -1 -1 -1 1 -1 -1 -1 -1 -1 -1 -1 -1 -1 
-1 -1 -1 -1 -1 1 -1 -1 -1 -1 -1 -1 -1 -1 -1 
-1 -1 -1 -1 -1 1 -1 -1 -1 -1 -1 -1 -1 -1 -1 
-1 -1 -1 -1 -1 1 -1 -1 -1 -1 -1 -1 -1 -1 -1 
-1 -1 -1 -1 -1 1 -1 -1 -1 -1 -1 -1 -1 -1 -1 
-1 -1 -1 -1 -1 1 -1 -1 -1 -1 -1 -1 -1 -1 -1 
END
15 0
9 9
1 4
-1 -1 -1 -1 1 1 -1 -1 -1 0 0 -1 -1 -1 -1 
-1 -1 -1 -1 1 1 -1 -1 -1 0 0 -1 -1 -1 -1 
-1 -1 -1 -1 -1 1 -1 -1 -1 0 0 -1 -1 -1 -1 
-1 -1 -1 -1 -1 1 -1 -1 -1 0 0 -1 -1 -1 -1 
-1 -1 -1 -1 -1 1 -1 -1 -1 0 0 -1 -1 -1 -1 
-1 -1 -1 -1 -1 1 -1 -1 -1 0 0 -1 -1 -1 -1 
-1 -1 -1 -1 -1 1 -1 -1 -1 0 0 -1 -1 -1 -1 
-1 -1 -1 -1 -1 1 -1 -1 -1 0 -1 -1 -1 -1 -1 
-1 -1 -1 -1 -1 1 -1 -1 -1 0 -1 -1 -1 -1 -1 
-1 -1 -1 -1 -1 1 -1 -1 -1 0 -1 -1 -1 -1 -1 
-1 -1 -1 -1 -1 1 -1 -1 -1 -1 -1 -1 -1 -1 -1 
-1 -1 -1 -1 -1 1 -1 -1 -1 -1 -1 -1 -1 -1 -1 
-1 -1 -1 -1 -1 1 -1 -1 -1 -1 -1 -1 -1 -1 -1 
-1 -1 -1 -1 -1 1 -1 -1 -1 -1 -1 -1 -1 -1 -1 
-1 -1 -1 -1 -1 1 -1 -1 -1 -1 -1 -1 -1 -1 -1 
END
15 0
10 9
2 4
-1 -1 -1 -1 1 1 -1 -1 -1 0 0 -1 -1 -1 -1 
-1 -1 -1 -1 1 1 -1 -1 -1 0 0 -1 -1 -1 -1 
-1 -1 -1 -1 1 1 -1 -1 -1 0 0 -1 -1 -1 -1 
-1 -1 -1 -1 -1 1 -1 -1 -1 0 0 -1 -1 -1 -1 
-1 -1 -1 -1 -1 1 -1 -1 -1 0 0 -1 -1 -1 -1 
-1 -1 -1 -1 -1 1 -1 -1 -1 0 0 -1 -1 -1 -1 
-1 -1 -1 -1 -1 1 -1 -1 -1 0 0 -1 -1 -1 -1 
-1 -1 -1 -1 -1 1 -1 -1 -1 0 -1 -1 -1 -1 -1 
-1 -1 -1 -1 -1 1 -1 -1 -1 0 -1 -1 -1 -1 -1 
-1 -1 -1 -1 -1 1 -1 -1 -1 0 -1 -1 -1 -1 -1 
-1 -1 -1 -1 -1 1 -1 -1 -1 0 -1 -1 -1 -1 -1 
-1 -1 -1 -1 -1 1 -1 -1 -1 -1 -1 -1 -1 -1 -1 
-1 -1 -1 -1 -1 1 -1 -1 -1 -1 -1 -1 -1 -1 -1 
-1 -1 -1 -1 -1 1 -1 -1 -1 -1 -1 -1 -1 -1 -1 
-1 -1 -1 -1 -1 1 -1 -1 -1 -1 -1 -1 -1 -1 -1 
END
15 0
11 9
3 4
-1 -1 -1 -1 1 1 -1 -1 -1 0 0 -1 -1 -1 -1 
-1 -1 -1 -1 1 1 -1 -1 -1 0 0 -1 -1 -1 -1 
-1 -1 -1 -1 1 1 -1 -1 -1 0 0 -1 -1 -1 -1 
-1 -1 -1 -1 1 1 -1 -1 -1 0 0 -1 -1 -1 -1 
-1 -1 -1 -1 -1 1 -1 -1 -1 0 0 -1 -1 -1 -1 
-1 -1 -1 -1 -1 1 -1 -1 -1 0 0 -1 -1 -1 -1 
-1 -1 -1 -1 -1 1 -1 -1 -1 0 0 -1 -1 -1 -1 
-1 -1 -1 -1 -1 1 -1 -1 -1 0 -1 -1 -1 -1 -1 
-1 -1 -1 -1 -1 1 -1 -1 -1 0 -1 -1 -1 -1 -1 
-1 -1 -1 -1 -1 1 -1 -1 -1 0 -1 -1 -1 -1 -1 
-1 -1 -1 -1 -1 1 -1 -1 -1 0 -1 -1 -1 -1 -1 
-1 -1 -1 -1 -1 1 -1 -1 -1 0 -1 -1 -1 -1 -1 
-1 -1 -1 -1 -1 1 -1 -1 -1 -1 -1 -1 -1 -1 -1 
-1 -1 -1 -1 -1 1 -1 -1 -1 -1 -1 -1 -1 -1 -1 
-1 -1 -1 -1 -1 1 -1 -1 -1 -1 -1 -1 -1 -1 -1 
END
15 0
12 9
4 4
-1 -1 -1 -1 1 1 -1 -1 -1 0 0 -1 -1 -1 -1 
-1 -1 -1 -1 1 1 -1 -1 -1 0 0 -1 -1 -1 -1 
-1 -1 -1 -1 1 1 -1 -1 -1 0 0 -1 -1 -1 -1 
-1 -1 -1 -1 1 1 -1 -1 -1 0 0 -1 -1 -1 -1 
-1 -1 -1 -1 1 1 -1 -1 -1 0 0 -1 -1 -1 -1 
-1 -1 -1 -1 -1 1 -1 -1 -1 0 0 -1 -1 -1 -1 
-1 -1 -1 -1 -1 1 -1 -1 -1 0 0 -1 -1 -1 -1 
-1 -1 -1 -1 -1 1 -1 -1 -1 0 -1 -1 -1 -1 -1 
-1 -1 -1 -1 -1 1 -1 -1 -1 0 -1 -1 -1 -1 -1 
-1 -1 -1 -1 -1 1 -1 -1 -1 0 -1 -1 -1 -1 -1 
-1 -1 -1 -1 -1 1 -1 -1 -1 0 -1 -1 -1 -1 -1 
-1 -1 -1 -1 -1 1 -1 -1 -1 0 -1 -1 -1 -1 -1 
-1 -1 -1 -1 -1 1 -1 -1 -1 0 -1 -1 -1 -1 -1 
-1 -1 -1 -1 -1 1 -1 -1 -1 -1 -1 -1 -1 -1 -1 
-1 -1 -1 -1 -1 1 -1 -1 -1 -1 -1 -1 -1 -1 -1 
END
15 0
13 9
5 4
-1 -1 -1 -1 1 1 -1 -1 -1 0 0 -1 -1 -1 -1 
-1 -1 -1 -1 1 1 -1 -1 -1 0 0 -1 -1 -1 -1 
-1 -1 -1 -1 1 1 -1 -1 -1 0 0 -1 -1 -1 -1 
-1 -1 -1 -1 1 1 -1 -1 -1 0 0 -1 -1 -1 -1 
-1 -1 -1 -1 1 1 -1 -1 -1 0 0 -1 -1 -1 -1 
-1 -1 -1 -1 1 1 -1 -1 -1 0 0 -1 -1 -1 -1 
-1 -1 -1 -1 -1 1 -1 -1 -1 0 0 -1 -1 -1 -1 
-1 -1 -1 -1 -1 1 -1 -1 -1 0 -1 -1 -1 -1 -1 
-1 -1 -1 -1 -1 1 -1 -1 -1 0 -1 -1 -1 -1 -1 
-1 -1 -1 -1 -1 1 -1 -1 -1 0 -1 -1 -1 -1 -1 
-1 -1 -1 -1 -1 1 -1 -1 -1 0 -1 -1 -1 -1 -1 
-1 -1 -1 -1 -1 1 -1 -1 -1 0 -1 -1 -1 -1 -1 
-1 -1 -1 -1 -1 1 -1 -1 -1 0 -1 -1 -1 -1 -1 
-1 -1 -1 -1 -1 1 -1 -1 -1 0 -1 -1 -1 -1 -1 
-1 -1 -1 -1 -1 1 -1 -1 -1 -1 -1 -1 -1 -1 -1 
END
15 0
14 9
6 4
-1 -1 -1 -1 1 1 -1 -1 -1 0 0 -1 -1 -1 -1 
-1 -1 -1 -1 1 1 -1 -1 -1 0 0 -1 -1 -1 -1 
-1 -1 -1 -1 1 1 -1 -1 -1 0 0 -1 -1 -1 -1 
-1 -1 -1 -1 1 1 -1 -1 -1 0 0 -1 -1 -1 -1 
-1 -1 -1 -1 1 1 -1 -1 -1 0 0 -1 -1 -1 -1 
-1 -1 -1 -1 1 1 -1 -1 -1 0 0 -1 -1 -1 -1 
-1 -1 -1 -1 1 1 -1 -1 -1 0 0 -1 -1 -1 -1 
-1 -1 -1 -1 -1 1 -1 -1 -1 0 -1 -1 -1 -1 -1 
-1 -1 -1 -1 -1 1 -1 -1 -1 0 -1 -1 -1 -1 -1 
-1 -1 -1 -1 -1 1 -1 -1 -1 0 -1 -1 -1 -1 -1 
-1 -1 -1 -1 -1 1 -1 -1 -1 0 -1 -1 -1 -1 -1 
-1 -1 -1 -1 -1 1 -1 -1 -1 0 -1 -1 -1 -1 -1 
-1 -1 -1 -1 -1 1 -1 -1 -1 0 -1 -1 -1 -1 -1 
-1 -1 -1 -1 -1 1 -1 -1 -1 0 -1 -1 -1 -1 -1 
-1 -1 -1 -1 -1 1 -1 -1 -1 0 -1 -1 -1 -1 -1 
END
15 0
14 8
7 4
-1 -1 -1 -1 1 1 -1 -1 -1 0 0 -1 -1 -1 -1 
-1 -1 -1 -1 1 1 -1 -1 -1 0 0 -1 -1 -1 -1 
-1 -1 -1 -1 1 1 -1 -1 -1 0 0 -1 -1 -1 -1 
-1 -1 -1 -1 1 1 -1 -1 -1 0 0 -1 -1 -1 -1 
-1 -1 -1 -1 1 1 -1 -1 -1 0 0 -1 -1 -1 -1 
-1 -1 -1 -1 1 1 -1 -1 -1 0 0 -1 -1 -1 -1 
-1 -1 -1 -1 1 1 -1 -1 -1 0 0 -1 -1 -1 -1 
-1 -1 -1 -1 1 1 -1 -1 -1 0 -1 -1 -1 -1 -1 
-1 -1 -1 -1 -1 1 -1 -1 -1 0 -1 -1 -1 -1 -1 
-1 -1 -1 -1 -1 1 -1 -1 -1 0 -1 -1 -1 -1 -1 
-1 -1 -1 -1 -1 1 -1 -1 -1 0 -1 -1 -1 -1 -1 
-1 -1 -1 -1 -1 1 -1 -1 -1 0 -1 -1 -1 -1 -1 
-1 -1 -1 -1 -1 1 -1 -1 -1 0 -1 -1 -1 -1 -1 
-1 -1 -1 -1 -1 1 -1 -1 -1 0 -1 -1 -1 -1 -1 
-1 -1 -1 -1 -1 1 -1 -1 0 0 -1 -1 -1 -1 -1 
END
15 0
13 8
8 4
-1 -1 -1 -1 1 1 -1 -1 -1 0 0 -1 -1 -1 -1 
-1 -1 -1 -1 1 1 -1 -1 -1 0 0 -1 -1 -1 -1 
-1 -1 -1 -1 1 1 -1 -1 -1 0 0 -1 -1 -1 -1 
-1 -1 -1 -1 1 1 -1 -1 -1 0 0 -1 -1 -1 -1 
-1 -1 -1 -1 1 1 -1 -1 -1 0 0 -1 -1 -1 -1 
-1 -1 -1 -1 1 1 -1 -1 -1 0 0 -1 -1 -1 -1 
-1 -1 -1 -1 1 1 -1 -1 -1 0 0 -1 -1 -1 -1 
-1 -1 -1 -1 1 1 -1 -1 -1 0 -1 -1 -1 -1 -1 
-1 -1 -1 -1 1 1 -1 -1 -1 0 -1 -1 -1 -1 -1 
-1 -1 -1 -1 -1 1 -1 -1 -1 0 -1 -1 -1 -1 -1 
-1 -1 -1 -1 -1 1 -1 -1 -1 0 -1 -1 -1 -1 -1 
-1 -1 -1 -1 -1 1 -1 -1 -1 0 -1 -1 -1 -1 -1 
-1 -1 -1 -1 -1 1 -1 -1 -1 0 -1 -1 -1 -1 -1 
-1 -1 -1 -1 -1 1 -1 -1 0 0 -1 -1 -1 -1 -1 
-1 -1 -1 -1 -1 1 -1 -1 0 0 -1 -1 -1 -1 -1 
END
15 0
12 8
9 4
-1 -1 -1 -1 1 1 -1 -1 -1 0 0 -1 -1 -1 -1 
-1 -1 -1 -1 1 1 -1 -1 -1 0 0 -1 -1 -1 -1 
-1 -1 -1 -1 1 1 -1 -1 -1 0 0 -1 -1 -1 -1 
-1 -1 -1 -1 1 1 -1 -1 -1 0 0 -1 -1 -1 -1 
-1 -1 -1 -1 1 1 -1 -1 -1 0 0 -1 -1 -1 -1 
-1 -1 -1 -1 1 1 -1 -1 -1 0 0 -1 -1 -1 -1 
-1 -1 -1 -1 1 1 -1 -1 -1 0 0 -1 -1 -1 -1 
-1 -1 -1 -1 1 1 -1 -1 -1 0 -1 -1 -1 -1 -1 
-1 -1 -1 -1 1 1 -1 -1 -1 0 -1 -1 -1 -1 -1 
-1 -1 -1 -1 1 1 -1 -1 -1 0 -1 -1 -1 -1 -1 
-1 -1 -1 -1 -1 1 -1 -1 -1 0 -1 -1 -1 -1 -1 
-1 -1 -1 -1 -1 1 -1 -1 -1 0 -1 -1 -1 -1 -1 
-1 -1 -1 -1 -1 1 -1 -1 0 0 -1 -1 -1 -1 -1 
-1 -1 -1 -1 -1 1 -1 -1 0 0 -1 -1 -1 -1 -1 
-1 -1 -1 -1 -1 1 -1 -1 0 0 -1 -1 -1 -1 -1 
END
15 0
11 8
10 4
-1 -1 -1 -1 1 1 -1 -1 -1 0 0 -1 -1 -1 -1 
-1 -1 -1 -1 1 1 -1 -1 -1 0 0 -1 -1 -1 -1 
-1 -1 -1 -1 1 1 -1 -1 -1 0 0 -1 -1 -1 -1 
-1 -1 -1 -1 1 1 -1 -1 -1 0 0 -1 -1 -1 -1 
-1 -1 -1 -1 1 1 -1 -1 -1 0 0 -1 -1 -1 -1 
-1 -1 -1 -1 1 1 -1 -1 -1 0 0 -1 -1 -1 -1 
-1 -1 -1 -1 1 1 -1 -1 -1 0 0 -1 -1 -1 -1 
-1 -1 -1 -1 1 1 -1 -1 -1 0 -1 -1 -1 -1 -1 
-1 -1 -1 -1 1 1 -1 -1 -1 0 -1 -1 -1 -1 -1 
-1 -1 -1 -1 1 1 -1 -1 -1 0 -1 -1 -1 -1 -1 
-1 -1 -1 -1 1 1 -1 -1 -1 0 -1 -1 -1 -1 -1 
-1 -1 -1 -1 -1 1 -1 -1 0 0 -1 -1 -1 -1 -1 
-1 -1 -1 -1 -1 1 -1 -1 0 0 -1 -1 -1 -1 -1 
-1 -1 -1 -1 -1 1 -1 -1 0 0 -1 -1 -1 -1 -1 
-1 -1 -1 -1 -1 1 -1 -1 0 0 -1 -1 -1 -1 -1 
END
15 0
10 8
11 4
-1 -1 -1 -1 1 1 -1 -1 -1 0 0 -1 -1 -1 -1 
-1 -1 -1 -1 1 1 -1 -1 -1 0 0 -1 -1 -1 -1 
-1 -1 -1 -1 1 1 -1 -1 -1 0 0 -1 -1 -1 -1 
-1 -1 -1 -1 1 1 -1 -1 -1 0 0 -1 -1 -1 -1 
-1 -1 -1 -1 1 1 -1 -1 -1 0 0 -1 -1 -1 -1 
-1 -1 -1 -1 1 1 -1 -1 -1 0 0 -1 -1 -1 -1 
-1 -1 -1 -1 1 1 -1 -1 -1 0 0 -1 -1 -1 -1 
-1 -1 -1 -1 1 1 -1 -1 -1 0 -1 -1 -1 -1 -1 
-1 -1 -1 -1 1 1 -1 -1 -1 0 -1 -1 -1 -1 -1 
-1 -1 -1 -1 1 1 -1 -1 -1 0 -1 -1 -1 -1 -1 
-1 -1 -1 -1 1 1 -1 -1 0 0 -1 -1 -1 -1 -1 
-1 -1 -1 -1 1 1 -1 -1 0 0 -1 -1 -1 -1 -1 
-1 -1 -1 -1 -1 1 -1 -1 0 0 -1 -1 -1 -1 -1 
-1 -1 -1 -1 -1 1 -1 -1 0 0 -1 -1 -1 -1 -1 
-1 -1 -1 -1 -1 1 -1 -1 0 0 -1 -1 -1 -1 -1 
END
15 0
9 8
12 4
-1 -1 -1 -1 1 1 -1 -1 -1 0 0 -1 -1 -1 -1 
-1 -1 -1 -1 1 1 -1 -1 -1 0 0 -1 -1 -1 -1 
-1 -1 -1 -1 1 1 -1 -1 -1 0 0 -1 -1 -1 -1 
-1 -1 -1 -1 1 1 -1 -1 -1 0 0 -1 -1 -1 -1 
-1 -1 -1 -1 1 1 -1 -1 -1 0 0 -1 -1 -1 -1 
-1 -1 -1 -1 1 1 -1 -1 -1 0 0 -1 -1 -1 -1 
-1 -1 -1 -1 1 1 -1 -1 -1 0 0 -1 -1 -1 -1 
-1 -1 -1 -1 1 1 -1 -1 -1 0 -1 -1 -1 -1 -1 
-1 -1 -1 -1 1 1 -1 -1 -1 0 -1 -1 -1 -1 -1 
-1 -1 -1 -1 1 1 -1 -1 0 0 -1 -1 -1 -1 -1 
-1 -1 -1 -1 1 1 -1 -1 0 0 -1 -1 -1 -1 -1 
-1 -1 -1 -1 1 1 -1 -1 0 0 -1 -1 -1 -1 -1 
-1 -1 -1 -1 1 1 -1 -1 0 0 -1 -1 -1 -1 -1 
-1 -1 -1 -1 -1 1 -1 -1 0 0 -1 -1 -1 -1 -1 
-1 -1 -1 -1 -1 1 -1 -1 0 0 -1 -1 -1 -1 -1 
END
15 0
8 8
13 4
-1 -1 -1 -1 1 1 -1 -1 -1 0 0 -1 -1 -1 -1 
-1 -1 -1 -1 1 1 -1 -1 -1 0 0 -1 -1 -1 -1 
-1 -1 -1 -1 1 1 -1 -1 -1 0 0 -1 -1 -1 -1 
-1 -1 -1 -1 1 1 -1 -1 -1 0 0 -1 -1 -1 -1 
-1 -1 -1 -1 1 1 -1 -1 -1 0 0 -1 -1 -1 -1 
-1 -1 -1 -1 1 1 -1 -1 -1 0 0 -1 -1 -1 -1 
-1 -1 -1 -1 1 1 -1 -1 -1 0 0 -1 -1 -1 -1 
-1 -1 -1 -1 1 1 -1 -1 -1 0 -1 -1 -1 -1 -1 
-1 -1 -1 -1 1 1 -1 -1 0 0 -1 -1 -1 -1 -1 
-1 -1 -1 -1 1 1 -1 -1 0 0 -1 -1 -1 -1 -1 
-1 -1 -1 -1 1 1 -1 -1 0 0 -1 -1 -1 -1 -1 
-1 -1 -1 -1 1 1 -1 -1 0 0 -1 -1 -1 -1 -1 
-1 -1 -1 -1 1 1 -1 -1 0 0 -1 -1 -1 -1 -1 
-1 -1 -1 -1 1 1 -1 -1 0 0 -1 -1 -1 -1 -1 
-1 -1 -1 -1 -1 1 -1 -1 0 0 -1 -1 -1 -1 -1 
END
15 0
7 8
14 4
-1 -1 -1 -1 1 1 -1 -1 -1 0 0 -1 -1 -1 -1 
-1 -1 -1 -1 1 1 -1 -1 -1 0 0 -1 -1 -1 -1 
-1 -1 -1 -1 1 1 -1 -1 -1 0 0 -1 -1 -1 -1 
-1 -1 -1 -1 1 1 -1 -1 -1 0 0 -1 -1 -1 -1 
-1 -1 -1 -1 1 1 -1 -1 -1 0 0 -1 -1 -1 -1 
-1 -1 -1 -1 1 1 -1 -1 -1 0 0 -1 -1 -1 -1 
-1 -1 -1 -1 1 1 -1 -1 -1 0 0 -1 -1 -1 -1 
-1 -1 -1 -1 1 1 -1 -1 0 0 -1 -1 -1 -1 -1 
-1 -1 -1 -1 1 1 -1 -1 0 0 -1 -1 -1 -1 -1 
-1 -1 -1 -1 1 1 -1 -1 0 0 -1 -1 -1 -1 -1 
-1 -1 -1 -1 1 1 -1 -1 0 0 -1 -1 -1 -1 -1 
-1 -1 -1 -1 1 1 -1 -1 0 0 -1 -1 -1 -1 -1 
-1 -1 -1 -1 1 1 -1 -1 0 0 -1 -1 -1 -1 -1 
-1 -1 -1 -1 1 1 -1 -1 0 0 -1 -1 -1 -1 -1 
-1 -1 -1 -1 1 1 -1 -1 0 0 -1 -1 -1 -1 -1 
END
15 0
6 8
14 3
-1 -1 -1 -1 1 1 -1 -1 -1 0 0 -1 -1 -1 -1 
-1 -1 -1 -1 1 1 -1 -1 -1 0 0 -1 -1 -1 -1 
-1 -1 -1 -1 1 1 -1 -1 -1 0 0 -1 -1 -1 -1 
-1 -1 -1 -1 1 1 -1 -1 -1 0 0 -1 -1 -1 -1 
-1 -1 -1 -1 1 1 -1 -1 -1 0 0 -1 -1 -1 -1 
-1 -1 -1 -1 1 1 -1 -1 -1 0 0 -1 -1 -1 -1 
-1 -1 -1 -1 1 1 -1 -1 0 0 0 -1 -1 -1 -1 
-1 -1 -1 -1 1 1 -1 -1 0 0 -1 -1 -1 -1 -1 
-1 -1 -1 -1 1 1 -1 -1 0 0 -1 -1 -1 -1 -1 
-1 -1 -1 -1 1 1 -1 -1 0 0 -1 -1 -1 -1 -1 
-1 -1 -1 -1 1 1 -1 -1 0 0 -1 -1 -1 -1 -1 
-1 -1 -1 -1 1 1 -1 -1 0 0 -1 -1 -1 -1 -1 
-1 -1 -1 -1 1 1 -1 -1 0 0 -1 -1 -1 -1 -1 
-1 -1 -1 -1 1 1 -1 -1 0 0 -1 -1 -1 -1 -1 
-1 -1 -1 1 1 1 -1 -1 0 0 -1 -1 -1 -1 -1 
END
15 0
5 8
13 3
-1 -1 -1 -1 1 1 -1 -1 -1 0 0 -1 -1 -1 -1 
-1 -1 -1 -1 1 1 -1 -1 -1 0 0 -1 -1 -1 -1 
-1 -1 -1 -1 1 1 -1 -1 -1 0 0 -1 -1 -1 -1 
-1 -1 -1 -1 1 1 -1 -1 -1 0 0 -1 -1 -1 -1 
-1 -1 -1 -1 1 1 -1 -1 -1 0 0 -1 -1 -1 -1 
-1 -1 -1 -1 1 1 -1 -1 0 0 0 -1 -1 -1 -1 
-1 -1 -1 -1 1 1 -1 -1 0 0 0 -1 -1 -1 -1 
-1 -1 -1 -1 1 1 -1 -1 0 0 -1 -1 -1 -1 -1 
-1 -1 -1 -1 1 1 -1 -1 0 0 -1 -1 -1 -1 -1 
-1 -1 -1 -1 1 1 -1 -1 0 0 -1 -1 -1 -1 -1 
-1 -1 -1 -1 1 1 -1 -1 0 0 -1 -1 -1 -1 -1 
-1 -1 -1 -1 1 1 -1 -1 0 0 -1 -1 -1 -1 -1 
-1 -1 -1 -1 1 1 -1 -1 0 0 -1 -1 -1 -1 -1 
-1 -1 -1 1 1 1 -1 -1 0 0 -1 -1 -1 -1 -1 
-1 -1 -1 1 1 1 -1 -1 0 0 -1 -1 -1 -1 -1 
END
15 0
4 8
12 3
-1 -1 -1 -1 1 1 -1 -1 -1 0 0 -1 -1 -1 -1 
-1 -1 -1 -1 1 1 -1 -1 -1 0 0 -1 -1 -1 -1 
-1 -1 -1 -1 1 1 -1 -1 -1 0 0 -1 -1 -1 -1 
-1 -1 -1 -1 1 1 -1 -1 -1 0 0 -1 -1 -1 -1 
-1 -1 -1 -1 1 1 -1 -1 0 0 0 -1 -1 -1 -1 
-1 -1 -1 -1 1 1 -1 -1 0 0 0 -1 -1 -1 -1 
-1 -1 -1 -1 1 1 -1 -1 0 0 0 -1 -1 -1 -1 
-1 -1 -1 -1 1 1 -1 -1 0 0 -1 -1 -1 -1 -1 
-1 -1 -1 -1 1 1 -1 -1 0 0 -1 -1 -1 -1 -1 
-1 -1 -1 -1 1 1 -1 -1 0 0 -1 -1 -1 -1 -1 
-1 -1 -1 -1 1 1 -1 -1 0 0 -1 -1 -1 -1 -1 
-1 -1 -1 -1 1 1 -1 -1 0 0 -1 -1 -1 -1 -1 
-1 -1 -1 1 1 1 -1 -1 0 0 -1 -1 -1 -1 -1 
-1 -1 -1 1 1 1 -1 -1 0 0 -1 -1 -1 -1 -1 
-1 -1 -1 1 1 1 -1 -1 0 0 -1 -1 -1 -1 -1 
END
15 0
3 8
11 3
-1 -1 -1 -1 1 1 -1 -1 -1 0 0 -1 -1 -1 -1 
-1 -1 -1 -1 1 1 -1 -1 -1 0 0 -1 -1 -1 -1 
-1 -1 -1 -1 1 1 -1 -1 -1 0 0 -1 -1 -1 -1 
-1 -1 -1 -1 1 1 -1 -1 0 0 0 -1 -1 -1 -1 
-1 -1 -1 -1 1 1 -1 -1 0 0 0 -1 -1 -1 -1 
-1 -1 -1 -1 1 1 -1 -1 0 0 0 -1 -1 -1 -1 
-1 -1 -1 -1 1 1 -1 -1 0 0 0 -1 -1 -1 -1 
-1 -1 -1 -1 1 1 -1 -1 0 0 -1 -1 -1 -1 -1 
-1 -1 -1 -1 1 1 -1 -1 0 0 -1 -1 -1 -1 -1 
-1 -1 -1 -1 1 1 -1 -1 0 0 -1 -1 -1 -1 -1 
-1 -1 -1 -1 1 1 -1 -1 0 0 -1 -1 -1 -1 -1 
-1 -1 -1 1 1 1 -1 -1 0 0 -1 -1 -1 -1 -1 
-1 -1 -1 1 1 1 -1 -1 0 0 -1 -1 -1 -1 -1 
-1 -1 -1 1 1 1 -1 -1 0 0 -1 -1 -1 -1 -1 
-1 -1 -1 1 1 1 -1 -1 0 0 -1 -1 -1 -1 -1 
END
15 0
2 8
10 3
-1 -1 -1 -1 1 1 -1 -1 -1 0 0 -1 -1 -1 -1 
-1 -1 -1 -1 1 1 -1 -1 -1 0 0 -1 -1 -1 -1 
-1 -1 -1 -1 1 1 -1 -1 0 0 0 -1 -1 -1 -1 
-1 -1 -1 -1 1 1 -1 -1 0 0 0 -1 -1 -1 -1 
-1 -1 -1 -1 1 1 -1 -1 0 0 0 -1 -1 -1 -1 
-1 -1 -1 -1 1 1 -1 -1 0 0 0 -1 -1 -1 -1 
-1 -1 -1 -1 1 1 -1 -1 0 0 0 -1 -1 -1 -1 
-1 -1 -1 -1 1 1 -1 -1 0 0 -1 -1 -1 -1 -1 
-1 -1 -1 -1 1 1 -1 -1 0 0 -1 -1 -1 -1 -1 
-1 -1 -1 -1 1 1 -1 -1 0 0 -1 -1 -1 -1 -1 
-1 -1 -1 1 1 1 -1 -1 0 0 -1 -1 -1 -1 -1 
-1 -1 -1 1 1 1 -1 -1 0 0 -1 -1 -1 -1 -1 
-1 -1 -1 1 1 1 -1 -1 0 0 -1 -1 -1 -1 -1 
-1 -1 -1 1 1 1 -1 -1 0 0 -1 -1 -1 -1 -1 
-1 -1 -1 1 1 1 -1 -1 0 0 -1 -1 -1 -1 -1 
END
15 0
1 8
9 3
-1 -1 -1 -1 1 1 -1 -1 -1 0 0 -1 -1 -1 -1 
-1 -1 -1 -1 1 1 -1 -1 0 0 0 -1 -1 -1 -1 
-1 -1 -1 -1 1 1 -1 -1 0 0 0 -1 -1 -1 -1 
-1 -1 -1 -1 1 1 -1 -1 0 0 0 -1 -1 -1 -1 
-1 -1 -1 -1 1 1 -1 -1 0 0 0 -1 -1 -1 -1 
-1 -1 -1 -1 1 1 -1 -1 0 0 0 -1 -1 -1 -1 
-1 -1 -1 -1 1 1 -1 -1 0 0 0 -1 -1 -1 -1 
-1 -1 -1 -1 1 1 -1 -1 0 0 -1 -1 -1 -1 -1 
-1 -1 -1 -1 1 1 -1 -1 0 0 -1 -1 -1 -1 -1 
-1 -1 -1 1 1 1 -1 -1 0 0 -1 -1 -1 -1 -1 
-1 -1 -1 1 1 1 -1 -1 0 0 -1 -1 -1 -1 -1 
-1 -1 -1 1 1 1 -1 -1 0 0 -1 -1 -1 -1 -1 
-1 -1 -1 1 1 1 -1 -1 0 0 -1 -1 -1 -1 -1 
-1 -1 -1 1 1 1 -1 -1 0 0 -1 -1 -1 -1 -1 
-1 -1 -1 1 1 1 -1 -1 0 0 -1 -1 -1 -1 -1 
END
15 0
0 8
8 3
-1 -1 -1 -1 1 1 -1 -1 0 0 0 -1 -1 -1 -1 
-1 -1 -1 -1 1 1 -1 -1 0 0 0 -1 -1 -1 -1 
-1 -1 -1 -1 1 1 -1 -1 0 0 0 -1 -1 -1 -1 
-1 -1 -1 -1 1 1 -1 -1 0 0 0 -1 -1 -1 -1 
-1 -1 -1 -1 1 1 -1 -1 0 0 0 -1 -1 -1 -1 
-1 -1 -1 -1 1 1 -1 -1 0 0 0 -1 -1 -1 -1 
-1 -1 -1 -1 1 1 -1 -1 0 0 0 -1 -1 -1 -1 
-1 -1 -1 -1 1 1 -1 -1 0 0 -1 -1 -1 -1 -1 
-1 -1 -1 1 1 1 -1 -1 0 0 -1 -1 -1 -1 -1 
-1 -1 -1 1 1 1 -1 -1 0 0 -1 -1 -1 -1 -1 
-1 -1 -1 1 1 1 -1 -1 0 0 -1 -1 -1 -1 -1 
-1 -1 -1 1 1 1 -1 -1 0 0 -1 -1 -1 -1 -1 
-1 -1 -1 1 1 1 -1 -1 0 0 -1 -1 -1 -1 -1 
-1 -1 -1 1 1 1 -1 -1 0 0 -1 -1 -1 -1 -1 
-1 -1 -1 1 1 1 -1 -1 0 0 -1 -1 -1 -1 -1 
END
15 0
0 7
7 3
-1 -1 -1 -1 1 1 -1 0 0 0 0 -1 -1 -1 -1 
-1 -1 -1 -1 1 1 -1 -1 0 0 0 -1 -1 -1 -1 
-1 -1 -1 -1 1 1 -1 -1 0 0 0 -1 -1 -1 -1 
-1 -1 -1 -1 1 1 -1 -1 0 0 0 -1 -1 -1 -1 
-1 -1 -1 -1 1 1 -1 -1 0 0 0 -1 -1 -1 -1 
-1 -1 -1 -1 1 1 -1 -1 0 0 0 -1 -1 -1 -1 
-1 -1 -1 -1 1 1 -1 -1 0 0 0 -1 -1 -1 -1 
-1 -1 -1 1 1 1 -1 -1 0 0 -1 -1 -1 -1 -1 
-1 -1 -1 1 1 1 -1 -1 0 0 -1 -1 -1 -1 -1 
-1 -1 -1 1 1 1 -1 -1 0 0 -1 -1 -1 -1 -1 
-1 -1 -1 1 1 1 -1 -1 0 0 -1 -1 -1 -1 -1 
-1 -1 -1 1 1 1 -1 -1 0 0 -1 -1 -1 -1 -1 
-1 -1 -1 1 1 1 -1 -1 0 0 -1 -1 -1 -1 -1 
-1 -1 -1 1 1 1 -1 -1 0 0 -1 -1 -1 -1 -1 
-1 -1 -1 1 1 1 -1 -1 0 0 -1 -1 -1 -1 -1 
END
15 0
1 7
6 3
-1 -1 -1 -1 1 1 -1 0 0 0 0 -1 -1 -1 -1 
-1 -1 -1 -1 1 1 -1 0 0 0 0 -1 -1 -1 -1 
-1 -1 -1 -1 1 1 -1 -1 0 0 0 -1 -1 -1 -1 
-1 -1 -1 -1 1 1 -1 -1 0 0 0 -1 -1 -1 -1 
-1 -1 -1 -1 1 1 -1 -1 0 0 0 -1 -1 -1 -1 
-1 -1 -1 -1 1 1 -1 -1 0 0 0 -1 -1 -1 -1 
-1 -1 -1 1 1 1 -1 -1 0 0 0 -1 -1 -1 -1 
-1 -1 -1 1 1 1 -1 -1 0 0 -1 -1 -1 -1 -1 
-1 -1 -1 1 1 1 -1 -1 0 0 -1 -1 -1 -1 -1 
-1 -1 -1 1 1 1 -1 -1 0 0 -1 -1 -1 -1 -1 
-1 -1 -1 1 1 1 -1 -1 0 0 -1 -1 -1 -1 -1 
-1 -1 -1 1 1 1 -1 -1 0 0 -1 -1 -1 -1 -1 
-1 -1 -1 1 1 1 -1 -1 0 0 -1 -1 -1 -1 -1 
-1 -1 -1 1 1 1 -1 -1 0 0 -1 -1 -1 -1 -1 
-1 -1 -1 1 1 1 -1 -1 0 0 -1 -1 -1 -1 -1 
END
15 0
2 7
5 3
-1 -1 -1 -1 1 1 -1 0 0 0 0 -1 -1 -1 -1 
-1 -1 -1 -1 1 1 -1 0 0 0 0 -1 -1 -1 -1 
-1 -1 -1 -1 1 1 -1 0 0 0 0 -1 -1 -1 -1 
-1 -1 -1 -1 1 1 -1 -1 0 0 0 -1 -1 -1 -1 
-1 -1 -1 -1 1 1 -1 -1 0 0 0 -1 -1 -1 -1 
-1 -1 -1 1 1 1 -1 -1 0 0 0 -1 -1 -1 -1 
-1 -1 -1 1 1 1 -1 -1 0 0 0 -1 -1 -1 -1 
-1 -1 -1 1 1 1 -1 -1 0 0 -1 -1 -1 -1 -1 
-1 -1 -1 1 1 1 -1 -1 0 0 -1 -1 -1 -1 -1 
-1 -1 -1 1 1 1 -1 -1 0 0 -1 -1 -1 -1 -1 
-1 -1 -1 1 1 1 -1 -1 0 0 -1 -1 -1 -1 -1 
-1 -1 -1 1 1 1 -1 -1 0 0 -1 -1 -1 -1 -1 
-1 -1 -1 1 1 1 -1 -1 0 0 -1 -1 -1 -1 -1 
-1 -1 -1 1 1 1 -1 -1 0 0 -1 -1 -1 -1 -1 
-1 -1 -1 1 1 1 -1 -1 0 0 -1 -1 -1 -1 -1 
END
15 0
3 7
4 3
-1 -1 -1 -1 1 1 -1 0 0 0 0 -1 -1 -1 -1 
-1 -1 -1 -1 1 1 -1 0 0 0 0 -1 -1 -1 -1 
-1 -1 -1 -1 1 1 -1 0 0 0 0 -1 -1 -1 -1 
-1 -1 -1 -1 1 1 -1 0 0 0 0 -1 -1 -1 -1 
-1 -1 -1 1 1 1 -1 -1 0 0 0 -1 -1 -1 -1 
-1 -1 -1 1 1 1 -1 -1 0 0 0 -1 -1 -1 -1 
-1 -1 -1 1 1 1 -1 -1 0 0 0 -1 -1 -1 -1 
-1 -1 -1 1 1 1 -1 -1 0 0 -1 -1 -1 -1 -1 
-1 -1 -1 1 1 1 -1 -1 0 0 -1 -1 -1 -1 -1 
-1 -1 -1 1 1 1 -1 -1 0 0 -1 -1 -1 -1 -1 
-1 -1 -1 1 1 1 -1 -1 0 0 -1 -1 -1 -1 -1 
-1 -1 -1 1 1 1 -1 -1 0 0 -1 -1 -1 -1 -1 
-1 -1 -1 1 1 1 -1 -1 0 0 -1 -1 -1 -1 -1 
-1 -1 -1 1 1 1 -1 -1 0 0 -1 -1 -1 -1 -1 
-1 -1 -1 1 1 1 -1 -1 0 0 -1 -1 -1 -1 -1 
END
15 0
4 7
3 3
-1 -1 -1 -1 1 1 -1 0 0 0 0 -1 -1 -1 -1 
-1 -1 -1 -1 1 1 -1 0 0 0 0 -1 -1 -1 -1 
-1 -1 -1 -1 1 1 -1 0 0 0 0 -1 -1 -1 -1 
-1 -1 -1 1 1 1 -1 0 0 0 0 -1 -1 -1 -1 
-1 -1 -1 1 1 1 -1 0 0 0 0 -1 -1 -1 -1 
-1 -1 -1 1 1 1 -1 -1 0 0 0 -1 -1 -1 -1 
-1 -1 -1 1 1 1 -1 -1 0 0 0 -1 -1 -1 -1 
-1 -1 -1 1 1 1 -1 -1 0 0 -1 -1 -1 -1 -1 
-1 -1 -1 1 1 1 -1 -1 0 0 -1 -1 -1 -1 -1 
-1 -1 -1 1 1 1 -1 -1 0 0 -1 -1 -1 -1 -1 
-1 -1 -1 1 1 1 -1 -1 0 0 -1 -1 -1 -1 -1 
-1 -1 -1 1 1 1 -1 -1 0 0 -1 -1 -1 -1 -1 
-1 -1 -1 1 1 1 -1 -1 0 0 -1 -1 -1 -1 -1 
-1 -1 -1 1 1 1 -1 -1 0 0 -1 -1 -1 -1 -1 
-1 -1 -1 1 1 1 -1 -1 0 0 -1 -1 -1 -1 -1 
END
15 0
5 7
2 3
-1 -1 -1 -1 1 1 -1 0 0 0 0 -1 -1 -1 -1 
-1 -1 -1 -1 1 1 -1 0 0 0 0 -1 -1 -1 -1 
-1 -1 -1 1 1 1 -1 0 0 0 0 -1 -1 -1 -1 
-1 -1 -1 1 1 1 -1 0 0 0 0 -1 -1 -1 -1 
-1 -1 -1 1 1 1 -1 0 0 0 0 -1 -1 -1 -1 
-1 -1 -1 1 1 1 -1 0 0 0 0 -1 -1 -1 -1 
-1 -1 -1 1 1 1 -1 -1 0 0 0 -1 -1 -1 -1 
-1 -1 -1 1 1 1 -1 -1 0 0 -1 -1 -1 -1 -1 
-1 -1 -1 1 1 1 -1 -1 0 0 -1 -1 -1 -1 -1 
-1 -1 -1 1 1 1 -1 -1 0 0 -1 -1 -1 -1 -1 
-1 -1 -1 1 1 1 -1 -1 0 0 -1 -1 -1 -1 -1 
-1 -1 -1 1 1 1 -1 -1 0 0 -1 -1 -1 -1 -1 
-1 -1 -1 1 1 1 -1 -1 0 0 -1 -1 -1 -1 -1 
-1 -1 -1 1 1 1 -1 -1 0 0 -1 -1 -1 -1 -1 
-1 -1 -1 1 1 1 -1 -1 0 0 -1 -1 -1 -1 -1 
END
15 0
6 7
1 3
-1 -1 -1 -1 1 1 -1 0 0 0 0 -1 -1 -1 -1 
-1 -1 -1 1 1 1 -1 0 0 0 0 -1 -1 -1 -1 
-1 -1 -1 1 1 1 -1 0 0 0 0 -1 -1 -1 -1 
-1 -1 -1 1 1 1 -1 0 0 0 0 -1 -1 -1 -1 
-1 -1 -1 1 1 1 -1 0 0 0 0 -1 -1 -1 -1 
-1 -1 -1 1 1 1 -1 0 0 0 0 -1 -1 -1 -1 
-1 -1 -1 1 1 1 -1 0 0 0 0 -1 -1 -1 -1 
-1 -1 -1 1 1 1 -1 -1 0 0 -1 -1 -1 -1 -1 
-1 -1 -1 1 1 1 -1 -1 0 0 -1 -1 -1 -1 -1 
-1 -1 -1 1 1 1 -1 -1 0 0 -1 -1 -1 -1 -1 
-1 -1 -1 1 1 1 -1 -1 0 0 -1 -1 -1 -1 -1 
-1 -1 -1 1 1 1 -1 -1 0 0 -1 -1 -1 -1 -1 
-1 -1 -1 1 1 1 -1 -1 0 0 -1 -1 -1 -1 -1 
-1 -1 -1 1 1 1 -1 -1 0 0 -1 -1 -1 -1 -1 
-1 -1 -1 1 1 1 -1 -1 0 0 -1 -1 -1 -1 -1 
END
15 0
7 7
0 3
-1 -1 -1 1 1 1 -1 0 0 0 0 -1 -1 -1 -1 
-1 -1 -1 1 1 1 -1 0 0 0 0 -1 -1 -1 -1 
-1 -1 -1 1 1 1 -1 0 0 0 0 -1 -1 -1 -1 
-1 -1 -1 1 1 1 -1 0 0 0 0 -1 -1 -1 -1 
-1 -1 -1 1 1 1 -1 0 0 0 0 -1 -1 -1 -1 
-1 -1 -1 1 1 1 -1 0 0 0 0 -1 -1 -1 -1 
-1 -1 -1 1 1 1 -1 0 0 0 0 -1 -1 -1 -1 
-1 -1 -1 1 1 1 -1 0 0 0 -1 -1 -1 -1 -1 
-1 -1 -1 1 1 1 -1 -1 0 0 -1 -1 -1 -1 -1 
-1 -1 -1 1 1 1 -1 -1 0 0 -1 -1 -1 -1 -1 
-1 -1 -1 1 1 1 -1 -1 0 0 -1 -1 -1 -1 -1 
-1 -1 -1 1 1 1 -1 -1 0 0 -1 -1 -1 -1 -1 
-1 -1 -1 1 1 1 -1 -1 0 0 -1 -1 -1 -1 -1 
-1 -1 -1 1 1 1 -1 -1 0 0 -1 -1 -1 -1 -1 
-1 -1 -1 1 1 1 -1 -1 0 0 -1 -1 -1 -1 -1 
END
15 0
8 7
0 2
-1 -1 1 1 1 1 -1 0 0 0 0 -1 -1 -1 -1 
-1 -1 -1 1 1 1 -1 0 0 0 0 -1 -1 -1 -1 
-1 -1 -1 1 1 1 -1 0 0 0 0 -1 -1 -1 -1 
-1 -1 -1 1 1 1 -1 0 0 0 0 -1 -1 -1 -1 
-1 -1 -1 1 1 1 -1 0 0 0 0 -1 -1 -1 -1 
-1 -1 -1 1 1 1 -1 0 0 0 0 -1 -1 -1 -1 
-1 -1 -1 1 1 1 -1 0 0 0 0 -1 -1 -1 -1 
-1 -1 -1 1 1 1 -1 0 0 0 -1 -1 -1 -1 -1 
-1 -1 -1 1 1 1 -1 0 0 0 -1 -1 -1 -1 -1 
-1 -1 -1 1 1 1 -1 -1 0 0 -1 -1 -1 -1 -1 
-1 -1 -1 1 1 1 -1 -1 0 0 -1 -1 -1 -1 -1 
-1 -1 -1 1 1 1 -1 -1 0 0 -1 -1 -1 -1 -1 
-1 -1 -1 1 1 1 -1 -1 0 0 -1 -1 -1 -1 -1 
-1 -1 -1 1 1 1 -1 -1 0 0 -1 -1 -1 -1 -1 
-1 -1 -1 1 1 1 -1 -1 0 0 -1 -1 -1 -1 -1 
END
15 0
9 7
1 2
-1 -1 1 1 1 1 -1 0 0 0 0 -1 -1 -1 -1 
-1 -1 1 1 1 1 -1 0 0 0 0 -1 -1 -1 -1 
-1 -1 -1 1 1 1 -1 0 0 0 0 -1 -1 -1 -1 
-1 -1 -1 1 1 1 -1 0 0 0 0 -1 -1 -1 -1 
-1 -1 -1 1 1 1 -1 0 0 0 0 -1 -1 -1 -1 
-1 -1 -1 1 1 1 -1 0 0 0 0 -1 -1 -1 -1 
-1 -1 -1 1 1 1 -1 0 0 0 0 -1 -1 -1 -1 
-1 -1 -1 1 1 1 -1 0 0 0 -1 -1 -1 -1 -1 
-1 -1 -1 1 1 1 -1 0 0 0 -1 -1 -1 -1 -1 
-1 -1 -1 1 1 1 -1 0 0 0 -1 -1 -1 -1 -1 
-1 -1 -1 1 1 1 -1 -1 0 0 -1 -1 -1 -1 -1 
-1 -1 -1 1 1 1 -1 -1 0 0 -1 -1 -1 -1 -1 
-1 -1 -1 1 1 1 -1 -1 0 0 -1 -1 -1 -1 -1 
-1 -1 -1 1 1 1 -1 -1 0 0 -1 -1 -1 -1 -1 
-1 -1 -1 1 1 1 -1 -1 0 0 -1 -1 -1 -1 -1 
END
15 0
10 7
2 2
-1 -1 1 1 1 1 -1 0 0 0 0 -1 -1 -1 -1 
-1 -1 1 1 1 1 -1 0 0 0 0 -1 -1 -1 -1 
-1 -1 1 1 1 1 -1 0 0 0 0 -1 -1 -1 -1 
-1 -1 -1 1 1 1 -1 0 0 0 0 -1 -1 -1 -1 
-1 -1 -1 1 1 1 -1 0 0 0 0 -1 -1 -1 -1 
-1 -1 -1 1 1 1 -1 0 0 0 0 -1 -1 -1 -1 
-1 -1 -1 1 1 1 -1 0 0 0 0 -1 -1 -1 -1 
-1 -1 -1 1 1 1 -1 0 0 0 -1 -1 -1 -1 -1 
-1 -1 -1 1 1 1 -1 0 0 0 -1 -1 -1 -1 -1 
-1 -1 -1 1 1 1 -1 0 0 0 -1 -1 -1 -1 -1 
-1 -1 -1 1 1 1 -1 0 0 0 -1 -1 -1 -1 -1 
-1 -1 -1 1 1 1 -1 -1 0 0 -1 -1 -1 -1 -1 
-1 -1 -1 1 1 1 -1 -1 0 0 -1 -1 -1 -1 -1 
-1 -1 -1 1 1 1 -1 -1 0 0 -1 -1 -1 -1 -1 
-1 -1 -1 1 1 1 -1 -1 0 0 -1 -1 -1 -1 -1 
END
15 0
11 7
3 2
-1 -1 1 1 1 1 -1 0 0 0 0 -1 -1 -1 -1 
-1 -1 1 1 1 1 -1 0 0 0 0 -1 -1 -1 -1 
-1 -1 1 1 1 1 -1 0 0 0 0 -1 -1 -1 -1 
-1 -1 1 1 1 1 -1 0 0 0 0 -1 -1 -1 -1 
-1 -1 -1 1 1 1 -1 0 0 0 0 -1 -1 -1 -1 
-1 -1 -1 1 1 1 -1 0 0 0 0 -1 -1 -1 -1 
-1 -1 -1 1 1 1 -1 0 0 0 0 -1 -1 -1 -1 
-1 -1 -1 1 1 1 -1 0 0 0 -1 -1 -1 -1 -1 
-1 -1 -1 1 1 1 -1 0 0 0 -1 -1 -1 -1 -1 
-1 -1 -1 1 1 1 -1 0 0 0 -1 -1 -1 -1 -1 
-1 -1 -1 1 1 1 -1 0 0 0 -1 -1 -1 -1 -1 
-1 -1 -1 1 1 1 -1 0 0 0 -1 -1 -1 -1 -1 
-1 -1 -1 1 1 1 -1 -1 0 0 -1 -1 -1 -1 -1 
-1 -1 -1 1 1 1 -1 -1 0 0 -1 -1 -1 -1 -1 
-1 -1 -1 1 1 1 -1 -1 0 0 -1 -1 -1 -1 -1 
END
15 0
12 7
4 2
-1 -1 1 1 1 1 -1 0 0 0 0 -1 -1 -1 -1 
-1 -1 1 1 1 1 -1 0 0 0 0 -1 -1 -1 -1 
-1 -1 1 1 1 1 -1 0 0 0 0 -1 -1 -1 -1 
-1 -1 1 1 1 1 -1 0 0 0 0 -1 -1 -1 -1 
-1 -1 1 1 1 1 -1 0 0 0 0 -1 -1 -1 -1 
-1 -1 -1 1 1 1 -1 0 0 0 0 -1 -1 -1 -1 
-1 -1 -1 1 1 1 -1 0 0 0 0 -1 -1 -1 -1 
-1 -1 -1 1 1 1 -1 0 0 0 -1 -1 -1 -1 -1 
-1 -1 -1 1 1 1 -1 0 0 0 -1 -1 -1 -1 -1 
-1 -1 -1 1 1 1 -1 0 0 0 -1 -1 -1 -1 -1 
-1 -1 -1 1 1 1 -1 0 0 0 -1 -1 -1 -1 -1 
-1 -1 -1 1 1 1 -1 0 0 0 -1 -1 -1 -1 -1 
-1 -1 -1 1 1 1 -1 0 0 0 -1 -1 -1 -1 -1 
-1 -1 -1 1 1 1 -1 -1 0 0 -1 -1 -1 -1 -1 
-1 -1 -1 1 1 1 -1 -1 0 0 -1 -1 -1 -1 -1 
END
15 0
13 7
5 2
-1 -1 1 1 1 1 -1 0 0 0 0 -1 -1 -1 -1 
-1 -1 1 1 1 1 -1 0 0 0 0 -1 -1 -1 -1 
-1 -1 1 1 1 1 -1 0 0 0 0 -1 -1 -1 -1 
-1 -1 1 1 1 1 -1 0 0 0 0 -1 -1 -1 -1 
-1 -1 1 1 1 1 -1 0 0 0 0 -1 -1 -1 -1 
-1 -1 1 1 1 1 -1 0 0 0 0 -1 -1 -1 -1 
-1 -1 -1 1 1 1 -1 0 0 0 0 -1 -1 -1 -1 
-1 -1 -1 1 1 1 -1 0 0 0 -1 -1 -1 -1 -1 
-1 -1 -1 1 1 1 -1 0 0 0 -1 -1 -1 -1 -1 
-1 -1 -1 1 1 1 -1 0 0 0 -1 -1 -1 -1 -1 
-1 -1 -1 1 1 1 -1 0 0 0 -1 -1 -1 -1 -1 
-1 -1 -1 1 1 1 -1 0 0 0 -1 -1 -1 -1 -1 
-1 -1 -1 1 1 1 -1 0 0 0 -1 -1 -1 -1 -1 
-1 -1 -1 1 1 1 -1 0 0 0 -1 -1 -1 -1 -1 
-1 -1 -1 1 1 1 -1 -1 0 0 -1 -1 -1 -1 -1 
END
15 0
14 7
6 2
-1 -1 1 1 1 1 -1 0 0 0 0 -1 -1 -1 -1 
-1 -1 1 1 1 1 -1 0 0 0 0 -1 -1 -1 -1 
-1 -1 1 1 1 1 -1 0 0 0 0 -1 -1 -1 -1 
-1 -1 1 1 1 1 -1 0 0 0 0 -1 -1 -1 -1 
-1 -1 1 1 1 1 -1 0 0 0 0 -1 -1 -1 -1 
-1 -1 1 1 1 1 -1 0 0 0 0 -1 -1 -1 -1 
-1 -1 1 1 1 1 -1 0 0 0 0 -1 -1 -1 -1 
-1 -1 -1 1 1 1 -1 0 0 0 -1 -1 -1 -1 -1 
-1 -1 -1 1 1 1 -1 0 0 0 -1 -1 -1 -1 -1 
-1 -1 -1 1 1 1 -1 0 0 0 -1 -1 -1 -1 -1 
-1 -1 -1 1 1 1 -1 0 0 0 -1 -1 -1 -1 -1 
-1 -1 -1 1 1 1 -1 0 0 0 -1 -1 -1 -1 -1 
-1 -1 -1 1 1 1 -1 0 0 0 -1 -1 -1 -1 -1 
-1 -1 -1 1 1 1 -1 0 0 0 -1 -1 -1 -1 -1 
-1 -1 -1 1 1 1 -1 0 0 0 -1 -1 -1 -1 -1 
END
15 0
14 6
7 2
-1 -1 1 1 1 1 -1 0 0 0 0 -1 -1 -1 -1 
-1 -1 1 1 1 1 -1 0 0 0 0 -1 -1 -1 -1 
-1 -1 1 1 1 1 -1 0 0 0 0 -1 -1 -1 -1 
-1 -1 1 1 1 1 -1 0 0 0 0 -1 -1 -1 -1 
-1 -1 1 1 1 1 -1 0 0 0 0 -1 -1 -1 -1 
-1 -1 1 1 1 1 -1 0 0 0 0 -1 -1 -1 -1 
-1 -1 1 1 1 1 -1 0 0 0 0 -1 -1 -1 -1 
-1 -1 1 1 1 1 -1 0 0 0 -1 -1 -1 -1 -1 
-1 -1 -1 1 1 1 -1 0 0 0 -1 -1 -1 -1 -1 
-1 -1 -1 1 1 1 -1 0 0 0 -1 -1 -1 -1 -1 
-1 -1 -1 1 1 1 -1 0 0 0 -1 -1 -1 -1 -1 
-1 -1 -1 1 1 1 -1 0 0 0 -1 -1 -1 -1 -1 
-1 -1 -1 1 1 1 -1 0 0 0 -1 -1 -1 -1 -1 
-1 -1 -1 1 1 1 -1 0 0 0 -1 -1 -1 -1 -1 
-1 -1 -1 1 1 1 0 0 0 0 -1 -1 -1 -1 -1 
END
15 0
13 6
8 2
-1 -1 1 1 1 1 -1 0 0 0 0 -1 -1 -1 -1 
-1 -1 1 1 1 1 -1 0 0 0 0 -1 -1 -1 -1 
-1 -1 1 1 1 1 -1 0 0 0 0 -1 -1 -1 -1 
-1 -1 1 1 1 1 -1 0 0 0 0 -1 -1 -1 -1 
-1 -1 1 1 1 1 -1 0 0 0 0 -1 -1 -1 -1 
-1 -1 1 1 1 1 -1 0 0 0 0 -1 -1 -1 -1 
-1 -1 1 1 1 1 -1 0 0 0 0 -1 -1 -1 -1 
-1 -1 1 1 1 1 -1 0 0 0 -1 -1 -1 -1 -1 
-1 -1 1 1 1 1 -1 0 0 0 -1 -1 -1 -1 -1 
-1 -1 -1 1 1 1 -1 0 0 0 -1 -1 -1 -1 -1 
-1 -1 -1 1 1 1 -1 0 0 0 -1 -1 -1 -1 -1 
-1 -1 -1 1 1 1 -1 0 0 0 -1 -1 -1 -1 -1 
-1 -1 -1 1 1 1 -1 0 0 0 -1 -1 -1 -1 -1 
-1 -1 -1 1 1 1 0 0 0 0 -1 -1 -1 -1 -1 
-1 -1 -1 1 1 1 0 0 0 0 -1 -1 -1 -1 -1 
END
15 0
12 6
9 2
-1 -1 1 1 1 1 -1 0 0 0 0 -1 -1 -1 -1 
-1 -1 1 1 1 1 -1 0 0 0 0 -1 -1 -1 -1 
-1 -1 1 1 1 1 -1 0 0 0 0 -1 -1 -1 -1 
-1 -1 1 1 1 1 -1 0 0 0 0 -1 -1 -1 -1 
-1 -1 1 1 1 1 -1 0 0 0 0 -1 -1 -1 -1 
-1 -1 1 1 1 1 -1 0 0 0 0 -1 -1 -1 -1 
-1 -1 1 1 1 1 -1 0 0 0 0 -1 -1 -1 -1 
-1 -1 1 1 1 1 -1 0 0 0 -1 -1 -1 -1 -1 
-1 -1 1 1 1 1 -1 0 0 0 -1 -1 -1 -1 -1 
-1 -1 1 1 1 1 -1 0 0 0 -1 -1 -1 -1 -1 
-1 -1 -1 1 1 1 -1 0 0 0 -1 -1 -1 -1 -1 
-1 -1 -1 1 1 1 -1 0 0 0 -1 -1 -1 -1 -1 
-1 -1 -1 1 1 1 0 0 0 0 -1 -1 -1 -1 -1 
-1 -1 -1 1 1 1 0 0 0 0 -1 -1 -1 -1 -1 
-1 -1 -1 1 1 1 0 0 0 0 -1 -1 -1 -1 -1 
END
15 0
11 6
10 2
-1 -1 1 1 1 1 -1 0 0 0 0 -1 -1 -1 -1 
-1 -1 1 1 1 1 -1 0 0 0 0 -1 -1 -1 -1 
-1 -1 1 1 1 1 -1 0 0 0 0 -1 -1 -1 -1 
-1 -1 1 1 1 1 -1 0 0 0 0 -1 -1 -1 -1 
-1 -1 1 1 1 1 -1 0 0 0 0 -1 -1 -1 -1 
-1 -1 1 1 1 1 -1 0 0 0 0 -1 -1 -1 -1 
-1 -1 1 1 1 1 -1 0 0 0 0 -1 -1 -1 -1 
-1 -1 1 1 1 1 -1 0 0 0 -1 -1 -1 -1 -1 
-1 -1 1 1 1 1 -1 0 0 0 -1 -1 -1 -1 -1 
-1 -1 1 1 1 1 -1 0 0 0 -1 -1 -1 -1 -1 
-1 -1 1 1 1 1 -1 0 0 0 -1 -1 -1 -1 -1 
-1 -1 -1 1 1 1 0 0 0 0 -1 -1 -1 -1 -1 
-1 -1 -1 1 1 1 0 0 0 0 -1 -1 -1 -1 -1 
-1 -1 -1 1 1 1 0 0 0 0 -1 -1 -1 -1 -1 
-1 -1 -1 1 1 1 0 0 0 0 -1 -1 -1 -1 -1 
END
15 0
10 6
11 2
-1 -1 1 1 1 1 -1 0 0 0 0 -1 -1 -1 -1 
-1 -1 1 1 1 1 -1 0 0 0 0 -1 -1 -1 -1 
-1 -1 1 1 1 1 -1 0 0 0 0 -1 -1 -1 -1 
-1 -1 1 1 1 1 -1 0 0 0 0 -1 -1 -1 -1 
-1 -1 1 1 1 1 -1 0 0 0 0 -1 -1 -1 -1 
-1 -1 1 1 1 1 -1 0 0 0 0 -1 -1 -1 -1 
-1 -1 1 1 1 1 -1 0 0 0 0 -1 -1 -1 -1 
-1 -1 1 1 1 1 -1 0 0 0 -1 -1 -1 -1 -1 
-1 -1 1 1 1 1 -1 0 0 0 -1 -1 -1 -1 -1 
-1 -1 1 1 1 1 -1 0 0 0 -1 -1 -1 -1 -1 
-1 -1 1 1 1 1 0 0 0 0 -1 -1 -1 -1 -1 
-1 -1 1 1 1 1 0 0 0 0 -1 -1 -1 -1 -1 
-1 -1 -1 1 1 1 0 0 0 0 -1 -1 -1 -1 -1 
-1 -1 -1 1 1 1 0 0 0 0 -1 -1 -1 -1 -1 
-1 -1 -1 1 1 1 0 0 0 0 -1 -1 -1 -1 -1 
END
15 0
9 6
12 2
-1 -1 1 1 1 1 -1 0 0 0 0 -1 -1 -1 -1 
-1 -1 1 1 1 1 -1 0 0 0 0 -1 -1 -1 -1 
-1 -1 1 1 1 1 -1 0 0 0 0 -1 -1 -1 -1 
-1 -1 1 1 1 1 -1 0 0 0 0 -1 -1 -1 -1 
-1 -1 1 1 1 1 -1 0 0 0 0 -1 -1 -1 -1 
-1 -1 1 1 1 1 -1 0 0 0 0 -1 -1 -1 -1 
-1 -1 1 1 1 1 -1 0 0 0 0 -1 -1 -1 -1 
-1 -1 1 1 1 1 -1 0 0 0 -1 -1 -1 -1 -1 
-1 -1 1 1 1 1 -1 0 0 0 -1 -1 -1 -1 -1 
-1 -1 1 1 1 1 0 0 0 0 -1 -1 -1 -1 -1 
-1 -1 1 1 1 1 0 0 0 0 -1 -1 -1 -1 -1 
-1 -1 1 1 1 1 0 0 0 0 -1 -1 -1 -1 -1 
-1 -1 1 1 1 1 0 0 0 0 -1 -1 -1 -1 -1 
-1 -1 -1 1 1 1 0 0 0 0 -1 -1 -1 -1 -1 
-1 -1 -1 1 1 1 0 0 0 0 -1 -1 -1 -1 -1 
END
15 0
8 6
13 2
-1 -1 1 1 1 1 -1 0 0 0 0 -1 -1 -1 -1 
-1 -1 1 1 1 1 -1 0 0 0 0 -1 -1 -1 -1 
-1 -1 1 1 1 1 -1 0 0 0 0 -1 -1 -1 -1 
-1 -1 1 1 1 1 -1 0 0 0 0 -1 -1 -1 -1 
-1 -1 1 1 1 1 -1 0 0 0 0 -1 -1 -1 -1 
-1 -1 1 1 1 1 -1 0 0 0 0 -1 -1 -1 -1 
-1 -1 1 1 1 1 -1 0 0 0 0 -1 -1 -1 -1 
-1 -1 1 1 1 1 -1 0 0 0 -1 -1 -1 -1 -1 
-1 -1 1 1 1 1 0 0 0 0 -1 -1 -1 -1 -1 
-1 -1 1 1 1 1 0 0 0 0 -1 -1 -1 -1 -1 
-1 -1 1 1 1 1 0 0 0 0 -1 -1 -1 -1 -1 
-1 -1 1 1 1 1 0 0 0 0 -1 -1 -1 -1 -1 
-1 -1 1 1 1 1 0 0 0 0 -1 -1 -1 -1 -1 
-1 -1 1 1 1 1 0 0 0 0 -1 -1 -1 -1 -1 
-1 -1 -1 1 1 1 0 0 0 0 -1 -1 -1 -1 -1 
END
15 0
7 6
14 2
-1 -1 1 1 1 1 -1 0 0 0 0 -1 -1 -1 -1 
-1 -1 1 1 1 1 -1 0 0 0 0 -1 -1 -1 -1 
-1 -1 1 1 1 1 -1 0 0 0 0 -1 -1 -1 -1 
-1 -1 1 1 1 1 -1 0 0 0 0 -1 -1 -1 -1 
-1 -1 1 1 1 1 -1 0 0 0 0 -1 -1 -1 -1 
-1 -1 1 1 1 1 -1 0 0 0 0 -1 -1 -1 -1 
-1 -1 1 1 1 1 -1 0 0 0 0 -1 -1 -1 -1 
-1 -1 1 1 1 1 0 0 0 0 -1 -1 -1 -1 -1 
-1 -1 1 1 1 1 0 0 0 0 -1 -1 -1 -1 -1 
-1 -1 1 1 1 1 0 0 0 0 -1 -1 -1 -1 -1 
-1 -1 1 1 1 1 0 0 0 0 -1 -1 -1 -1 -1 
-1 -1 1 1 1 1 0 0 0 0 -1 -1 -1 -1 -1 
-1 -1 1 1 1 1 0 0 0 0 -1 -1 -1 -1 -1 
-1 -1 1 1 1 1 0 0 0 0 -1 -1 -1 -1 -1 
-1 -1 1 1 1 1 0 0 0 0 -1 -1 -1 -1 -1 
END
15 0
6 6
14 1
-1 -1 1 1 1 1 -1 0 0 0 0 -1 -1 -1 -1 
-1 -1 1 1 1 1 -1 0 0 0 0 -1 -1 -1 -1 
-1 -1 1 1 1 1 -1 0 0 0 0 -1 -1 -1 -1 
-1 -1 1 1 1 1 -1 0 0 0 0 -1 -1 -1 -1 
-1 -1 1 1 1 1 -1 0 0 0 0 -1 -1 -1 -1 
-1 -1 1 1 1 1 -1 0 0 0 0 -1 -1 -1 -1 
-1 -1 1 1 1 1 0 0 0 0 0 -1 -1 -1 -1 
-1 -1 1 1 1 1 0 0 0 0 -1 -1 -1 -1 -1 
-1 -1 1 1 1 1 0 0 0 0 -1 -1 -1 -1 -1 
-1 -1 1 1 1 1 0 0 0 0 -1 -1 -1 -1 -1 
-1 -1 1 1 1 1 0 0 0 0 -1 -1 -1 -1 -1 
-1 -1 1 1 1 1 0 0 0 0 -1 -1 -1 -1 -1 
-1 -1 1 1 1 1 0 0 0 0 -1 -1 -1 -1 -1 
-1 -1 1 1 1 1 0 0 0 0 -1 -1 -1 -1 -1 
-1 1 1 1 1 1 0 0 0 0 -1 -1 -1 -1 -1 
END
15 0
5 6
13 1
-1 -1 1 1 1 1 -1 0 0 0 0 -1 -1 -1 -1 
-1 -1 1 1 1 1 -1 0 0 0 0 -1 -1 -1 -1 
-1 -1 1 1 1 1 -1 0 0 0 0 -1 -1 -1 -1 
-1 -1 1 1 1 1 -1 0 0 0 0 -1 -1 -1 -1 
-1 -1 1 1 1 1 -1 0 0 0 0 -1 -1 -1 -1 
-1 -1 1 1 1 1 0 0 0 0 0 -1 -1 -1 -1 
-1 -1 1 1 1 1 0 0 0 0 0 -1 -1 -1 -1 
-1 -1 1 1 1 1 0 0 0 0 -1 -1 -1 -1 -1 
-1 -1 1 1 1 1 0 0 0 0 -1 -1 -1 -1 -1 
-1 -1 1 1 1 1 0 0 0 0 -1 -1 -1 -1 -1 
-1 -1 1 1 1 1 0 0 0 0 -1 -1 -1 -1 -1 
-1 -1 1 1 1 1 0 0 0 0 -1 -1 -1 -1 -1 
-1 -1 1 1 1 1 0 0 0 0 -1 -1 -1 -1 -1 
-1 1 1 1 1 1 0 0 0 0 -1 -1 -1 -1 -1 
-1 1 1 1 1 1 0 0 0 0 -1 -1 -1 -1 -1 
END
15 0
4 6
12 1
-1 -1 1 1 1 1 -1 0 0 0 0 -1 -1 -1 -1 
-1 -1 1 1 1 1 -1 0 0 0 0 -1 -1 -1 -1 
-1 -1 1 1 1 1 -1 0 0 0 0 -1 -1 -1 -1 
-1 -1 1 1 1 1 -1 0 0 0 0 -1 -1 -1 -1 
-1 -1 1 1 1 1 0 0 0 0 0 -1 -1 -1 -1 
-1 -1 1 1 1 1 0 0 0 0 0 -1 -1 -1 -1 
-1 -1 1 1 1 1 0 0 0 0 0 -1 -1 -1 -1 
-1 -1 1 1 1 1 0 0 0 0 -1 -1 -1 -1 -1 
-1 -1 1 1 1 1 0 0 0 0 -1 -1 -1 -1 -1 
-1 -1 1 1 1 1 0 0 0 0 -1 -1 -1 -1 -1 
-1 -1 1 1 1 1 0 0 0 0 -1 -1 -1 -1 -1 
-1 -1 1 1 1 1 0 0 0 0 -1 -1 -1 -1 -1 
-1 1 1 1 1 1 0 0 0 0 -1 -1 -1 -1 -1 
-1 1 1 1 1 1 0 0 0 0 -1 -1 -1 -1 -1 
-1 1 1 1 1 1 0 0 0 0 -1 -1 -1 -1 -1 
END
15 0
3 6
11 1
-1 -1 1 1 1 1 -1 0 0 0 0 -1 -1 -1 -1 
-1 -1 1 1 1 1 -1 0 0 0 0 -1 -1 -1 -1 
-1 -1 1 1 1 1 -1 0 0 0 0 -1 -1 -1 -1 
-1 -1 1 1 1 1 0 0 0 0 0 -1 -1 -1 -1 
-1 -1 1 1 1 1 0 0 0 0 0 -1 -1 -1 -1 
-1 -1 1 1 1 1 0 0 0 0 0 -1 -1 -1 -1 
-1 -1 1 1 1 1 0 0 0 0 0 -1 -1 -1 -1 
-1 -1 1 1 1 1 0 0 0 0 -1 -1 -1 -1 -1 
-1 -1 1 1 1 1 0 0 0 0 -1 -1 -1 -1 -1 
-1 -1 1 1 1 1 0 0 0 0 -1 -1 -1 -1 -1 
-1 -1 1 1 1 1 0 0 0 0 -1 -1 -1 -1 -1 
-1 1 1 1 1 1 0 0 0 0 -1 -1 -1 -1 -1 
-1 1 1 1 1 1 0 0 0 0 -1 -1 -1 -1 -1 
-1 1 1 1 1 1 0 0 0 0 -1 -1 -1 -1 -1 
-1 1 1 1 1 1 0 0 0 0 -1 -1 -1 -1 -1 
END
15 0
2 6
10 1
-1 -1 1 1 1 1 -1 0 0 0 0 -1 -1 -1 -1 
-1 -1 1 1 1 1 -1 0 0 0 0 -1 -1 -1 -1 
-1 -1 1 1 1 1 0 0 0 0 0 -1 -1 -1 -1 
-1 -1 1 1 1 1 0 0 0 0 0 -1 -1 -1 -1 
-1 -1 1 1 1 1 0 0 0 0 0 -1 -1 -1 -1 
-1 -1 1 1 1 1 0 0 0 0 0 -1 -1 -1 -1 
-1 -1 1 1 1 1 0 0 0 0 0 -1 -1 -1 -1 
-1 -1 1 1 1 1 0 0 0 0 -1 -1 -1 -1 -1 
-1 -1 1 1 1 1 0 0 0 0 -1 -1 -1 -1 -1 
-1 -1 1 1 1 1 0 0 0 0 -1 -1 -1 -1 -1 
-1 1 1 1 1 1 0 0 0 0 -1 -1 -1 -1 -1 
-1 1 1 1 1 1 0 0 0 0 -1 -1 -1 -1 -1 
-1 1 1 1 1 1 0 0 0 0 -1 -1 -1 -1 -1 
-1 1 1 1 1 1 0 0 0 0 -1 -1 -1 -1 -1 
-1 1 1 1 1 1 0 0 0 0 -1 -1 -1 -1 -1 
END
15 0
1 6
9 1
-1 -1 1 1 1 1 -1 0 0 0 0 -1 -1 -1 -1 
-1 -1 1 1 1 1 0 0 0 0 0 -1 -1 -1 -1 
-1 -1 1 1 1 1 0 0 0 0 0 -1 -1 -1 -1 
-1 -1 1 1 1 1 0 0 0 0 0 -1 -1 -1 -1 
-1 -1 1 1 1 1 0 0 0 0 0 -1 -1 -1 -1 
-1 -1 1 1 1 1 0 0 0 0 0 -1 -1 -1 -1 
-1 -1 1 1 1 1 0 0 0 0 0 -1 -1 -1 -1 
-1 -1 1 1 1 1 0 0 0 0 -1 -1 -1 -1 -1 
-1 -1 1 1 1 1 0 0 0 0 -1 -1 -1 -1 -1 
-1 1 1 1 1 1 0 0 0 0 -1 -1 -1 -1 -1 
-1 1 1 1 1 1 0 0 0 0 -1 -1 -1 -1 -1 
-1 1 1 1 1 1 0 0 0 0 -1 -1 -1 -1 -1 
-1 1 1 1 1 1 0 0 0 0 -1 -1 -1 -1 -1 
-1 1 1 1 1 1 0 0 0 0 -1 -1 -1 -1 -1 
-1 1 1 1 1 1 0 0 0 0 -1 -1 -1 -1 -1 
END
15 0
0 6
8 1
-1 -1 1 1 1 1 0 0 0 0 0 -1 -1 -1 -1 
-1 -1 1 1 1 1 0 0 0 0 0 -1 -1 -1 -1 
-1 -1 1 1 1 1 0 0 0 0 0 -1 -1 -1 -1 
-1 -1 1 1 1 1 0 0 0 0 0 -1 -1 -1 -1 
-1 -1 1 1 1 1 0 0 0 0 0 -1 -1 -1 -1 
-1 -1 1 1 1 1 0 0 0 0 0 -1 -1 -1 -1 
-1 -1 1 1 1 1 0 0 0 0 0 -1 -1 -1 -1 
-1 -1 1 1 1 1 0 0 0 0 -1 -1 -1 -1 -1 
-1 1 1 1 1 1 0 0 0 0 -1 -1 -1 -1 -1 
-1 1 1 1 1 1 0 0 0 0 -1 -1 -1 -1 -1 
-1 1 1 1 1 1 0 0 0 0 -1 -1 -1 -1 -1 
-1 1 1 1 1 1 0 0 0 0 -1 -1 -1 -1 -1 
-1 1 1 1 1 1 0 0 0 0 -1 -1 -1 -1 -1 
-1 1 1 1 1 1 0 0 0 0 -1 -1 -1 -1 -1 
-1 1 1 1 1 1 0 0 0 0 -1 -1 -1 -1 -1 
END
