15 1
6 10
14 5
-1 -1 -1 -1 -1 -1 -1 -1 -1 -1 -1 -1 -1 -1 -1 
-1 -1 -1 -1 -1 -1 -1 -1 -1 -1 -1 -1 -1 -1 -1 
-1 -1 -1 -1 -1 -1 -1 -1 -1 -1 -1 -1 -1 -1 -1 
-1 -1 -1 -1 -1 -1 -1 -1 -1 -1 -1 -1 -1 -1 -1 
-1 -1 -1 -1 -1 -1 -1 -1 -1 -1 -1 -1 -1 -1 -1 
-1 -1 -1 -1 -1 -1 -1 -1 -1 -1 -1 -1 -1 -1 -1 
-1 -1 -1 -1 -1 -1 -1 -1 -1 -1 0 -1 -1 -1 -1 
-1 -1 -1 -1 -1 -1 -1 -1 -1 -1 -1 -1 -1 -1 -1 
-1 -1 -1 -1 -1 -1 -1 -1 -1 -1 -1 -1 -1 -1 -1 
-1 -1 -1 -1 -1 -1 -1 -1 -1 -1 -1 -1 -1 -1 -1 
-1 -1 -1 -1 -1 -1 -1 -1 -1 -1 -1 -1 -1 -1 -1 
-1 -1 -1 -1 -1 -1 -1 -1 -1 -1 -1 -1 -1 -1 -1 
-1 -1 -1 -1 -1 -1 -1 -1 -1 -1 -1 -1 -1 -1 -1 
-1 -1 -1 -1 -1 -1 -1 -1 -1 -1 -1 -1 -1 -1 -1 
-1 -1 -1 -1 -1 1 -1 -1 -1 -1 -1 -1 -1 -1 -1 
END
15 1
5 10
13 5
-1 -1 -1 -1 -1 -1 -1 -1 -1 -1 -1 -1 -1 -1 -1 
-1 -1 -1 -1 -1 -1 -1 -1 -1 -1 -1 -1 -1 -1 -1 
-1 -1 -1 -1 -1 -1 -1 -1 -1 -1 -1 -1 -1 -1 -1 
-1 -1 -1 -1 -1 -1 -1 -1 -1 -1 -1 -1 -1 -1 -1 
-1 -1 -1 -1 -1 -1 -1 -1 -1 -1 -1 -1 -1 -1 -1 
-1 -1 -1 -1 -1 -1 -1 -1 -1 -1 0 -1 -1 -1 -1 
-1 -1 -1 -1 -1 -1 -1 -1 -1 -1 0 -1 -1 -1 -1 
-1 -1 -1 -1 -1 -1 -1 -1 -1 -1 -1 -1 -1 -1 -1 
-1 -1 -1 -1 -1 -1 -1 -1 -1 -1 -1 -1 -1 -1 -1 
-1 -1 -1 -1 -1 -1 -1 -1 -1 -1 -1 -1 -1 -1 -1 
-1 -1 -1 -1 -1 -1 -1 -1 -1 -1 -1 -1 -1 -1 -1 
-1 -1 -1 -1 -1 -1 -1 -1 -1 -1 -1 -1 -1 -1 -1 
-1 -1 -1 -1 -1 -1 -1 -1 -1 -1 -1 -1 -1 -1 -1 
-1 -1 -1 -1 -1 1 -1 -1 -1 -1 -1 -1 -1 -1 -1 
-1 -1 -1 -1 -1 1 -1 -1 -1 -1 -1 -1 -1 -1 -1 
END
15 1
4 10
12 5
-1 -1 -1 -1 -1 -1 -1 -1 -1 -1 -1 -1 -1 -1 -1 
-1 -1 -1 -1 -1 -1 -1 -1 -1 -1 -1 -1 -1 -1 -1 
-1 -1 -1 -1 -1 -1 -1 -1 -1 -1 -1 -1 -1 -1 -1 
-1 -1 -1 -1 -1 -1 -1 -1 -1 -1 -1 -1 -1 -1 -1 
-1 -1 -1 -1 -1 -1 -1 -1 -1 -1 0 -1 -1 -1 -1 
-1 -1 -1 -1 -1 -1 -1 -1 -1 -1 0 -1 -1 -1 -1 
-1 -1 -1 -1 -1 -1 -1 -1 -1 -1 0 -1 -1 -1 -1 
-1 -1 -1 -1 -1 -1 -1 -1 -1 -1 -1 -1 -1 -1 -1 
-1 -1 -1 -1 -1 -1 -1 -1 -1 -1 -1 -1 -1 -1 -1 
-1 -1 -1 -1 -1 -1 -1 -1 -1 -1 -1 -1 -1 -1 -1 
-1 -1 -1 -1 -1 -1 -1 -1 -1 -1 -1 -1 -1 -1 -1 
-1 -1 -1 -1 -1 -1 -1 -1 -1 -1 -1 -1 -1 -1 -1 
-1 -1 -1 -1 -1 1 -1 -1 -1 -1 -1 -1 -1 -1 -1 
-1 -1 -1 -1 -1 1 -1 -1 -1 -1 -1 -1 -1 -1 -1 
-1 -1 -1 -1 -1 1 -1 -1 -1 -1 -1 -1 -1 -1 -1 
END
15 1
3 10
11 5
-1 -1 -1 -1 -1 -1 -1 -1 -1 -1 -1 -1 -1 -1 -1 
-1 -1 -1 -1 -1 -1 -1 -1 -1 -1 -1 -1 -1 -1 -1 
-1 -1 -1 -1 -1 -1 -1 -1 -1 -1 -1 -1 -1 -1 -1 
-1 -1 -1 -1 -1 -1 -1 -1 -1 -1 0 -1 -1 -1 -1 
-1 -1 -1 -1 -1 -1 -1 -1 -1 -1 0 -1 -1 -1 -1 
-1 -1 -1 -1 -1 -1 -1 -1 -1 -1 0 -1 -1 -1 -1 
-1 -1 -1 -1 -1 -1 -1 -1 -1 -1 0 -1 -1 -1 -1 
-1 -1 -1 -1 -1 -1 -1 -1 -1 -1 -1 -1 -1 -1 -1 
-1 -1 -1 -1 -1 -1 -1 -1 -1 -1 -1 -1 -1 -1 -1 
-1 -1 -1 -1 -1 -1 -1 -1 -1 -1 -1 -1 -1 -1 -1 
-1 -1 -1 -1 -1 -1 -1 -1 -1 -1 -1 -1 -1 -1 -1 
-1 -1 -1 -1 -1 1 -1 -1 -1 -1 -1 -1 -1 -1 -1 
-1 -1 -1 -1 -1 1 -1 -1 -1 -1 -1 -1 -1 -1 -1 
-1 -1 -1 -1 -1 1 -1 -1 -1 -1 -1 -1 -1 -1 -1 
-1 -1 -1 -1 -1 1 -1 -1 -1 -1 -1 -1 -1 -1 -1 
END
15 1
2 10
10 5
-1 -1 -1 -1 -1 -1 -1 -1 -1 -1 -1 -1 -1 -1 -1 
-1 -1 -1 -1 -1 -1 -1 -1 -1 -1 -1 -1 -1 -1 -1 
-1 -1 -1 -1 -1 -1 -1 -1 -1 -1 0 -1 -1 -1 -1 
-1 -1 -1 -1 -1 -1 -1 -1 -1 -1 0 -1 -1 -1 -1 
-1 -1 -1 -1 -1 -1 -1 -1 -1 -1 0 -1 -1 -1 -1 
-1 -1 -1 -1 -1 -1 -1 -1 -1 -1 0 -1 -1 -1 -1 
-1 -1 -1 -1 -1 -1 -1 -1 -1 -1 0 -1 -1 -1 -1 
-1 -1 -1 -1 -1 -1 -1 -1 -1 -1 -1 -1 -1 -1 -1 
-1 -1 -1 -1 -1 -1 -1 -1 -1 -1 -1 -1 -1 -1 -1 
-1 -1 -1 -1 -1 -1 -1 -1 -1 -1 -1 -1 -1 -1 -1 
-1 -1 -1 -1 -1 1 -1 -1 -1 -1 -1 -1 -1 -1 -1 
-1 -1 -1 -1 -1 1 -1 -1 -1 -1 -1 -1 -1 -1 -1 
-1 -1 -1 -1 -1 1 -1 -1 -1 -1 -1 -1 -1 -1 -1 
-1 -1 -1 -1 -1 1 -1 -1 -1 -1 -1 -1 -1 -1 -1 
-1 -1 -1 -1 -1 1 -1 -1 -1 -1 -1 -1 -1 -1 -1 
END
15 1
1 10
9 5
-1 -1 -1 -1 -1 -1 -1 -1 -1 -1 -1 -1 -1 -1 -1 
-1 -1 -1 -1 -1 -1 -1 -1 -1 -1 0 -1 -1 -1 -1 
-1 -1 -1 -1 -1 -1 -1 -1 -1 -1 0 -1 -1 -1 -1 
-1 -1 -1 -1 -1 -1 -1 -1 -1 -1 0 -1 -1 -1 -1 
-1 -1 -1 -1 -1 -1 -1 -1 -1 -1 0 -1 -1 -1 -1 
-1 -1 -1 -1 -1 -1 -1 -1 -1 -1 0 -1 -1 -1 -1 
-1 -1 -1 -1 -1 -1 -1 -1 -1 -1 0 -1 -1 -1 -1 
-1 -1 -1 -1 -1 -1 -1 -1 -1 -1 -1 -1 -1 -1 -1 
-1 -1 -1 -1 -1 -1 -1 -1 -1 -1 -1 -1 -1 -1 -1 
-1 -1 -1 -1 -1 1 -1 -1 -1 -1 -1 -1 -1 -1 -1 
-1 -1 -1 -1 -1 1 -1 -1 -1 -1 -1 -1 -1 -1 -1 
-1 -1 -1 -1 -1 1 -1 -1 -1 -1 -1 -1 -1 -1 -1 
-1 -1 -1 -1 -1 1 -1 -1 -1 -1 -1 -1 -1 -1 -1 
-1 -1 -1 -1 -1 1 -1 -1 -1 -1 -1 -1 -1 -1 -1 
-1 -1 -1 -1 -1 1 -1 -1 -1 -1 -1 -1 -1 -1 -1 
END
15 1
0 10
8 5
-1 -1 -1 -1 -1 -1 -1 -1 -1 -1 0 -1 -1 -1 -1 
-1 -1 -1 -1 -1 -1 -1 -1 -1 -1 0 -1 -1 -1 -1 
-1 -1 -1 -1 -1 -1 -1 -1 -1 -1 0 -1 -1 -1 -1 
-1 -1 -1 -1 -1 -1 -1 -1 -1 -1 0 -1 -1 -1 -1 
-1 -1 -1 -1 -1 -1 -1 -1 -1 -1 0 -1 -1 -1 -1 
-1 -1 -1 -1 -1 -1 -1 -1 -1 -1 0 -1 -1 -1 -1 
-1 -1 -1 -1 -1 -1 -1 -1 -1 -1 0 -1 -1 -1 -1 
-1 -1 -1 -1 -1 -1 -1 -1 -1 -1 -1 -1 -1 -1 -1 
-1 -1 -1 -1 -1 1 -1 -1 -1 -1 -1 -1 -1 -1 -1 
-1 -1 -1 -1 -1 1 -1 -1 -1 -1 -1 -1 -1 -1 -1 
-1 -1 -1 -1 -1 1 -1 -1 -1 -1 -1 -1 -1 -1 -1 
-1 -1 -1 -1 -1 1 -1 -1 -1 -1 -1 -1 -1 -1 -1 
-1 -1 -1 -1 -1 1 -1 -1 -1 -1 -1 -1 -1 -1 -1 
-1 -1 -1 -1 -1 1 -1 -1 -1 -1 -1 -1 -1 -1 -1 
-1 -1 -1 -1 -1 1 -1 -1 -1 -1 -1 -1 -1 -1 -1 
END
15 1
0 9
7 5
-1 -1 -1 -1 -1 -1 -1 -1 -1 0 0 -1 -1 -1 -1 
-1 -1 -1 -1 -1 -1 -1 -1 -1 -1 0 -1 -1 -1 -1 
-1 -1 -1 -1 -1 -1 -1 -1 -1 -1 0 -1 -1 -1 -1 
-1 -1 -1 -1 -1 -1 -1 -1 -1 -1 0 -1 -1 -1 -1 
-1 -1 -1 -1 -1 -1 -1 -1 -1 -1 0 -1 -1 -1 -1 
-1 -1 -1 -1 -1 -1 -1 -1 -1 -1 0 -1 -1 -1 -1 
-1 -1 -1 -1 -1 -1 -1 -1 -1 -1 0 -1 -1 -1 -1 
-1 -1 -1 -1 -1 1 -1 -1 -1 -1 -1 -1 -1 -1 -1 
-1 -1 -1 -1 -1 1 -1 -1 -1 -1 -1 -1 -1 -1 -1 
-1 -1 -1 -1 -1 1 -1 -1 -1 -1 -1 -1 -1 -1 -1 
-1 -1 -1 -1 -1 1 -1 -1 -1 -1 -1 -1 -1 -1 -1 
-1 -1 -1 -1 -1 1 -1 -1 -1 -1 -1 -1 -1 -1 -1 
-1 -1 -1 -1 -1 1 -1 -1 -1 -1 -1 -1 -1 -1 -1 
-1 -1 -1 -1 -1 1 -1 -1 -1 -1 -1 -1 -1 -1 -1 
-1 -1 -1 -1 -1 1 -1 -1 -1 -1 -1 -1 -1 -1 -1 
END
15 1
1 9
6 5
-1 -1 -1 -1 -1 -1 -1 -1 -1 0 0 -1 -1 -1 -1 
-1 -1 -1 -1 -1 -1 -1 -1 -1 0 0 -1 -1 -1 -1 
-1 -1 -1 -1 -1 -1 -1 -1 -1 -1 0 -1 -1 -1 -1 
-1 -1 -1 -1 -1 -1 -1 -1 -1 -1 0 -1 -1 -1 -1 
-1 -1 -1 -1 -1 -1 -1 -1 -1 -1 0 -1 -1 -1 -1 
-1 -1 -1 -1 -1 -1 -1 -1 -1 -1 0 -1 -1 -1 -1 
-1 -1 -1 -1 -1 1 -1 -1 -1 -1 0 -1 -1 -1 -1 
-1 -1 -1 -1 -1 1 -1 -1 -1 -1 -1 -1 -1 -1 -1 
-1 -1 -1 -1 -1 1 -1 -1 -1 -1 -1 -1 -1 -1 -1 
-1 -1 -1 -1 -1 1 -1 -1 -1 -1 -1 -1 -1 -1 -1 
-1 -1 -1 -1 -1 1 -1 -1 -1 -1 -1 -1 -1 -1 -1 
-1 -1 -1 -1 -1 1 -1 -1 -1 -1 -1 -1 -1 -1 -1 
-1 -1 -1 -1 -1 1 -1 -1 -1 -1 -1 -1 -1 -1 -1 
-1 -1 -1 -1 -1 1 -1 -1 -1 -1 -1 -1 -1 -1 -1 
-1 -1 -1 -1 -1 1 -1 -1 -1 -1 -1 -1 -1 -1 -1 
END
15 1
2 9
5 5
-1 -1 -1 -1 -1 -1 -1 -1 -1 0 0 -1 -1 -1 -1 
-1 -1 -1 -1 -1 -1 -1 -1 -1 0 0 -1 -1 -1 -1 
-1 -1 -1 -1 -1 -1 -1 -1 -1 0 0 -1 -1 -1 -1 
-1 -1 -1 -1 -1 -1 -1 -1 -1 -1 0 -1 -1 -1 -1 
-1 -1 -1 -1 -1 -1 -1 -1 -1 -1 0 -1 -1 -1 -1 
-1 -1 -1 -1 -1 1 -1 -1 -1 -1 0 -1 -1 -1 -1 
-1 -1 -1 -1 -1 1 -1 -1 -1 -1 0 -1 -1 -1 -1 
-1 -1 -1 -1 -1 1 -1 -1 -1 -1 -1 -1 -1 -1 -1 
-1 -1 -1 -1 -1 1 -1 -1 -1 -1 -1 -1 -1 -1 -1 
-1 -1 -1 -1 -1 1 -1 -1 -1 -1 -1 -1 -1 -1 -1 
-1 -1 -1 -1 -1 1 -1 -1 -1 -1 -1 -1 -1 -1 -1 
-1 -1 -1 -1 -1 1 -1 -1 -1 -1 -1 -1 -1 -1 -1 
-1 -1 -1 -1 -1 1 -1 -1 -1 -1 -1 -1 -1 -1 -1 
-1 -1 -1 -1 -1 1 -1 -1 -1 -1 -1 -1 -1 -1 -1 
-1 -1 -1 -1 -1 1 -1 -1 -1 -1 -1 -1 -1 -1 -1 
END
15 1
3 9
4 5
-1 -1 -1 -1 -1 -1 -1 -1 -1 0 0 -1 -1 -1 -1 
-1 -1 -1 -1 -1 -1 -1 -1 -1 0 0 -1 -1 -1 -1 
-1 -1 -1 -1 -1 -1 -1 -1 -1 0 0 -1 -1 -1 -1 
-1 -1 -1 -1 -1 -1 -1 -1 -1 0 0 -1 -1 -1 -1 
-1 -1 -1 -1 -1 1 -1 -1 -1 -1 0 -1 -1 -1 -1 
-1 -1 -1 -1 -1 1 -1 -1 -1 -1 0 -1 -1 -1 -1 
-1 -1 -1 -1 -1 1 -1 -1 -1 -1 0 -1 -1 -1 -1 
-1 -1 -1 -1 -1 1 -1 -1 -1 -1 -1 -1 -1 -1 -1 
-1 -1 -1 -1 -1 1 -1 -1 -1 -1 -1 -1 -1 -1 -1 
-1 -1 -1 -1 -1 1 -1 -1 -1 -1 -1 -1 -1 -1 -1 
-1 -1 -1 -1 -1 1 -1 -1 -1 -1 -1 -1 -1 -1 -1 
-1 -1 -1 -1 -1 1 -1 -1 -1 -1 -1 -1 -1 -1 -1 
-1 -1 -1 -1 -1 1 -1 -1 -1 -1 -1 -1 -1 -1 -1 
-1 -1 -1 -1 -1 1 -1 -1 -1 -1 -1 -1 -1 -1 -1 
-1 -1 -1 -1 -1 1 -1 -1 -1 -1 -1 -1 -1 -1 -1 
END
15 1
4 9
3 5
-1 -1 -1 -1 -1 -1 -1 -1 -1 0 0 -1 -1 -1 -1 
-1 -1 -1 -1 -1 -1 -1 -1 -1 0 0 -1 -1 -1 -1 
-1 -1 -1 -1 -1 -1 -1 -1 -1 0 0 -1 -1 -1 -1 
-1 -1 -1 -1 -1 1 -1 -1 -1 0 0 -1 -1 -1 -1 
-1 -1 -1 -1 -1 1 -1 -1 -1 0 0 -1 -1 -1 -1 
-1 -1 -1 -1 -1 1 -1 -1 -1 -1 0 -1 -1 -1 -1 
-1 -1 -1 -1 -1 1 -1 -1 -1 -1 0 -1 -1 -1 -1 
-1 -1 -1 -1 -1 1 -1 -1 -1 -1 -1 -1 -1 -1 -1 
-1 -1 -1 -1 -1 1 -1 -1 -1 -1 -1 -1 -1 -1 -1 
-1 -1 -1 -1 -1 1 -1 -1 -1 -1 -1 -1 -1 -1 -1 
-1 -1 -1 -1 -1 1 -1 -1 -1 -1 -1 -1 -1 -1 -1 
-1 -1 -1 -1 -1 1 -1 -1 -1 -1 -1 -1 -1 -1 -1 
-1 -1 -1 -1 -1 1 -1 -1 -1 -1 -1 -1 -1 -1 -1 
-1 -1 -1 -1 -1 1 -1 -1 -1 -1 -1 -1 -1 -1 -1 
-1 -1 -1 -1 -1 1 -1 -1 -1 -1 -1 -1 -1 -1 -1 
END
15 1
5 9
2 5
-1 -1 -1 -1 -1 -1 -1 -1 -1 0 0 -1 -1 -1 -1 
-1 -1 -1 -1 -1 -1 -1 -1 -1 0 0 -1 -1 -1 -1 
-1 -1 -1 -1 -1 1 -1 -1 -1 0 0 -1 -1 -1 -1 
-1 -1 -1 -1 -1 1 -1 -1 -1 0 0 -1 -1 -1 -1 
-1 -1 -1 -1 -1 1 -1 -1 -1 0 0 -1 -1 -1 -1 
-1 -1 -1 -1 -1 1 -1 -1 -1 0 0 -1 -1 -1 -1 
-1 -1 -1 -1 -1 1 -1 -1 -1 -1 0 -1 -1 -1 -1 
-1 -1 -1 -1 -1 1 -1 -1 -1 -1 -1 -1 -1 -1 -1 
-1 -1 -1 -1 -1 1 -1 -1 -1 -1 -1 -1 -1 -1 -1 
-1 -1 -1 -1 -1 1 -1 -1 -1 -1 -1 -1 -1 -1 -1 
-1 -1 -1 -1 -1 1 -1 -1 -1 -1 -1 -1 -1 -1 -1 
-1 -1 -1 -1 -1 1 -1 -1 -1 -1 -1 -1 -1 -1 -1 
-1 -1 -1 -1 -1 1 -1 -1 -1 -1 -1 -1 -1 -1 -1 
-1 -1 -1 -1 -1 1 -1 -1 -1 -1 -1 -1 -1 -1 -1 
-1 -1 -1 -1 -1 1 -1 -1 -1 -1 -1 -1 -1 -1 -1 
END
15 1
6 9
1 5
-1 -1 -1 -1 -1 -1 -1 -1 -1 0 0 -1 -1 -1 -1 
-1 -1 -1 -1 -1 1 -1 -1 -1 0 0 -1 -1 -1 -1 
-1 -1 -1 -1 -1 1 -1 -1 -1 0 0 -1 -1 -1 -1 
-1 -1 -1 -1 -1 1 -1 -1 -1 0 0 -1 -1 -1 -1 
-1 -1 -1 -1 -1 1 -1 -1 -1 0 0 -1 -1 -1 -1 
-1 -1 -1 -1 -1 1 -1 -1 -1 0 0 -1 -1 -1 -1 
-1 -1 -1 -1 -1 1 -1 -1 -1 0 0 -1 -1 -1 -1 
-1 -1 -1 -1 -1 1 -1 -1 -1 -1 -1 -1 -1 -1 -1 
-1 -1 -1 -1 -1 1 -1 -1 -1 -1 -1 -1 -1 -1 -1 
-1 -1 -1 -1 -1 1 -1 -1 -1 -1 -1 -1 -1 -1 -1 
-1 -1 -1 -1 -1 1 -1 -1 -1 -1 -1 -1 -1 -1 -1 
-1 -1 -1 -1 -1 1 -1 -1 -1 -1 -1 -1 -1 -1 -1 
-1 -1 -1 -1 -1 1 -1 -1 -1 -1 -1 -1 -1 -1 -1 
-1 -1 -1 -1 -1 1 -1 -1 -1 -1 -1 -1 -1 -1 -1 
-1 -1 -1 -1 -1 1 -1 -1 -1 -1 -1 -1 -1 -1 -1 
END
15 1
7 9
0 5
-1 -1 -1 -1 -1 1 -1 -1 -1 0 0 -1 -1 -1 -1 
-1 -1 -1 -1 -1 1 -1 -1 -1 0 0 -1 -1 -1 -1 
-1 -1 -1 -1 -1 1 -1 -1 -1 0 0 -1 -1 -1 -1 
-1 -1 -1 -1 -1 1 -1 -1 -1 0 0 -1 -1 -1 -1 
-1 -1 -1 -1 -1 1 -1 -1 -1 0 0 -1 -1 -1 -1 
-1 -1 -1 -1 -1 1 -1 -1 -1 0 0 -1 -1 -1 -1 
-1 -1 -1 -1 -1 1 -1 -1 -1 0 0 -1 -1 -1 -1 
-1 -1 -1 -1 -1 1 -1 -1 -1 0 -1 -1 -1 -1 -1 
-1 -1 -1 -1 -1 1 -1 -1 -1 -1 -1 -1 -1 -1 -1 
-1 -1 -1 -1 -1 1 -1 -1 -1 -1 -1 -1 -1 -1 -1 
-1 -1 -1 -1 -1 1 -1 -1 -1 -1 -1 -1 -1 -1 -1 
-1 -1 -1 -1 -1 1 -1 -1 -1 -1 -1 -1 -1 -1 -1 
-1 -1 -1 -1 -1 1 -1 -1 -1 -1 -1 -1 -1 -1 -1 
-1 -1 -1 -1 -1 1 -1 -1 -1 -1 -1 -1 -1 -1 -1 
-1 -1 -1 -1 -1 1 -1 -1 -1 -1 -1 -1 -1 -1 -1 
END
15 1
8 9
0 4
-1 -1 -1 -1 1 1 -1 -1 -1 0 0 -1 -1 -1 -1 
-1 -1 -1 -1 -1 1 -1 -1 -1 0 0 -1 -1 -1 -1 
-1 -1 -1 -1 -1 1 -1 -1 -1 0 0 -1 -1 -1 -1 
-1 -1 -1 -1 -1 1 -1 -1 -1 0 0 -1 -1 -1 -1 
-1 -1 -1 -1 -1 1 -1 -1 -1 0 0 -1 -1 -1 -1 
-1 -1 -1 -1 -1 1 -1 -1 -1 0 0 -1 -1 -1 -1 
-1 -1 -1 -1 -1 1 -1 -1 -1 0 0 -1 -1 -1 -1 
-1 -1 -1 -1 -1 1 -1 -1 -1 0 -1 -1 -1 -1 -1 
-1 -1 -1 -1 -1 1 -1 -1 -1 0 -1 -1 -1 -1 -1 
-1 -1 -1 -1 -1 1 -1 -1 -1 -1 -1 -1 -1 -1 -1 
-1 -1 -1 -1 -1 1 -1 -1 -1 -1 -1 -1 -1 -1 -1 
-1 -1 -1 -1 -1 1 -1 -1 -1 -1 -1 -1 -1 -1 -1 
-1 -1 -1 -1 -1 1 -1 -1 -1 -1 -1 -1 -1 -1 -1 
-1 -1 -1 -1 -1 1 -1 -1 -1 -1 -1 -1 -1 -1 -1 
-1 -1 -1 -1 -1 1 -1 -1 -1 -1 -1 -1 -1 -1 -1 
END
15 1
9 9
1 4
-1 -1 -1 -1 1 1 -1 -1 -1 0 0 -1 -1 -1 -1 
-1 -1 -1 -1 1 1 -1 -1 -1 0 0 -1 -1 -1 -1 
-1 -1 -1 -1 -1 1 -1 -1 -1 0 0 -1 -1 -1 -1 
-1 -1 -1 -1 -1 1 -1 -1 -1 0 0 -1 -1 -1 -1 
-1 -1 -1 -1 -1 1 -1 -1 -1 0 0 -1 -1 -1 -1 
-1 -1 -1 -1 -1 1 -1 -1 -1 0 0 -1 -1 -1 -1 
-1 -1 -1 -1 -1 1 -1 -1 -1 0 0 -1 -1 -1 -1 
-1 -1 -1 -1 -1 1 -1 -1 -1 0 -1 -1 -1 -1 -1 
-1 -1 -1 -1 -1 1 -1 -1 -1 0 -1 -1 -1 -1 -1 
-1 -1 -1 -1 -1 1 -1 -1 -1 0 -1 -1 -1 -1 -1 
-1 -1 -1 -1 -1 1 -1 -1 -1 -1 -1 -1 -1 -1 -1 
-1 -1 -1 -1 -1 1 -1 -1 -1 -1 -1 -1 -1 -1 -1 
-1 -1 -1 -1 -1 1 -1 -1 -1 -1 -1 -1 -1 -1 -1 
-1 -1 -1 -1 -1 1 -1 -1 -1 -1 -1 -1 -1 -1 -1 
-1 -1 -1 -1 -1 1 -1 -1 -1 -1 -1 -1 -1 -1 -1 
END
15 1
10 9
2 4
-1 -1 -1 -1 1 1 -1 -1 -1 0 0 -1 -1 -1 -1 
-1 -1 -1 -1 1 1 -1 -1 -1 0 0 -1 -1 -1 -1 
-1 -1 -1 -1 1 1 -1 -1 -1 0 0 -1 -1 -1 -1 
-1 -1 -1 -1 -1 1 -1 -1 -1 0 0 -1 -1 -1 -1 
-1 -1 -1 -1 -1 1 -1 -1 -1 0 0 -1 -1 -1 -1 
-1 -1 -1 -1 -1 1 -1 -1 -1 0 0 -1 -1 -1 -1 
-1 -1 -1 -1 -1 1 -1 -1 -1 0 0 -1 -1 -1 -1 
-1 -1 -1 -1 -1 1 -1 -1 -1 0 -1 -1 -1 -1 -1 
-1 -1 -1 -1 -1 1 -1 -1 -1 0 -1 -1 -1 -1 -1 
-1 -1 -1 -1 -1 1 -1 -1 -1 0 -1 -1 -1 -1 -1 
-1 -1 -1 -1 -1 1 -1 -1 -1 0 -1 -1 -1 -1 -1 
-1 -1 -1 -1 -1 1 -1 -1 -1 -1 -1 -1 -1 -1 -1 
-1 -1 -1 -1 -1 1 -1 -1 -1 -1 -1 -1 -1 -1 -1 
-1 -1 -1 -1 -1 1 -1 -1 -1 -1 -1 -1 -1 -1 -1 
-1 -1 -1 -1 -1 1 -1 -1 -1 -1 -1 -1 -1 -1 -1 
END
15 1
11 9
3 4
-1 -1 -1 -1 1 1 -1 -1 -1 0 0 -1 -1 -1 -1 
-1 -1 -1 -1 1 1 -1 -1 -1 0 0 -1 -1 -1 -1 
-1 -1 -1 -1 1 1 -1 -1 -1 0 0 -1 -1 -1 -1 
-1 -1 -1 -1 1 1 -1 -1 -1 0 0 -1 -1 -1 -1 
-1 -1 -1 -1 -1 1 -1 -1 -1 0 0 -1 -1 -1 -1 
-1 -1 -1 -1 -1 1 -1 -1 -1 0 0 -1 -1 -1 -1 
-1 -1 -1 -1 -1 1 -1 -1 -1 0 0 -1 -1 -1 -1 
-1 -1 -1 -1 -1 1 -1 -1 -1 0 -1 -1 -1 -1 -1 
-1 -1 -1 -1 -1 1 -1 -1 -1 0 -1 -1 -1 -1 -1 
-1 -1 -1 -1 -1 1 -1 -1 -1 0 -1 -1 -1 -1 -1 
-1 -1 -1 -1 -1 1 -1 -1 -1 0 -1 -1 -1 -1 -1 
-1 -1 -1 -1 -1 1 -1 -1 -1 0 -1 -1 -1 -1 -1 
-1 -1 -1 -1 -1 1 -1 -1 -1 -1 -1 -1 -1 -1 -1 
-1 -1 -1 -1 -1 1 -1 -1 -1 -1 -1 -1 -1 -1 -1 
-1 -1 -1 -1 -1 1 -1 -1 -1 -1 -1 -1 -1 -1 -1 
END
15 1
12 9
4 4
-1 -1 -1 -1 1 1 -1 -1 -1 0 0 -1 -1 -1 -1 
-1 -1 -1 -1 1 1 -1 -1 -1 0 0 -1 -1 -1 -1 
-1 -1 -1 -1 1 1 -1 -1 -1 0 0 -1 -1 -1 -1 
-1 -1 -1 -1 1 1 -1 -1 -1 0 0 -1 -1 -1 -1 
-1 -1 -1 -1 1 1 -1 -1 -1 0 0 -1 -1 -1 -1 
-1 -1 -1 -1 -1 1 -1 -1 -1 0 0 -1 -1 -1 -1 
-1 -1 -1 -1 -1 1 -1 -1 -1 0 0 -1 -1 -1 -1 
-1 -1 -1 -1 -1 1 -1 -1 -1 0 -1 -1 -1 -1 -1 
-1 -1 -1 -1 -1 1 -1 -1 -1 0 -1 -1 -1 -1 -1 
-1 -1 -1 -1 -1 1 -1 -1 -1 0 -1 -1 -1 -1 -1 
-1 -1 -1 -1 -1 1 -1 -1 -1 0 -1 -1 -1 -1 -1 
-1 -1 -1 -1 -1 1 -1 -1 -1 0 -1 -1 -1 -1 -1 
-1 -1 -1 -1 -1 1 -1 -1 -1 0 -1 -1 -1 -1 -1 
-1 -1 -1 -1 -1 1 -1 -1 -1 -1 -1 -1 -1 -1 -1 
-1 -1 -1 -1 -1 1 -1 -1 -1 -1 -1 -1 -1 -1 -1 
END
15 1
13 9
5 4
-1 -1 -1 -1 1 1 -1 -1 -1 0 0 -1 -1 -1 -1 
-1 -1 -1 -1 1 1 -1 -1 -1 0 0 -1 -1 -1 -1 
-1 -1 -1 -1 1 1 -1 -1 -1 0 0 -1 -1 -1 -1 
-1 -1 -1 -1 1 1 -1 -1 -1 0 0 -1 -1 -1 -1 
-1 -1 -1 -1 1 1 -1 -1 -1 0 0 -1 -1 -1 -1 
-1 -1 -1 -1 1 1 -1 -1 -1 0 0 -1 -1 -1 -1 
-1 -1 -1 -1 -1 1 -1 -1 -1 0 0 -1 -1 -1 -1 
-1 -1 -1 -1 -1 1 -1 -1 -1 0 -1 -1 -1 -1 -1 
-1 -1 -1 -1 -1 1 -1 -1 -1 0 -1 -1 -1 -1 -1 
-1 -1 -1 -1 -1 1 -1 -1 -1 0 -1 -1 -1 -1 -1 
-1 -1 -1 -1 -1 1 -1 -1 -1 0 -1 -1 -1 -1 -1 
-1 -1 -1 -1 -1 1 -1 -1 -1 0 -1 -1 -1 -1 -1 
-1 -1 -1 -1 -1 1 -1 -1 -1 0 -1 -1 -1 -1 -1 
-1 -1 -1 -1 -1 1 -1 -1 -1 0 -1 -1 -1 -1 -1 
-1 -1 -1 -1 -1 1 -1 -1 -1 -1 -1 -1 -1 -1 -1 
END
15 1
14 9
6 4
-1 -1 -1 -1 1 1 -1 -1 -1 0 0 -1 -1 -1 -1 
-1 -1 -1 -1 1 1 -1 -1 -1 0 0 -1 -1 -1 -1 
-1 -1 -1 -1 1 1 -1 -1 -1 0 0 -1 -1 -1 -1 
-1 -1 -1 -1 1 1 -1 -1 -1 0 0 -1 -1 -1 -1 
-1 -1 -1 -1 1 1 -1 -1 -1 0 0 -1 -1 -1 -1 
-1 -1 -1 -1 1 1 -1 -1 -1 0 0 -1 -1 -1 -1 
-1 -1 -1 -1 1 1 -1 -1 -1 0 0 -1 -1 -1 -1 
-1 -1 -1 -1 -1 1 -1 -1 -1 0 -1 -1 -1 -1 -1 
-1 -1 -1 -1 -1 1 -1 -1 -1 0 -1 -1 -1 -1 -1 
-1 -1 -1 -1 -1 1 -1 -1 -1 0 -1 -1 -1 -1 -1 
-1 -1 -1 -1 -1 1 -1 -1 -1 0 -1 -1 -1 -1 -1 
-1 -1 -1 -1 -1 1 -1 -1 -1 0 -1 -1 -1 -1 -1 
-1 -1 -1 -1 -1 1 -1 -1 -1 0 -1 -1 -1 -1 -1 
-1 -1 -1 -1 -1 1 -1 -1 -1 0 -1 -1 -1 -1 -1 
-1 -1 -1 -1 -1 1 -1 -1 -1 0 -1 -1 -1 -1 -1 
END
15 1
14 8
7 4
-1 -1 -1 -1 1 1 -1 -1 -1 0 0 -1 -1 -1 -1 
-1 -1 -1 -1 1 1 -1 -1 -1 0 0 -1 -1 -1 -1 
-1 -1 -1 -1 1 1 -1 -1 -1 0 0 -1 -1 -1 -1 
-1 -1 -1 -1 1 1 -1 -1 -1 0 0 -1 -1 -1 -1 
-1 -1 -1 -1 1 1 -1 -1 -1 0 0 -1 -1 -1 -1 
-1 -1 -1 -1 1 1 -1 -1 -1 0 0 -1 -1 -1 -1 
-1 -1 -1 -1 1 1 -1 -1 -1 0 0 -1 -1 -1 -1 
-1 -1 -1 -1 1 1 -1 -1 -1 0 -1 -1 -1 -1 -1 
-1 -1 -1 -1 -1 1 -1 -1 -1 0 -1 -1 -1 -1 -1 
-1 -1 -1 -1 -1 1 -1 -1 -1 0 -1 -1 -1 -1 -1 
-1 -1 -1 -1 -1 1 -1 -1 -1 0 -1 -1 -1 -1 -1 
-1 -1 -1 -1 -1 1 -1 -1 -1 0 -1 -1 -1 -1 -1 
-1 -1 -1 -1 -1 1 -1 -1 -1 0 -1 -1 -1 -1 -1 
-1 -1 -1 -1 -1 1 -1 -1 -1 0 -1 -1 -1 -1 -1 
-1 -1 -1 -1 -1 1 -1 -1 0 0 -1 -1 -1 -1 -1 
END
15 1
13 8
8 4
-1 -1 -1 -1 1 1 -1 -1 -1 0 0 -1 -1 -1 -1 
-1 -1 -1 -1 1 1 -1 -1 -1 0 0 -1 -1 -1 -1 
-1 -1 -1 -1 1 1 -1 -1 -1 0 0 -1 -1 -1 -1 
-1 -1 -1 -1 1 1 -1 -1 -1 0 0 -1 -1 -1 -1 
-1 -1 -1 -1 1 1 -1 -1 -1 0 0 -1 -1 -1 -1 
-1 -1 -1 -1 1 1 -1 -1 -1 0 0 -1 -1 -1 -1 
-1 -1 -1 -1 1 1 -1 -1 -1 0 0 -1 -1 -1 -1 
-1 -1 -1 -1 1 1 -1 -1 -1 0 -1 -1 -1 -1 -1 
-1 -1 -1 -1 1 1 -1 -1 -1 0 -1 -1 -1 -1 -1 
-1 -1 -1 -1 -1 1 -1 -1 -1 0 -1 -1 -1 -1 -1 
-1 -1 -1 -1 -1 1 -1 -1 -1 0 -1 -1 -1 -1 -1 
-1 -1 -1 -1 -1 1 -1 -1 -1 0 -1 -1 -1 -1 -1 
-1 -1 -1 -1 -1 1 -1 -1 -1 0 -1 -1 -1 -1 -1 
-1 -1 -1 -1 -1 1 -1 -1 0 0 -1 -1 -1 -1 -1 
-1 -1 -1 -1 -1 1 -1 -1 0 0 -1 -1 -1 -1 -1 
END
15 1
12 8
9 4
-1 -1 -1 -1 1 1 -1 -1 -1 0 0 -1 -1 -1 -1 
-1 -1 -1 -1 1 1 -1 -1 -1 0 0 -1 -1 -1 -1 
-1 -1 -1 -1 1 1 -1 -1 -1 0 0 -1 -1 -1 -1 
-1 -1 -1 -1 1 1 -1 -1 -1 0 0 -1 -1 -1 -1 
-1 -1 -1 -1 1 1 -1 -1 -1 0 0 -1 -1 -1 -1 
-1 -1 -1 -1 1 1 -1 -1 -1 0 0 -1 -1 -1 -1 
-1 -1 -1 -1 1 1 -1 -1 -1 0 0 -1 -1 -1 -1 
-1 -1 -1 -1 1 1 -1 -1 -1 0 -1 -1 -1 -1 -1 
-1 -1 -1 -1 1 1 -1 -1 -1 0 -1 -1 -1 -1 -1 
-1 -1 -1 -1 1 1 -1 -1 -1 0 -1 -1 -1 -1 -1 
-1 -1 -1 -1 -1 1 -1 -1 -1 0 -1 -1 -1 -1 -1 
-1 -1 -1 -1 -1 1 -1 -1 -1 0 -1 -1 -1 -1 -1 
-1 -1 -1 -1 -1 1 -1 -1 0 0 -1 -1 -1 -1 -1 
-1 -1 -1 -1 -1 1 -1 -1 0 0 -1 -1 -1 -1 -1 
-1 -1 -1 -1 -1 1 -1 -1 0 0 -1 -1 -1 -1 -1 
END
15 1
11 8
10 4
-1 -1 -1 -1 1 1 -1 -1 -1 0 0 -1 -1 -1 -1 
-1 -1 -1 -1 1 1 -1 -1 -1 0 0 -1 -1 -1 -1 
-1 -1 -1 -1 1 1 -1 -1 -1 0 0 -1 -1 -1 -1 
-1 -1 -1 -1 1 1 -1 -1 -1 0 0 -1 -1 -1 -1 
-1 -1 -1 -1 1 1 -1 -1 -1 0 0 -1 -1 -1 -1 
-1 -1 -1 -1 1 1 -1 -1 -1 0 0 -1 -1 -1 -1 
-1 -1 -1 -1 1 1 -1 -1 -1 0 0 -1 -1 -1 -1 
-1 -1 -1 -1 1 1 -1 -1 -1 0 -1 -1 -1 -1 -1 
-1 -1 -1 -1 1 1 -1 -1 -1 0 -1 -1 -1 -1 -1 
-1 -1 -1 -1 1 1 -1 -1 -1 0 -1 -1 -1 -1 -1 
-1 -1 -1 -1 1 1 -1 -1 -1 0 -1 -1 -1 -1 -1 
-1 -1 -1 -1 -1 1 -1 -1 0 0 -1 -1 -1 -1 -1 
-1 -1 -1 -1 -1 1 -1 -1 0 0 -1 -1 -1 -1 -1 
-1 -1 -1 -1 -1 1 -1 -1 0 0 -1 -1 -1 -1 -1 
-1 -1 -1 -1 -1 1 -1 -1 0 0 -1 -1 -1 -1 -1 
END
15 1
10 8
11 4
-1 -1 -1 -1 1 1 -1 -1 -1 0 0 -1 -1 -1 -1 
-1 -1 -1 -1 1 1 -1 -1 -1 0 0 -1 -1 -1 -1 
-1 -1 -1 -1 1 1 -1 -1 -1 0 0 -1 -1 -1 -1 
-1 -1 -1 -1 1 1 -1 -1 -1 0 0 -1 -1 -1 -1 
-1 -1 -1 -1 1 1 -1 -1 -1 0 0 -1 -1 -1 -1 
-1 -1 -1 -1 1 1 -1 -1 -1 0 0 -1 -1 -1 -1 
-1 -1 -1 -1 1 1 -1 -1 -1 0 0 -1 -1 -1 -1 
-1 -1 -1 -1 1 1 -1 -1 -1 0 -1 -1 -1 -1 -1 
-1 -1 -1 -1 1 1 -1 -1 -1 0 -1 -1 -1 -1 -1 
-1 -1 -1 -1 1 1 -1 -1 -1 0 -1 -1 -1 -1 -1 
-1 -1 -1 -1 1 1 -1 -1 0 0 -1 -1 -1 -1 -1 
-1 -1 -1 -1 1 1 -1 -1 0 0 -1 -1 -1 -1 -1 
-1 -1 -1 -1 -1 1 -1 -1 0 0 -1 -1 -1 -1 -1 
-1 -1 -1 -1 -1 1 -1 -1 0 0 -1 -1 -1 -1 -1 
-1 -1 -1 -1 -1 1 -1 -1 0 0 -1 -1 -1 -1 -1 
END
15 1
9 8
12 4
-1 -1 -1 -1 1 1 -1 -1 -1 0 0 -1 -1 -1 -1 
-1 -1 -1 -1 1 1 -1 -1 -1 0 0 -1 -1 -1 -1 
-1 -1 -1 -1 1 1 -1 -1 -1 0 0 -1 -1 -1 -1 
-1 -1 -1 -1 1 1 -1 -1 -1 0 0 -1 -1 -1 -1 
-1 -1 -1 -1 1 1 -1 -1 -1 0 0 -1 -1 -1 -1 
-1 -1 -1 -1 1 1 -1 -1 -1 0 0 -1 -1 -1 -1 
-1 -1 -1 -1 1 1 -1 -1 -1 0 0 -1 -1 -1 -1 
-1 -1 -1 -1 1 1 -1 -1 -1 0 -1 -1 -1 -1 -1 
-1 -1 -1 -1 1 1 -1 -1 -1 0 -1 -1 -1 -1 -1 
-1 -1 -1 -1 1 1 -1 -1 0 0 -1 -1 -1 -1 -1 
-1 -1 -1 -1 1 1 -1 -1 0 0 -1 -1 -1 -1 -1 
-1 -1 -1 -1 1 1 -1 -1 0 0 -1 -1 -1 -1 -1 
-1 -1 -1 -1 1 1 -1 -1 0 0 -1 -1 -1 -1 -1 
-1 -1 -1 -1 -1 1 -1 -1 0 0 -1 -1 -1 -1 -1 
-1 -1 -1 -1 -1 1 -1 -1 0 0 -1 -1 -1 -1 -1 
END
15 1
8 8
13 4
-1 -1 -1 -1 1 1 -1 -1 -1 0 0 -1 -1 -1 -1 
-1 -1 -1 -1 1 1 -1 -1 -1 0 0 -1 -1 -1 -1 
-1 -1 -1 -1 1 1 -1 -1 -1 0 0 -1 -1 -1 -1 
-1 -1 -1 -1 1 1 -1 -1 -1 0 0 -1 -1 -1 -1 
-1 -1 -1 -1 1 1 -1 -1 -1 0 0 -1 -1 -1 -1 
-1 -1 -1 -1 1 1 -1 -1 -1 0 0 -1 -1 -1 -1 
-1 -1 -1 -1 1 1 -1 -1 -1 0 0 -1 -1 -1 -1 
-1 -1 -1 -1 1 1 -1 -1 -1 0 -1 -1 -1 -1 -1 
-1 -1 -1 -1 1 1 -1 -1 0 0 -1 -1 -1 -1 -1 
-1 -1 -1 -1 1 1 -1 -1 0 0 -1 -1 -1 -1 -1 
-1 -1 -1 -1 1 1 -1 -1 0 0 -1 -1 -1 -1 -1 
-1 -1 -1 -1 1 1 -1 -1 0 0 -1 -1 -1 -1 -1 
-1 -1 -1 -1 1 1 -1 -1 0 0 -1 -1 -1 -1 -1 
-1 -1 -1 -1 1 1 -1 -1 0 0 -1 -1 -1 -1 -1 
-1 -1 -1 -1 -1 1 -1 -1 0 0 -1 -1 -1 -1 -1 
END
15 1
7 8
14 4
-1 -1 -1 -1 1 1 -1 -1 -1 0 0 -1 -1 -1 -1 
-1 -1 -1 -1 1 1 -1 -1 -1 0 0 -1 -1 -1 -1 
-1 -1 -1 -1 1 1 -1 -1 -1 0 0 -1 -1 -1 -1 
-1 -1 -1 -1 1 1 -1 -1 -1 0 0 -1 -1 -1 -1 
-1 -1 -1 -1 1 1 -1 -1 -1 0 0 -1 -1 -1 -1 
-1 -1 -1 -1 1 1 -1 -1 -1 0 0 -1 -1 -1 -1 
-1 -1 -1 -1 1 1 -1 -1 -1 0 0 -1 -1 -1 -1 
-1 -1 -1 -1 1 1 -1 -1 0 0 -1 -1 -1 -1 -1 
-1 -1 -1 -1 1 1 -1 -1 0 0 -1 -1 -1 -1 -1 
-1 -1 -1 -1 1 1 -1 -1 0 0 -1 -1 -1 -1 -1 
-1 -1 -1 -1 1 1 -1 -1 0 0 -1 -1 -1 -1 -1 
-1 -1 -1 -1 1 1 -1 -1 0 0 -1 -1 -1 -1 -1 
-1 -1 -1 -1 1 1 -1 -1 0 0 -1 -1 -1 -1 -1 
-1 -1 -1 -1 1 1 -1 -1 0 0 -1 -1 -1 -1 -1 
-1 -1 -1 -1 1 1 -1 -1 0 0 -1 -1 -1 -1 -1 
END
15 1
6 8
14 3
-1 -1 -1 -1 1 1 -1 -1 -1 0 0 -1 -1 -1 -1 
-1 -1 -1 -1 1 1 -1 -1 -1 0 0 -1 -1 -1 -1 
-1 -1 -1 -1 1 1 -1 -1 -1 0 0 -1 -1 -1 -1 
-1 -1 -1 -1 1 1 -1 -1 -1 0 0 -1 -1 -1 -1 
-1 -1 -1 -1 1 1 -1 -1 -1 0 0 -1 -1 -1 -1 
-1 -1 -1 -1 1 1 -1 -1 -1 0 0 -1 -1 -1 -1 
-1 -1 -1 -1 1 1 -1 -1 0 0 0 -1 -1 -1 -1 
-1 -1 -1 -1 1 1 -1 -1 0 0 -1 -1 -1 -1 -1 
-1 -1 -1 -1 1 1 -1 -1 0 0 -1 -1 -1 -1 -1 
-1 -1 -1 -1 1 1 -1 -1 0 0 -1 -1 -1 -1 -1 
-1 -1 -1 -1 1 1 -1 -1 0 0 -1 -1 -1 -1 -1 
-1 -1 -1 -1 1 1 -1 -1 0 0 -1 -1 -1 -1 -1 
-1 -1 -1 -1 1 1 -1 -1 0 0 -1 -1 -1 -1 -1 
-1 -1 -1 -1 1 1 -1 -1 0 0 -1 -1 -1 -1 -1 
-1 -1 -1 1 1 1 -1 -1 0 0 -1 -1 -1 -1 -1 
END
15 1
5 8
13 3
-1 -1 -1 -1 1 1 -1 -1 -1 0 0 -1 -1 -1 -1 
-1 -1 -1 -1 1 1 -1 -1 -1 0 0 -1 -1 -1 -1 
-1 -1 -1 -1 1 1 -1 -1 -1 0 0 -1 -1 -1 -1 
-1 -1 -1 -1 1 1 -1 -1 -1 0 0 -1 -1 -1 -1 
-1 -1 -1 -1 1 1 -1 -1 -1 0 0 -1 -1 -1 -1 
-1 -1 -1 -1 1 1 -1 -1 0 0 0 -1 -1 -1 -1 
-1 -1 -1 -1 1 1 -1 -1 0 0 0 -1 -1 -1 -1 
-1 -1 -1 -1 1 1 -1 -1 0 0 -1 -1 -1 -1 -1 
-1 -1 -1 -1 1 1 -1 -1 0 0 -1 -1 -1 -1 -1 
-1 -1 -1 -1 1 1 -1 -1 0 0 -1 -1 -1 -1 -1 
-1 -1 -1 -1 1 1 -1 -1 0 0 -1 -1 -1 -1 -1 
-1 -1 -1 -1 1 1 -1 -1 0 0 -1 -1 -1 -1 -1 
-1 -1 -1 -1 1 1 -1 -1 0 0 -1 -1 -1 -1 -1 
-1 -1 -1 1 1 1 -1 -1 0 0 -1 -1 -1 -1 -1 
-1 -1 -1 1 1 1 -1 -1 0 0 -1 -1 -1 -1 -1 
END
15 1
4 8
12 3
-1 -1 -1 -1 1 1 -1 -1 -1 0 0 -1 -1 -1 -1 
-1 -1 -1 -1 1 1 -1 -1 -1 0 0 -1 -1 -1 -1 
-1 -1 -1 -1 1 1 -1 -1 -1 0 0 -1 -1 -1 -1 
-1 -1 -1 -1 1 1 -1 -1 -1 0 0 -1 -1 -1 -1 
-1 -1 -1 -1 1 1 -1 -1 0 0 0 -1 -1 -1 -1 
-1 -1 -1 -1 1 1 -1 -1 0 0 0 -1 -1 -1 -1 
-1 -1 -1 -1 1 1 -1 -1 0 0 0 -1 -1 -1 -1 
-1 -1 -1 -1 1 1 -1 -1 0 0 -1 -1 -1 -1 -1 
-1 -1 -1 -1 1 1 -1 -1 0 0 -1 -1 -1 -1 -1 
-1 -1 -1 -1 1 1 -1 -1 0 0 -1 -1 -1 -1 -1 
-1 -1 -1 -1 1 1 -1 -1 0 0 -1 -1 -1 -1 -1 
-1 -1 -1 -1 1 1 -1 -1 0 0 -1 -1 -1 -1 -1 
-1 -1 -1 1 1 1 -1 -1 0 0 -1 -1 -1 -1 -1 
-1 -1 -1 1 1 1 -1 -1 0 0 -1 -1 -1 -1 -1 
-1 -1 -1 1 1 1 -1 -1 0 0 -1 -1 -1 -1 -1 
END
15 1
3 8
11 3
-1 -1 -1 -1 1 1 -1 -1 -1 0 0 -1 -1 -1 -1 
-1 -1 -1 -1 1 1 -1 -1 -1 0 0 -1 -1 -1 -1 
-1 -1 -1 -1 1 1 -1 -1 -1 0 0 -1 -1 -1 -1 
-1 -1 -1 -1 1 1 -1 -1 0 0 0 -1 -1 -1 -1 
-1 -1 -1 -1 1 1 -1 -1 0 0 0 -1 -1 -1 -1 
-1 -1 -1 -1 1 1 -1 -1 0 0 0 -1 -1 -1 -1 
-1 -1 -1 -1 1 1 -1 -1 0 0 0 -1 -1 -1 -1 
-1 -1 -1 -1 1 1 -1 -1 0 0 -1 -1 -1 -1 -1 
-1 -1 -1 -1 1 1 -1 -1 0 0 -1 -1 -1 -1 -1 
-1 -1 -1 -1 1 1 -1 -1 0 0 -1 -1 -1 -1 -1 
-1 -1 -1 -1 1 1 -1 -1 0 0 -1 -1 -1 -1 -1 
-1 -1 -1 1 1 1 -1 -1 0 0 -1 -1 -1 -1 -1 
-1 -1 -1 1 1 1 -1 -1 0 0 -1 -1 -1 -1 -1 
-1 -1 -1 1 1 1 -1 -1 0 0 -1 -1 -1 -1 -1 
-1 -1 -1 1 1 1 -1 -1 0 0 -1 -1 -1 -1 -1 
END
15 1
2 8
10 3
-1 -1 -1 -1 1 1 -1 -1 -1 0 0 -1 -1 -1 -1 
-1 -1 -1 -1 1 1 -1 -1 -1 0 0 -1 -1 -1 -1 
-1 -1 -1 -1 1 1 -1 -1 0 0 0 -1 -1 -1 -1 
-1 -1 -1 -1 1 1 -1 -1 0 0 0 -1 -1 -1 -1 
-1 -1 -1 -1 1 1 -1 -1 0 0 0 -1 -1 -1 -1 
-1 -1 -1 -1 1 1 -1 -1 0 0 0 -1 -1 -1 -1 
-1 -1 -1 -1 1 1 -1 -1 0 0 0 -1 -1 -1 -1 
-1 -1 -1 -1 1 1 -1 -1 0 0 -1 -1 -1 -1 -1 
-1 -1 -1 -1 1 1 -1 -1 0 0 -1 -1 -1 -1 -1 
-1 -1 -1 -1 1 1 -1 -1 0 0 -1 -1 -1 -1 -1 
-1 -1 -1 1 1 1 -1 -1 0 0 -1 -1 -1 -1 -1 
-1 -1 -1 1 1 1 -1 -1 0 0 -1 -1 -1 -1 -1 
-1 -1 -1 1 1 1 -1 -1 0 0 -1 -1 -1 -1 -1 
-1 -1 -1 1 1 1 -1 -1 0 0 -1 -1 -1 -1 -1 
-1 -1 -1 1 1 1 -1 -1 0 0 -1 -1 -1 -1 -1 
END
15 1
1 8
9 3
-1 -1 -1 -1 1 1 -1 -1 -1 0 0 -1 -1 -1 -1 
-1 -1 -1 -1 1 1 -1 -1 0 0 0 -1 -1 -1 -1 
-1 -1 -1 -1 1 1 -1 -1 0 0 0 -1 -1 -1 -1 
-1 -1 -1 -1 1 1 -1 -1 0 0 0 -1 -1 -1 -1 
-1 -1 -1 -1 1 1 -1 -1 0 0 0 -1 -1 -1 -1 
-1 -1 -1 -1 1 1 -1 -1 0 0 0 -1 -1 -1 -1 
-1 -1 -1 -1 1 1 -1 -1 0 0 0 -1 -1 -1 -1 
-1 -1 -1 -1 1 1 -1 -1 0 0 -1 -1 -1 -1 -1 
-1 -1 -1 -1 1 1 -1 -1 0 0 -1 -1 -1 -1 -1 
-1 -1 -1 1 1 1 -1 -1 0 0 -1 -1 -1 -1 -1 
-1 -1 -1 1 1 1 -1 -1 0 0 -1 -1 -1 -1 -1 
-1 -1 -1 1 1 1 -1 -1 0 0 -1 -1 -1 -1 -1 
-1 -1 -1 1 1 1 -1 -1 0 0 -1 -1 -1 -1 -1 
-1 -1 -1 1 1 1 -1 -1 0 0 -1 -1 -1 -1 -1 
-1 -1 -1 1 1 1 -1 -1 0 0 -1 -1 -1 -1 -1 
END
15 1
0 8
8 3
-1 -1 -1 -1 1 1 -1 -1 0 0 0 -1 -1 -1 -1 
-1 -1 -1 -1 1 1 -1 -1 0 0 0 -1 -1 -1 -1 
-1 -1 -1 -1 1 1 -1 -1 0 0 0 -1 -1 -1 -1 
-1 -1 -1 -1 1 1 -1 -1 0 0 0 -1 -1 -1 -1 
-1 -1 -1 -1 1 1 -1 -1 0 0 0 -1 -1 -1 -1 
-1 -1 -1 -1 1 1 -1 -1 0 0 0 -1 -1 -1 -1 
-1 -1 -1 -1 1 1 -1 -1 0 0 0 -1 -1 -1 -1 
-1 -1 -1 -1 1 1 -1 -1 0 0 -1 -1 -1 -1 -1 
-1 -1 -1 1 1 1 -1 -1 0 0 -1 -1 -1 -1 -1 
-1 -1 -1 1 1 1 -1 -1 0 0 -1 -1 -1 -1 -1 
-1 -1 -1 1 1 1 -1 -1 0 0 -1 -1 -1 -1 -1 
-1 -1 -1 1 1 1 -1 -1 0 0 -1 -1 -1 -1 -1 
-1 -1 -1 1 1 1 -1 -1 0 0 -1 -1 -1 -1 -1 
-1 -1 -1 1 1 1 -1 -1 0 0 -1 -1 -1 -1 -1 
-1 -1 -1 1 1 1 -1 -1 0 0 -1 -1 -1 -1 -1 
END
15 1
0 7
7 3
-1 -1 -1 -1 1 1 -1 0 0 0 0 -1 -1 -1 -1 
-1 -1 -1 -1 1 1 -1 -1 0 0 0 -1 -1 -1 -1 
-1 -1 -1 -1 1 1 -1 -1 0 0 0 -1 -1 -1 -1 
-1 -1 -1 -1 1 1 -1 -1 0 0 0 -1 -1 -1 -1 
-1 -1 -1 -1 1 1 -1 -1 0 0 0 -1 -1 -1 -1 
-1 -1 -1 -1 1 1 -1 -1 0 0 0 -1 -1 -1 -1 
-1 -1 -1 -1 1 1 -1 -1 0 0 0 -1 -1 -1 -1 
-1 -1 -1 1 1 1 -1 -1 0 0 -1 -1 -1 -1 -1 
-1 -1 -1 1 1 1 -1 -1 0 0 -1 -1 -1 -1 -1 
-1 -1 -1 1 1 1 -1 -1 0 0 -1 -1 -1 -1 -1 
-1 -1 -1 1 1 1 -1 -1 0 0 -1 -1 -1 -1 -1 
-1 -1 -1 1 1 1 -1 -1 0 0 -1 -1 -1 -1 -1 
-1 -1 -1 1 1 1 -1 -1 0 0 -1 -1 -1 -1 -1 
-1 -1 -1 1 1 1 -1 -1 0 0 -1 -1 -1 -1 -1 
-1 -1 -1 1 1 1 -1 -1 0 0 -1 -1 -1 -1 -1 
END
15 1
1 7
6 3
-1 -1 -1 -1 1 1 -1 0 0 0 0 -1 -1 -1 -1 
-1 -1 -1 -1 1 1 -1 0 0 0 0 -1 -1 -1 -1 
-1 -1 -1 -1 1 1 -1 -1 0 0 0 -1 -1 -1 -1 
-1 -1 -1 -1 1 1 -1 -1 0 0 0 -1 -1 -1 -1 
-1 -1 -1 -1 1 1 -1 -1 0 0 0 -1 -1 -1 -1 
-1 -1 -1 -1 1 1 -1 -1 0 0 0 -1 -1 -1 -1 
-1 -1 -1 1 1 1 -1 -1 0 0 0 -1 -1 -1 -1 
-1 -1 -1 1 1 1 -1 -1 0 0 -1 -1 -1 -1 -1 
-1 -1 -1 1 1 1 -1 -1 0 0 -1 -1 -1 -1 -1 
-1 -1 -1 1 1 1 -1 -1 0 0 -1 -1 -1 -1 -1 
-1 -1 -1 1 1 1 -1 -1 0 0 -1 -1 -1 -1 -1 
-1 -1 -1 1 1 1 -1 -1 0 0 -1 -1 -1 -1 -1 
-1 -1 -1 1 1 1 -1 -1 0 0 -1 -1 -1 -1 -1 
-1 -1 -1 1 1 1 -1 -1 0 0 -1 -1 -1 -1 -1 
-1 -1 -1 1 1 1 -1 -1 0 0 -1 -1 -1 -1 -1 
END
15 1
2 7
5 3
-1 -1 -1 -1 1 1 -1 0 0 0 0 -1 -1 -1 -1 
-1 -1 -1 -1 1 1 -1 0 0 0 0 -1 -1 -1 -1 
-1 -1 -1 -1 1 1 -1 0 0 0 0 -1 -1 -1 -1 
-1 -1 -1 -1 1 1 -1 -1 0 0 0 -1 -1 -1 -1 
-1 -1 -1 -1 1 1 -1 -1 0 0 0 -1 -1 -1 -1 
-1 -1 -1 1 1 1 -1 -1 0 0 0 -1 -1 -1 -1 
-1 -1 -1 1 1 1 -1 -1 0 0 0 -1 -1 -1 -1 
-1 -1 -1 1 1 1 -1 -1 0 0 -1 -1 -1 -1 -1 
-1 -1 -1 1 1 1 -1 -1 0 0 -1 -1 -1 -1 -1 
-1 -1 -1 1 1 1 -1 -1 0 0 -1 -1 -1 -1 -1 
-1 -1 -1 1 1 1 -1 -1 0 0 -1 -1 -1 -1 -1 
-1 -1 -1 1 1 1 -1 -1 0 0 -1 -1 -1 -1 -1 
-1 -1 -1 1 1 1 -1 -1 0 0 -1 -1 -1 -1 -1 
-1 -1 -1 1 1 1 -1 -1 0 0 -1 -1 -1 -1 -1 
-1 -1 -1 1 1 1 -1 -1 0 0 -1 -1 -1 -1 -1 
END
15 1
3 7
4 3
-1 -1 -1 -1 1 1 -1 0 0 0 0 -1 -1 -1 -1 
-1 -1 -1 -1 1 1 -1 0 0 0 0 -1 -1 -1 -1 
-1 -1 -1 -1 1 1 -1 0 0 0 0 -1 -1 -1 -1 
-1 -1 -1 -1 1 1 -1 0 0 0 0 -1 -1 -1 -1 
-1 -1 -1 1 1 1 -1 -1 0 0 0 -1 -1 -1 -1 
-1 -1 -1 1 1 1 -1 -1 0 0 0 -1 -1 -1 -1 
-1 -1 -1 1 1 1 -1 -1 0 0 0 -1 -1 -1 -1 
-1 -1 -1 1 1 1 -1 -1 0 0 -1 -1 -1 -1 -1 
-1 -1 -1 1 1 1 -1 -1 0 0 -1 -1 -1 -1 -1 
-1 -1 -1 1 1 1 -1 -1 0 0 -1 -1 -1 -1 -1 
-1 -1 -1 1 1 1 -1 -1 0 0 -1 -1 -1 -1 -1 
-1 -1 -1 1 1 1 -1 -1 0 0 -1 -1 -1 -1 -1 
-1 -1 -1 1 1 1 -1 -1 0 0 -1 -1 -1 -1 -1 
-1 -1 -1 1 1 1 -1 -1 0 0 -1 -1 -1 -1 -1 
-1 -1 -1 1 1 1 -1 -1 0 0 -1 -1 -1 -1 -1 
END
15 1
4 7
3 3
-1 -1 -1 -1 1 1 -1 0 0 0 0 -1 -1 -1 -1 
-1 -1 -1 -1 1 1 -1 0 0 0 0 -1 -1 -1 -1 
-1 -1 -1 -1 1 1 -1 0 0 0 0 -1 -1 -1 -1 
-1 -1 -1 1 1 1 -1 0 0 0 0 -1 -1 -1 -1 
-1 -1 -1 1 1 1 -1 0 0 0 0 -1 -1 -1 -1 
-1 -1 -1 1 1 1 -1 -1 0 0 0 -1 -1 -1 -1 
-1 -1 -1 1 1 1 -1 -1 0 0 0 -1 -1 -1 -1 
-1 -1 -1 1 1 1 -1 -1 0 0 -1 -1 -1 -1 -1 
-1 -1 -1 1 1 1 -1 -1 0 0 -1 -1 -1 -1 -1 
-1 -1 -1 1 1 1 -1 -1 0 0 -1 -1 -1 -1 -1 
-1 -1 -1 1 1 1 -1 -1 0 0 -1 -1 -1 -1 -1 
-1 -1 -1 1 1 1 -1 -1 0 0 -1 -1 -1 -1 -1 
-1 -1 -1 1 1 1 -1 -1 0 0 -1 -1 -1 -1 -1 
-1 -1 -1 1 1 1 -1 -1 0 0 -1 -1 -1 -1 -1 
-1 -1 -1 1 1 1 -1 -1 0 0 -1 -1 -1 -1 -1 
END
15 1
5 7
2 3
-1 -1 -1 -1 1 1 -1 0 0 0 0 -1 -1 -1 -1 
-1 -1 -1 -1 1 1 -1 0 0 0 0 -1 -1 -1 -1 
-1 -1 -1 1 1 1 -1 0 0 0 0 -1 -1 -1 -1 
-1 -1 -1 1 1 1 -1 0 0 0 0 -1 -1 -1 -1 
-1 -1 -1 1 1 1 -1 0 0 0 0 -1 -1 -1 -1 
-1 -1 -1 1 1 1 -1 0 0 0 0 -1 -1 -1 -1 
-1 -1 -1 1 1 1 -1 -1 0 0 0 -1 -1 -1 -1 
-1 -1 -1 1 1 1 -1 -1 0 0 -1 -1 -1 -1 -1 
-1 -1 -1 1 1 1 -1 -1 0 0 -1 -1 -1 -1 -1 
-1 -1 -1 1 1 1 -1 -1 0 0 -1 -1 -1 -1 -1 
-1 -1 -1 1 1 1 -1 -1 0 0 -1 -1 -1 -1 -1 
-1 -1 -1 1 1 1 -1 -1 0 0 -1 -1 -1 -1 -1 
-1 -1 -1 1 1 1 -1 -1 0 0 -1 -1 -1 -1 -1 
-1 -1 -1 1 1 1 -1 -1 0 0 -1 -1 -1 -1 -1 
-1 -1 -1 1 1 1 -1 -1 0 0 -1 -1 -1 -1 -1 
END
15 1
6 7
1 3
-1 -1 -1 -1 1 1 -1 0 0 0 0 -1 -1 -1 -1 
-1 -1 -1 1 1 1 -1 0 0 0 0 -1 -1 -1 -1 
-1 -1 -1 1 1 1 -1 0 0 0 0 -1 -1 -1 -1 
-1 -1 -1 1 1 1 -1 0 0 0 0 -1 -1 -1 -1 
-1 -1 -1 1 1 1 -1 0 0 0 0 -1 -1 -1 -1 
-1 -1 -1 1 1 1 -1 0 0 0 0 -1 -1 -1 -1 
-1 -1 -1 1 1 1 -1 0 0 0 0 -1 -1 -1 -1 
-1 -1 -1 1 1 1 -1 -1 0 0 -1 -1 -1 -1 -1 
-1 -1 -1 1 1 1 -1 -1 0 0 -1 -1 -1 -1 -1 
-1 -1 -1 1 1 1 -1 -1 0 0 -1 -1 -1 -1 -1 
-1 -1 -1 1 1 1 -1 -1 0 0 -1 -1 -1 -1 -1 
-1 -1 -1 1 1 1 -1 -1 0 0 -1 -1 -1 -1 -1 
-1 -1 -1 1 1 1 -1 -1 0 0 -1 -1 -1 -1 -1 
-1 -1 -1 1 1 1 -1 -1 0 0 -1 -1 -1 -1 -1 
-1 -1 -1 1 1 1 -1 -1 0 0 -1 -1 -1 -1 -1 
END
15 1
7 7
0 3
-1 -1 -1 1 1 1 -1 0 0 0 0 -1 -1 -1 -1 
-1 -1 -1 1 1 1 -1 0 0 0 0 -1 -1 -1 -1 
-1 -1 -1 1 1 1 -1 0 0 0 0 -1 -1 -1 -1 
-1 -1 -1 1 1 1 -1 0 0 0 0 -1 -1 -1 -1 
-1 -1 -1 1 1 1 -1 0 0 0 0 -1 -1 -1 -1 
-1 -1 -1 1 1 1 -1 0 0 0 0 -1 -1 -1 -1 
-1 -1 -1 1 1 1 -1 0 0 0 0 -1 -1 -1 -1 
-1 -1 -1 1 1 1 -1 0 0 0 -1 -1 -1 -1 -1 
-1 -1 -1 1 1 1 -1 -1 0 0 -1 -1 -1 -1 -1 
-1 -1 -1 1 1 1 -1 -1 0 0 -1 -1 -1 -1 -1 
-1 -1 -1 1 1 1 -1 -1 0 0 -1 -1 -1 -1 -1 
-1 -1 -1 1 1 1 -1 -1 0 0 -1 -1 -1 -1 -1 
-1 -1 -1 1 1 1 -1 -1 0 0 -1 -1 -1 -1 -1 
-1 -1 -1 1 1 1 -1 -1 0 0 -1 -1 -1 -1 -1 
-1 -1 -1 1 1 1 -1 -1 0 0 -1 -1 -1 -1 -1 
END
15 1
8 7
0 2
-1 -1 1 1 1 1 -1 0 0 0 0 -1 -1 -1 -1 
-1 -1 -1 1 1 1 -1 0 0 0 0 -1 -1 -1 -1 
-1 -1 -1 1 1 1 -1 0 0 0 0 -1 -1 -1 -1 
-1 -1 -1 1 1 1 -1 0 0 0 0 -1 -1 -1 -1 
-1 -1 -1 1 1 1 -1 0 0 0 0 -1 -1 -1 -1 
-1 -1 -1 1 1 1 -1 0 0 0 0 -1 -1 -1 -1 
-1 -1 -1 1 1 1 -1 0 0 0 0 -1 -1 -1 -1 
-1 -1 -1 1 1 1 -1 0 0 0 -1 -1 -1 -1 -1 
-1 -1 -1 1 1 1 -1 0 0 0 -1 -1 -1 -1 -1 
-1 -1 -1 1 1 1 -1 -1 0 0 -1 -1 -1 -1 -1 
-1 -1 -1 1 1 1 -1 -1 0 0 -1 -1 -1 -1 -1 
-1 -1 -1 1 1 1 -1 -1 0 0 -1 -1 -1 -1 -1 
-1 -1 -1 1 1 1 -1 -1 0 0 -1 -1 -1 -1 -1 
-1 -1 -1 1 1 1 -1 -1 0 0 -1 -1 -1 -1 -1 
-1 -1 -1 1 1 1 -1 -1 0 0 -1 -1 -1 -1 -1 
END
15 1
9 7
1 2
-1 -1 1 1 1 1 -1 0 0 0 0 -1 -1 -1 -1 
-1 -1 1 1 1 1 -1 0 0 0 0 -1 -1 -1 -1 
-1 -1 -1 1 1 1 -1 0 0 0 0 -1 -1 -1 -1 
-1 -1 -1 1 1 1 -1 0 0 0 0 -1 -1 -1 -1 
-1 -1 -1 1 1 1 -1 0 0 0 0 -1 -1 -1 -1 
-1 -1 -1 1 1 1 -1 0 0 0 0 -1 -1 -1 -1 
-1 -1 -1 1 1 1 -1 0 0 0 0 -1 -1 -1 -1 
-1 -1 -1 1 1 1 -1 0 0 0 -1 -1 -1 -1 -1 
-1 -1 -1 1 1 1 -1 0 0 0 -1 -1 -1 -1 -1 
-1 -1 -1 1 1 1 -1 0 0 0 -1 -1 -1 -1 -1 
-1 -1 -1 1 1 1 -1 -1 0 0 -1 -1 -1 -1 -1 
-1 -1 -1 1 1 1 -1 -1 0 0 -1 -1 -1 -1 -1 
-1 -1 -1 1 1 1 -1 -1 0 0 -1 -1 -1 -1 -1 
-1 -1 -1 1 1 1 -1 -1 0 0 -1 -1 -1 -1 -1 
-1 -1 -1 1 1 1 -1 -1 0 0 -1 -1 -1 -1 -1 
END
15 1
10 7
2 2
-1 -1 1 1 1 1 -1 0 0 0 0 -1 -1 -1 -1 
-1 -1 1 1 1 1 -1 0 0 0 0 -1 -1 -1 -1 
-1 -1 1 1 1 1 -1 0 0 0 0 -1 -1 -1 -1 
-1 -1 -1 1 1 1 -1 0 0 0 0 -1 -1 -1 -1 
-1 -1 -1 1 1 1 -1 0 0 0 0 -1 -1 -1 -1 
-1 -1 -1 1 1 1 -1 0 0 0 0 -1 -1 -1 -1 
-1 -1 -1 1 1 1 -1 0 0 0 0 -1 -1 -1 -1 
-1 -1 -1 1 1 1 -1 0 0 0 -1 -1 -1 -1 -1 
-1 -1 -1 1 1 1 -1 0 0 0 -1 -1 -1 -1 -1 
-1 -1 -1 1 1 1 -1 0 0 0 -1 -1 -1 -1 -1 
-1 -1 -1 1 1 1 -1 0 0 0 -1 -1 -1 -1 -1 
-1 -1 -1 1 1 1 -1 -1 0 0 -1 -1 -1 -1 -1 
-1 -1 -1 1 1 1 -1 -1 0 0 -1 -1 -1 -1 -1 
-1 -1 -1 1 1 1 -1 -1 0 0 -1 -1 -1 -1 -1 
-1 -1 -1 1 1 1 -1 -1 0 0 -1 -1 -1 -1 -1 
END
15 1
11 7
3 2
-1 -1 1 1 1 1 -1 0 0 0 0 -1 -1 -1 -1 
-1 -1 1 1 1 1 -1 0 0 0 0 -1 -1 -1 -1 
-1 -1 1 1 1 1 -1 0 0 0 0 -1 -1 -1 -1 
-1 -1 1 1 1 1 -1 0 0 0 0 -1 -1 -1 -1 
-1 -1 -1 1 1 1 -1 0 0 0 0 -1 -1 -1 -1 
-1 -1 -1 1 1 1 -1 0 0 0 0 -1 -1 -1 -1 
-1 -1 -1 1 1 1 -1 0 0 0 0 -1 -1 -1 -1 
-1 -1 -1 1 1 1 -1 0 0 0 -1 -1 -1 -1 -1 
-1 -1 -1 1 1 1 -1 0 0 0 -1 -1 -1 -1 -1 
-1 -1 -1 1 1 1 -1 0 0 0 -1 -1 -1 -1 -1 
-1 -1 -1 1 1 1 -1 0 0 0 -1 -1 -1 -1 -1 
-1 -1 -1 1 1 1 -1 0 0 0 -1 -1 -1 -1 -1 
-1 -1 -1 1 1 1 -1 -1 0 0 -1 -1 -1 -1 -1 
-1 -1 -1 1 1 1 -1 -1 0 0 -1 -1 -1 -1 -1 
-1 -1 -1 1 1 1 -1 -1 0 0 -1 -1 -1 -1 -1 
END
15 1
12 7
4 2
-1 -1 1 1 1 1 -1 0 0 0 0 -1 -1 -1 -1 
-1 -1 1 1 1 1 -1 0 0 0 0 -1 -1 -1 -1 
-1 -1 1 1 1 1 -1 0 0 0 0 -1 -1 -1 -1 
-1 -1 1 1 1 1 -1 0 0 0 0 -1 -1 -1 -1 
-1 -1 1 1 1 1 -1 0 0 0 0 -1 -1 -1 -1 
-1 -1 -1 1 1 1 -1 0 0 0 0 -1 -1 -1 -1 
-1 -1 -1 1 1 1 -1 0 0 0 0 -1 -1 -1 -1 
-1 -1 -1 1 1 1 -1 0 0 0 -1 -1 -1 -1 -1 
-1 -1 -1 1 1 1 -1 0 0 0 -1 -1 -1 -1 -1 
-1 -1 -1 1 1 1 -1 0 0 0 -1 -1 -1 -1 -1 
-1 -1 -1 1 1 1 -1 0 0 0 -1 -1 -1 -1 -1 
-1 -1 -1 1 1 1 -1 0 0 0 -1 -1 -1 -1 -1 
-1 -1 -1 1 1 1 -1 0 0 0 -1 -1 -1 -1 -1 
-1 -1 -1 1 1 1 -1 -1 0 0 -1 -1 -1 -1 -1 
-1 -1 -1 1 1 1 -1 -1 0 0 -1 -1 -1 -1 -1 
END
15 1
13 7
5 2
-1 -1 1 1 1 1 -1 0 0 0 0 -1 -1 -1 -1 
-1 -1 1 1 1 1 -1 0 0 0 0 -1 -1 -1 -1 
-1 -1 1 1 1 1 -1 0 0 0 0 -1 -1 -1 -1 
-1 -1 1 1 1 1 -1 0 0 0 0 -1 -1 -1 -1 
-1 -1 1 1 1 1 -1 0 0 0 0 -1 -1 -1 -1 
-1 -1 1 1 1 1 -1 0 0 0 0 -1 -1 -1 -1 
-1 -1 -1 1 1 1 -1 0 0 0 0 -1 -1 -1 -1 
-1 -1 -1 1 1 1 -1 0 0 0 -1 -1 -1 -1 -1 
-1 -1 -1 1 1 1 -1 0 0 0 -1 -1 -1 -1 -1 
-1 -1 -1 1 1 1 -1 0 0 0 -1 -1 -1 -1 -1 
-1 -1 -1 1 1 1 -1 0 0 0 -1 -1 -1 -1 -1 
-1 -1 -1 1 1 1 -1 0 0 0 -1 -1 -1 -1 -1 
-1 -1 -1 1 1 1 -1 0 0 0 -1 -1 -1 -1 -1 
-1 -1 -1 1 1 1 -1 0 0 0 -1 -1 -1 -1 -1 
-1 -1 -1 1 1 1 -1 -1 0 0 -1 -1 -1 -1 -1 
END
15 1
14 7
6 2
-1 -1 1 1 1 1 -1 0 0 0 0 -1 -1 -1 -1 
-1 -1 1 1 1 1 -1 0 0 0 0 -1 -1 -1 -1 
-1 -1 1 1 1 1 -1 0 0 0 0 -1 -1 -1 -1 
-1 -1 1 1 1 1 -1 0 0 0 0 -1 -1 -1 -1 
-1 -1 1 1 1 1 -1 0 0 0 0 -1 -1 -1 -1 
-1 -1 1 1 1 1 -1 0 0 0 0 -1 -1 -1 -1 
-1 -1 1 1 1 1 -1 0 0 0 0 -1 -1 -1 -1 
-1 -1 -1 1 1 1 -1 0 0 0 -1 -1 -1 -1 -1 
-1 -1 -1 1 1 1 -1 0 0 0 -1 -1 -1 -1 -1 
-1 -1 -1 1 1 1 -1 0 0 0 -1 -1 -1 -1 -1 
-1 -1 -1 1 1 1 -1 0 0 0 -1 -1 -1 -1 -1 
-1 -1 -1 1 1 1 -1 0 0 0 -1 -1 -1 -1 -1 
-1 -1 -1 1 1 1 -1 0 0 0 -1 -1 -1 -1 -1 
-1 -1 -1 1 1 1 -1 0 0 0 -1 -1 -1 -1 -1 
-1 -1 -1 1 1 1 -1 0 0 0 -1 -1 -1 -1 -1 
END
15 1
14 6
7 2
-1 -1 1 1 1 1 -1 0 0 0 0 -1 -1 -1 -1 
-1 -1 1 1 1 1 -1 0 0 0 0 -1 -1 -1 -1 
-1 -1 1 1 1 1 -1 0 0 0 0 -1 -1 -1 -1 
-1 -1 1 1 1 1 -1 0 0 0 0 -1 -1 -1 -1 
-1 -1 1 1 1 1 -1 0 0 0 0 -1 -1 -1 -1 
-1 -1 1 1 1 1 -1 0 0 0 0 -1 -1 -1 -1 
-1 -1 1 1 1 1 -1 0 0 0 0 -1 -1 -1 -1 
-1 -1 1 1 1 1 -1 0 0 0 -1 -1 -1 -1 -1 
-1 -1 -1 1 1 1 -1 0 0 0 -1 -1 -1 -1 -1 
-1 -1 -1 1 1 1 -1 0 0 0 -1 -1 -1 -1 -1 
-1 -1 -1 1 1 1 -1 0 0 0 -1 -1 -1 -1 -1 
-1 -1 -1 1 1 1 -1 0 0 0 -1 -1 -1 -1 -1 
-1 -1 -1 1 1 1 -1 0 0 0 -1 -1 -1 -1 -1 
-1 -1 -1 1 1 1 -1 0 0 0 -1 -1 -1 -1 -1 
-1 -1 -1 1 1 1 0 0 0 0 -1 -1 -1 -1 -1 
END
15 1
13 6
8 2
-1 -1 1 1 1 1 -1 0 0 0 0 -1 -1 -1 -1 
-1 -1 1 1 1 1 -1 0 0 0 0 -1 -1 -1 -1 
-1 -1 1 1 1 1 -1 0 0 0 0 -1 -1 -1 -1 
-1 -1 1 1 1 1 -1 0 0 0 0 -1 -1 -1 -1 
-1 -1 1 1 1 1 -1 0 0 0 0 -1 -1 -1 -1 
-1 -1 1 1 1 1 -1 0 0 0 0 -1 -1 -1 -1 
-1 -1 1 1 1 1 -1 0 0 0 0 -1 -1 -1 -1 
-1 -1 1 1 1 1 -1 0 0 0 -1 -1 -1 -1 -1 
-1 -1 1 1 1 1 -1 0 0 0 -1 -1 -1 -1 -1 
-1 -1 -1 1 1 1 -1 0 0 0 -1 -1 -1 -1 -1 
-1 -1 -1 1 1 1 -1 0 0 0 -1 -1 -1 -1 -1 
-1 -1 -1 1 1 1 -1 0 0 0 -1 -1 -1 -1 -1 
-1 -1 -1 1 1 1 -1 0 0 0 -1 -1 -1 -1 -1 
-1 -1 -1 1 1 1 0 0 0 0 -1 -1 -1 -1 -1 
-1 -1 -1 1 1 1 0 0 0 0 -1 -1 -1 -1 -1 
END
15 1
12 6
9 2
-1 -1 1 1 1 1 -1 0 0 0 0 -1 -1 -1 -1 
-1 -1 1 1 1 1 -1 0 0 0 0 -1 -1 -1 -1 
-1 -1 1 1 1 1 -1 0 0 0 0 -1 -1 -1 -1 
-1 -1 1 1 1 1 -1 0 0 0 0 -1 -1 -1 -1 
-1 -1 1 1 1 1 -1 0 0 0 0 -1 -1 -1 -1 
-1 -1 1 1 1 1 -1 0 0 0 0 -1 -1 -1 -1 
-1 -1 1 1 1 1 -1 0 0 0 0 -1 -1 -1 -1 
-1 -1 1 1 1 1 -1 0 0 0 -1 -1 -1 -1 -1 
-1 -1 1 1 1 1 -1 0 0 0 -1 -1 -1 -1 -1 
-1 -1 1 1 1 1 -1 0 0 0 -1 -1 -1 -1 -1 
-1 -1 -1 1 1 1 -1 0 0 0 -1 -1 -1 -1 -1 
-1 -1 -1 1 1 1 -1 0 0 0 -1 -1 -1 -1 -1 
-1 -1 -1 1 1 1 0 0 0 0 -1 -1 -1 -1 -1 
-1 -1 -1 1 1 1 0 0 0 0 -1 -1 -1 -1 -1 
-1 -1 -1 1 1 1 0 0 0 0 -1 -1 -1 -1 -1 
END
15 1
11 6
10 2
-1 -1 1 1 1 1 -1 0 0 0 0 -1 -1 -1 -1 
-1 -1 1 1 1 1 -1 0 0 0 0 -1 -1 -1 -1 
-1 -1 1 1 1 1 -1 0 0 0 0 -1 -1 -1 -1 
-1 -1 1 1 1 1 -1 0 0 0 0 -1 -1 -1 -1 
-1 -1 1 1 1 1 -1 0 0 0 0 -1 -1 -1 -1 
-1 -1 1 1 1 1 -1 0 0 0 0 -1 -1 -1 -1 
-1 -1 1 1 1 1 -1 0 0 0 0 -1 -1 -1 -1 
-1 -1 1 1 1 1 -1 0 0 0 -1 -1 -1 -1 -1 
-1 -1 1 1 1 1 -1 0 0 0 -1 -1 -1 -1 -1 
-1 -1 1 1 1 1 -1 0 0 0 -1 -1 -1 -1 -1 
-1 -1 1 1 1 1 -1 0 0 0 -1 -1 -1 -1 -1 
-1 -1 -1 1 1 1 0 0 0 0 -1 -1 -1 -1 -1 
-1 -1 -1 1 1 1 0 0 0 0 -1 -1 -1 -1 -1 
-1 -1 -1 1 1 1 0 0 0 0 -1 -1 -1 -1 -1 
-1 -1 -1 1 1 1 0 0 0 0 -1 -1 -1 -1 -1 
END
15 1
10 6
11 2
-1 -1 1 1 1 1 -1 0 0 0 0 -1 -1 -1 -1 
-1 -1 1 1 1 1 -1 0 0 0 0 -1 -1 -1 -1 
-1 -1 1 1 1 1 -1 0 0 0 0 -1 -1 -1 -1 
-1 -1 1 1 1 1 -1 0 0 0 0 -1 -1 -1 -1 
-1 -1 1 1 1 1 -1 0 0 0 0 -1 -1 -1 -1 
-1 -1 1 1 1 1 -1 0 0 0 0 -1 -1 -1 -1 
-1 -1 1 1 1 1 -1 0 0 0 0 -1 -1 -1 -1 
-1 -1 1 1 1 1 -1 0 0 0 -1 -1 -1 -1 -1 
-1 -1 1 1 1 1 -1 0 0 0 -1 -1 -1 -1 -1 
-1 -1 1 1 1 1 -1 0 0 0 -1 -1 -1 -1 -1 
-1 -1 1 1 1 1 0 0 0 0 -1 -1 -1 -1 -1 
-1 -1 1 1 1 1 0 0 0 0 -1 -1 -1 -1 -1 
-1 -1 -1 1 1 1 0 0 0 0 -1 -1 -1 -1 -1 
-1 -1 -1 1 1 1 0 0 0 0 -1 -1 -1 -1 -1 
-1 -1 -1 1 1 1 0 0 0 0 -1 -1 -1 -1 -1 
END
15 1
9 6
12 2
-1 -1 1 1 1 1 -1 0 0 0 0 -1 -1 -1 -1 
-1 -1 1 1 1 1 -1 0 0 0 0 -1 -1 -1 -1 
-1 -1 1 1 1 1 -1 0 0 0 0 -1 -1 -1 -1 
-1 -1 1 1 1 1 -1 0 0 0 0 -1 -1 -1 -1 
-1 -1 1 1 1 1 -1 0 0 0 0 -1 -1 -1 -1 
-1 -1 1 1 1 1 -1 0 0 0 0 -1 -1 -1 -1 
-1 -1 1 1 1 1 -1 0 0 0 0 -1 -1 -1 -1 
-1 -1 1 1 1 1 -1 0 0 0 -1 -1 -1 -1 -1 
-1 -1 1 1 1 1 -1 0 0 0 -1 -1 -1 -1 -1 
-1 -1 1 1 1 1 0 0 0 0 -1 -1 -1 -1 -1 
-1 -1 1 1 1 1 0 0 0 0 -1 -1 -1 -1 -1 
-1 -1 1 1 1 1 0 0 0 0 -1 -1 -1 -1 -1 
-1 -1 1 1 1 1 0 0 0 0 -1 -1 -1 -1 -1 
-1 -1 -1 1 1 1 0 0 0 0 -1 -1 -1 -1 -1 
-1 -1 -1 1 1 1 0 0 0 0 -1 -1 -1 -1 -1 
END
15 1
8 6
13 2
-1 -1 1 1 1 1 -1 0 0 0 0 -1 -1 -1 -1 
-1 -1 1 1 1 1 -1 0 0 0 0 -1 -1 -1 -1 
-1 -1 1 1 1 1 -1 0 0 0 0 -1 -1 -1 -1 
-1 -1 1 1 1 1 -1 0 0 0 0 -1 -1 -1 -1 
-1 -1 1 1 1 1 -1 0 0 0 0 -1 -1 -1 -1 
-1 -1 1 1 1 1 -1 0 0 0 0 -1 -1 -1 -1 
-1 -1 1 1 1 1 -1 0 0 0 0 -1 -1 -1 -1 
-1 -1 1 1 1 1 -1 0 0 0 -1 -1 -1 -1 -1 
-1 -1 1 1 1 1 0 0 0 0 -1 -1 -1 -1 -1 
-1 -1 1 1 1 1 0 0 0 0 -1 -1 -1 -1 -1 
-1 -1 1 1 1 1 0 0 0 0 -1 -1 -1 -1 -1 
-1 -1 1 1 1 1 0 0 0 0 -1 -1 -1 -1 -1 
-1 -1 1 1 1 1 0 0 0 0 -1 -1 -1 -1 -1 
-1 -1 1 1 1 1 0 0 0 0 -1 -1 -1 -1 -1 
-1 -1 -1 1 1 1 0 0 0 0 -1 -1 -1 -1 -1 
END
15 1
7 6
14 2
-1 -1 1 1 1 1 -1 0 0 0 0 -1 -1 -1 -1 
-1 -1 1 1 1 1 -1 0 0 0 0 -1 -1 -1 -1 
-1 -1 1 1 1 1 -1 0 0 0 0 -1 -1 -1 -1 
-1 -1 1 1 1 1 -1 0 0 0 0 -1 -1 -1 -1 
-1 -1 1 1 1 1 -1 0 0 0 0 -1 -1 -1 -1 
-1 -1 1 1 1 1 -1 0 0 0 0 -1 -1 -1 -1 
-1 -1 1 1 1 1 -1 0 0 0 0 -1 -1 -1 -1 
-1 -1 1 1 1 1 0 0 0 0 -1 -1 -1 -1 -1 
-1 -1 1 1 1 1 0 0 0 0 -1 -1 -1 -1 -1 
-1 -1 1 1 1 1 0 0 0 0 -1 -1 -1 -1 -1 
-1 -1 1 1 1 1 0 0 0 0 -1 -1 -1 -1 -1 
-1 -1 1 1 1 1 0 0 0 0 -1 -1 -1 -1 -1 
-1 -1 1 1 1 1 0 0 0 0 -1 -1 -1 -1 -1 
-1 -1 1 1 1 1 0 0 0 0 -1 -1 -1 -1 -1 
-1 -1 1 1 1 1 0 0 0 0 -1 -1 -1 -1 -1 
END
15 1
6 6
14 1
-1 -1 1 1 1 1 -1 0 0 0 0 -1 -1 -1 -1 
-1 -1 1 1 1 1 -1 0 0 0 0 -1 -1 -1 -1 
-1 -1 1 1 1 1 -1 0 0 0 0 -1 -1 -1 -1 
-1 -1 1 1 1 1 -1 0 0 0 0 -1 -1 -1 -1 
-1 -1 1 1 1 1 -1 0 0 0 0 -1 -1 -1 -1 
-1 -1 1 1 1 1 -1 0 0 0 0 -1 -1 -1 -1 
-1 -1 1 1 1 1 0 0 0 0 0 -1 -1 -1 -1 
-1 -1 1 1 1 1 0 0 0 0 -1 -1 -1 -1 -1 
-1 -1 1 1 1 1 0 0 0 0 -1 -1 -1 -1 -1 
-1 -1 1 1 1 1 0 0 0 0 -1 -1 -1 -1 -1 
-1 -1 1 1 1 1 0 0 0 0 -1 -1 -1 -1 -1 
-1 -1 1 1 1 1 0 0 0 0 -1 -1 -1 -1 -1 
-1 -1 1 1 1 1 0 0 0 0 -1 -1 -1 -1 -1 
-1 -1 1 1 1 1 0 0 0 0 -1 -1 -1 -1 -1 
-1 1 1 1 1 1 0 0 0 0 -1 -1 -1 -1 -1 
END
15 1
5 6
13 1
-1 -1 1 1 1 1 -1 0 0 0 0 -1 -1 -1 -1 
-1 -1 1 1 1 1 -1 0 0 0 0 -1 -1 -1 -1 
-1 -1 1 1 1 1 -1 0 0 0 0 -1 -1 -1 -1 
-1 -1 1 1 1 1 -1 0 0 0 0 -1 -1 -1 -1 
-1 -1 1 1 1 1 -1 0 0 0 0 -1 -1 -1 -1 
-1 -1 1 1 1 1 0 0 0 0 0 -1 -1 -1 -1 
-1 -1 1 1 1 1 0 0 0 0 0 -1 -1 -1 -1 
-1 -1 1 1 1 1 0 0 0 0 -1 -1 -1 -1 -1 
-1 -1 1 1 1 1 0 0 0 0 -1 -1 -1 -1 -1 
-1 -1 1 1 1 1 0 0 0 0 -1 -1 -1 -1 -1 
-1 -1 1 1 1 1 0 0 0 0 -1 -1 -1 -1 -1 
-1 -1 1 1 1 1 0 0 0 0 -1 -1 -1 -1 -1 
-1 -1 1 1 1 1 0 0 0 0 -1 -1 -1 -1 -1 
-1 1 1 1 1 1 0 0 0 0 -1 -1 -1 -1 -1 
-1 1 1 1 1 1 0 0 0 0 -1 -1 -1 -1 -1 
END
15 1
4 6
12 1
-1 -1 1 1 1 1 -1 0 0 0 0 -1 -1 -1 -1 
-1 -1 1 1 1 1 -1 0 0 0 0 -1 -1 -1 -1 
-1 -1 1 1 1 1 -1 0 0 0 0 -1 -1 -1 -1 
-1 -1 1 1 1 1 -1 0 0 0 0 -1 -1 -1 -1 
-1 -1 1 1 1 1 0 0 0 0 0 -1 -1 -1 -1 
-1 -1 1 1 1 1 0 0 0 0 0 -1 -1 -1 -1 
-1 -1 1 1 1 1 0 0 0 0 0 -1 -1 -1 -1 
-1 -1 1 1 1 1 0 0 0 0 -1 -1 -1 -1 -1 
-1 -1 1 1 1 1 0 0 0 0 -1 -1 -1 -1 -1 
-1 -1 1 1 1 1 0 0 0 0 -1 -1 -1 -1 -1 
-1 -1 1 1 1 1 0 0 0 0 -1 -1 -1 -1 -1 
-1 -1 1 1 1 1 0 0 0 0 -1 -1 -1 -1 -1 
-1 1 1 1 1 1 0 0 0 0 -1 -1 -1 -1 -1 
-1 1 1 1 1 1 0 0 0 0 -1 -1 -1 -1 -1 
-1 1 1 1 1 1 0 0 0 0 -1 -1 -1 -1 -1 
END
15 1
3 6
11 1
-1 -1 1 1 1 1 -1 0 0 0 0 -1 -1 -1 -1 
-1 -1 1 1 1 1 -1 0 0 0 0 -1 -1 -1 -1 
-1 -1 1 1 1 1 -1 0 0 0 0 -1 -1 -1 -1 
-1 -1 1 1 1 1 0 0 0 0 0 -1 -1 -1 -1 
-1 -1 1 1 1 1 0 0 0 0 0 -1 -1 -1 -1 
-1 -1 1 1 1 1 0 0 0 0 0 -1 -1 -1 -1 
-1 -1 1 1 1 1 0 0 0 0 0 -1 -1 -1 -1 
-1 -1 1 1 1 1 0 0 0 0 -1 -1 -1 -1 -1 
-1 -1 1 1 1 1 0 0 0 0 -1 -1 -1 -1 -1 
-1 -1 1 1 1 1 0 0 0 0 -1 -1 -1 -1 -1 
-1 -1 1 1 1 1 0 0 0 0 -1 -1 -1 -1 -1 
-1 1 1 1 1 1 0 0 0 0 -1 -1 -1 -1 -1 
-1 1 1 1 1 1 0 0 0 0 -1 -1 -1 -1 -1 
-1 1 1 1 1 1 0 0 0 0 -1 -1 -1 -1 -1 
-1 1 1 1 1 1 0 0 0 0 -1 -1 -1 -1 -1 
END
15 1
2 6
10 1
-1 -1 1 1 1 1 -1 0 0 0 0 -1 -1 -1 -1 
-1 -1 1 1 1 1 -1 0 0 0 0 -1 -1 -1 -1 
-1 -1 1 1 1 1 0 0 0 0 0 -1 -1 -1 -1 
-1 -1 1 1 1 1 0 0 0 0 0 -1 -1 -1 -1 
-1 -1 1 1 1 1 0 0 0 0 0 -1 -1 -1 -1 
-1 -1 1 1 1 1 0 0 0 0 0 -1 -1 -1 -1 
-1 -1 1 1 1 1 0 0 0 0 0 -1 -1 -1 -1 
-1 -1 1 1 1 1 0 0 0 0 -1 -1 -1 -1 -1 
-1 -1 1 1 1 1 0 0 0 0 -1 -1 -1 -1 -1 
-1 -1 1 1 1 1 0 0 0 0 -1 -1 -1 -1 -1 
-1 1 1 1 1 1 0 0 0 0 -1 -1 -1 -1 -1 
-1 1 1 1 1 1 0 0 0 0 -1 -1 -1 -1 -1 
-1 1 1 1 1 1 0 0 0 0 -1 -1 -1 -1 -1 
-1 1 1 1 1 1 0 0 0 0 -1 -1 -1 -1 -1 
-1 1 1 1 1 1 0 0 0 0 -1 -1 -1 -1 -1 
END
15 1
1 6
9 1
-1 -1 1 1 1 1 -1 0 0 0 0 -1 -1 -1 -1 
-1 -1 1 1 1 1 0 0 0 0 0 -1 -1 -1 -1 
-1 -1 1 1 1 1 0 0 0 0 0 -1 -1 -1 -1 
-1 -1 1 1 1 1 0 0 0 0 0 -1 -1 -1 -1 
-1 -1 1 1 1 1 0 0 0 0 0 -1 -1 -1 -1 
-1 -1 1 1 1 1 0 0 0 0 0 -1 -1 -1 -1 
-1 -1 1 1 1 1 0 0 0 0 0 -1 -1 -1 -1 
-1 -1 1 1 1 1 0 0 0 0 -1 -1 -1 -1 -1 
-1 -1 1 1 1 1 0 0 0 0 -1 -1 -1 -1 -1 
-1 1 1 1 1 1 0 0 0 0 -1 -1 -1 -1 -1 
-1 1 1 1 1 1 0 0 0 0 -1 -1 -1 -1 -1 
-1 1 1 1 1 1 0 0 0 0 -1 -1 -1 -1 -1 
-1 1 1 1 1 1 0 0 0 0 -1 -1 -1 -1 -1 
-1 1 1 1 1 1 0 0 0 0 -1 -1 -1 -1 -1 
-1 1 1 1 1 1 0 0 0 0 -1 -1 -1 -1 -1 
END
15 1
0 6
8 1
-1 -1 1 1 1 1 0 0 0 0 0 -1 -1 -1 -1 
-1 -1 1 1 1 1 0 0 0 0 0 -1 -1 -1 -1 
-1 -1 1 1 1 1 0 0 0 0 0 -1 -1 -1 -1 
-1 -1 1 1 1 1 0 0 0 0 0 -1 -1 -1 -1 
-1 -1 1 1 1 1 0 0 0 0 0 -1 -1 -1 -1 
-1 -1 1 1 1 1 0 0 0 0 0 -1 -1 -1 -1 
-1 -1 1 1 1 1 0 0 0 0 0 -1 -1 -1 -1 
-1 -1 1 1 1 1 0 0 0 0 -1 -1 -1 -1 -1 
-1 1 1 1 1 1 0 0 0 0 -1 -1 -1 -1 -1 
-1 1 1 1 1 1 0 0 0 0 -1 -1 -1 -1 -1 
-1 1 1 1 1 1 0 0 0 0 -1 -1 -1 -1 -1 
-1 1 1 1 1 1 0 0 0 0 -1 -1 -1 -1 -1 
-1 1 1 1 1 1 0 0 0 0 -1 -1 -1 -1 -1 
-1 1 1 1 1 1 0 0 0 0 -1 -1 -1 -1 -1 
-1 1 1 1 1 1 0 0 0 0 -1 -1 -1 -1 -1 
END
