15 1
0 13
10 10
-1 -1 -1 -1 -1 -1 -1 -1 -1 -1 -1 -1 -1 0 -1 
-1 -1 -1 -1 -1 -1 -1 -1 -1 -1 -1 -1 -1 -1 -1 
-1 -1 -1 -1 -1 -1 -1 -1 -1 -1 -1 -1 -1 -1 -1 
-1 -1 -1 -1 -1 -1 -1 -1 -1 -1 -1 -1 -1 -1 -1 
-1 -1 -1 -1 -1 -1 -1 -1 -1 -1 -1 -1 -1 -1 -1 
-1 -1 -1 -1 -1 -1 -1 -1 -1 -1 -1 -1 -1 -1 -1 
-1 -1 -1 -1 -1 -1 -1 -1 -1 -1 -1 -1 -1 -1 -1 
-1 -1 -1 -1 -1 -1 -1 -1 -1 -1 -1 -1 -1 -1 -1 
-1 -1 -1 -1 -1 -1 -1 -1 -1 -1 -1 -1 -1 -1 -1 
-1 -1 -1 -1 -1 -1 -1 -1 -1 -1 -1 -1 -1 -1 -1 
-1 -1 -1 -1 -1 -1 -1 -1 -1 -1 1 -1 -1 -1 -1 
-1 -1 -1 -1 -1 -1 -1 -1 -1 -1 -1 -1 -1 -1 -1 
-1 -1 -1 -1 -1 -1 -1 -1 -1 -1 -1 -1 -1 -1 -1 
-1 -1 -1 -1 -1 -1 -1 -1 -1 -1 -1 -1 -1 -1 -1 
-1 -1 -1 -1 -1 -1 -1 -1 -1 -1 -1 -1 -1 -1 -1 
END
15 1
1 13
9 10
-1 -1 -1 -1 -1 -1 -1 -1 -1 -1 -1 -1 -1 0 -1 
-1 -1 -1 -1 -1 -1 -1 -1 -1 -1 -1 -1 -1 0 -1 
-1 -1 -1 -1 -1 -1 -1 -1 -1 -1 -1 -1 -1 -1 -1 
-1 -1 -1 -1 -1 -1 -1 -1 -1 -1 -1 -1 -1 -1 -1 
-1 -1 -1 -1 -1 -1 -1 -1 -1 -1 -1 -1 -1 -1 -1 
-1 -1 -1 -1 -1 -1 -1 -1 -1 -1 -1 -1 -1 -1 -1 
-1 -1 -1 -1 -1 -1 -1 -1 -1 -1 -1 -1 -1 -1 -1 
-1 -1 -1 -1 -1 -1 -1 -1 -1 -1 -1 -1 -1 -1 -1 
-1 -1 -1 -1 -1 -1 -1 -1 -1 -1 -1 -1 -1 -1 -1 
-1 -1 -1 -1 -1 -1 -1 -1 -1 -1 1 -1 -1 -1 -1 
-1 -1 -1 -1 -1 -1 -1 -1 -1 -1 1 -1 -1 -1 -1 
-1 -1 -1 -1 -1 -1 -1 -1 -1 -1 -1 -1 -1 -1 -1 
-1 -1 -1 -1 -1 -1 -1 -1 -1 -1 -1 -1 -1 -1 -1 
-1 -1 -1 -1 -1 -1 -1 -1 -1 -1 -1 -1 -1 -1 -1 
-1 -1 -1 -1 -1 -1 -1 -1 -1 -1 -1 -1 -1 -1 -1 
END
15 1
2 13
8 10
-1 -1 -1 -1 -1 -1 -1 -1 -1 -1 -1 -1 -1 0 -1 
-1 -1 -1 -1 -1 -1 -1 -1 -1 -1 -1 -1 -1 0 -1 
-1 -1 -1 -1 -1 -1 -1 -1 -1 -1 -1 -1 -1 0 -1 
-1 -1 -1 -1 -1 -1 -1 -1 -1 -1 -1 -1 -1 -1 -1 
-1 -1 -1 -1 -1 -1 -1 -1 -1 -1 -1 -1 -1 -1 -1 
-1 -1 -1 -1 -1 -1 -1 -1 -1 -1 -1 -1 -1 -1 -1 
-1 -1 -1 -1 -1 -1 -1 -1 -1 -1 -1 -1 -1 -1 -1 
-1 -1 -1 -1 -1 -1 -1 -1 -1 -1 -1 -1 -1 -1 -1 
-1 -1 -1 -1 -1 -1 -1 -1 -1 -1 1 -1 -1 -1 -1 
-1 -1 -1 -1 -1 -1 -1 -1 -1 -1 1 -1 -1 -1 -1 
-1 -1 -1 -1 -1 -1 -1 -1 -1 -1 1 -1 -1 -1 -1 
-1 -1 -1 -1 -1 -1 -1 -1 -1 -1 -1 -1 -1 -1 -1 
-1 -1 -1 -1 -1 -1 -1 -1 -1 -1 -1 -1 -1 -1 -1 
-1 -1 -1 -1 -1 -1 -1 -1 -1 -1 -1 -1 -1 -1 -1 
-1 -1 -1 -1 -1 -1 -1 -1 -1 -1 -1 -1 -1 -1 -1 
END
15 1
3 13
7 10
-1 -1 -1 -1 -1 -1 -1 -1 -1 -1 -1 -1 -1 0 -1 
-1 -1 -1 -1 -1 -1 -1 -1 -1 -1 -1 -1 -1 0 -1 
-1 -1 -1 -1 -1 -1 -1 -1 -1 -1 -1 -1 -1 0 -1 
-1 -1 -1 -1 -1 -1 -1 -1 -1 -1 -1 -1 -1 0 -1 
-1 -1 -1 -1 -1 -1 -1 -1 -1 -1 -1 -1 -1 -1 -1 
-1 -1 -1 -1 -1 -1 -1 -1 -1 -1 -1 -1 -1 -1 -1 
-1 -1 -1 -1 -1 -1 -1 -1 -1 -1 -1 -1 -1 -1 -1 
-1 -1 -1 -1 -1 -1 -1 -1 -1 -1 1 -1 -1 -1 -1 
-1 -1 -1 -1 -1 -1 -1 -1 -1 -1 1 -1 -1 -1 -1 
-1 -1 -1 -1 -1 -1 -1 -1 -1 -1 1 -1 -1 -1 -1 
-1 -1 -1 -1 -1 -1 -1 -1 -1 -1 1 -1 -1 -1 -1 
-1 -1 -1 -1 -1 -1 -1 -1 -1 -1 -1 -1 -1 -1 -1 
-1 -1 -1 -1 -1 -1 -1 -1 -1 -1 -1 -1 -1 -1 -1 
-1 -1 -1 -1 -1 -1 -1 -1 -1 -1 -1 -1 -1 -1 -1 
-1 -1 -1 -1 -1 -1 -1 -1 -1 -1 -1 -1 -1 -1 -1 
END
15 1
4 13
6 10
-1 -1 -1 -1 -1 -1 -1 -1 -1 -1 -1 -1 -1 0 -1 
-1 -1 -1 -1 -1 -1 -1 -1 -1 -1 -1 -1 -1 0 -1 
-1 -1 -1 -1 -1 -1 -1 -1 -1 -1 -1 -1 -1 0 -1 
-1 -1 -1 -1 -1 -1 -1 -1 -1 -1 -1 -1 -1 0 -1 
-1 -1 -1 -1 -1 -1 -1 -1 -1 -1 -1 -1 -1 0 -1 
-1 -1 -1 -1 -1 -1 -1 -1 -1 -1 -1 -1 -1 -1 -1 
-1 -1 -1 -1 -1 -1 -1 -1 -1 -1 1 -1 -1 -1 -1 
-1 -1 -1 -1 -1 -1 -1 -1 -1 -1 1 -1 -1 -1 -1 
-1 -1 -1 -1 -1 -1 -1 -1 -1 -1 1 -1 -1 -1 -1 
-1 -1 -1 -1 -1 -1 -1 -1 -1 -1 1 -1 -1 -1 -1 
-1 -1 -1 -1 -1 -1 -1 -1 -1 -1 1 -1 -1 -1 -1 
-1 -1 -1 -1 -1 -1 -1 -1 -1 -1 -1 -1 -1 -1 -1 
-1 -1 -1 -1 -1 -1 -1 -1 -1 -1 -1 -1 -1 -1 -1 
-1 -1 -1 -1 -1 -1 -1 -1 -1 -1 -1 -1 -1 -1 -1 
-1 -1 -1 -1 -1 -1 -1 -1 -1 -1 -1 -1 -1 -1 -1 
END
15 1
5 13
5 10
-1 -1 -1 -1 -1 -1 -1 -1 -1 -1 -1 -1 -1 0 -1 
-1 -1 -1 -1 -1 -1 -1 -1 -1 -1 -1 -1 -1 0 -1 
-1 -1 -1 -1 -1 -1 -1 -1 -1 -1 -1 -1 -1 0 -1 
-1 -1 -1 -1 -1 -1 -1 -1 -1 -1 -1 -1 -1 0 -1 
-1 -1 -1 -1 -1 -1 -1 -1 -1 -1 -1 -1 -1 0 -1 
-1 -1 -1 -1 -1 -1 -1 -1 -1 -1 1 -1 -1 0 -1 
-1 -1 -1 -1 -1 -1 -1 -1 -1 -1 1 -1 -1 -1 -1 
-1 -1 -1 -1 -1 -1 -1 -1 -1 -1 1 -1 -1 -1 -1 
-1 -1 -1 -1 -1 -1 -1 -1 -1 -1 1 -1 -1 -1 -1 
-1 -1 -1 -1 -1 -1 -1 -1 -1 -1 1 -1 -1 -1 -1 
-1 -1 -1 -1 -1 -1 -1 -1 -1 -1 1 -1 -1 -1 -1 
-1 -1 -1 -1 -1 -1 -1 -1 -1 -1 -1 -1 -1 -1 -1 
-1 -1 -1 -1 -1 -1 -1 -1 -1 -1 -1 -1 -1 -1 -1 
-1 -1 -1 -1 -1 -1 -1 -1 -1 -1 -1 -1 -1 -1 -1 
-1 -1 -1 -1 -1 -1 -1 -1 -1 -1 -1 -1 -1 -1 -1 
END
15 1
6 13
4 10
-1 -1 -1 -1 -1 -1 -1 -1 -1 -1 -1 -1 -1 0 -1 
-1 -1 -1 -1 -1 -1 -1 -1 -1 -1 -1 -1 -1 0 -1 
-1 -1 -1 -1 -1 -1 -1 -1 -1 -1 -1 -1 -1 0 -1 
-1 -1 -1 -1 -1 -1 -1 -1 -1 -1 -1 -1 -1 0 -1 
-1 -1 -1 -1 -1 -1 -1 -1 -1 -1 1 -1 -1 0 -1 
-1 -1 -1 -1 -1 -1 -1 -1 -1 -1 1 -1 -1 0 -1 
-1 -1 -1 -1 -1 -1 -1 -1 -1 -1 1 -1 -1 0 -1 
-1 -1 -1 -1 -1 -1 -1 -1 -1 -1 1 -1 -1 -1 -1 
-1 -1 -1 -1 -1 -1 -1 -1 -1 -1 1 -1 -1 -1 -1 
-1 -1 -1 -1 -1 -1 -1 -1 -1 -1 1 -1 -1 -1 -1 
-1 -1 -1 -1 -1 -1 -1 -1 -1 -1 1 -1 -1 -1 -1 
-1 -1 -1 -1 -1 -1 -1 -1 -1 -1 -1 -1 -1 -1 -1 
-1 -1 -1 -1 -1 -1 -1 -1 -1 -1 -1 -1 -1 -1 -1 
-1 -1 -1 -1 -1 -1 -1 -1 -1 -1 -1 -1 -1 -1 -1 
-1 -1 -1 -1 -1 -1 -1 -1 -1 -1 -1 -1 -1 -1 -1 
END
15 1
7 13
3 10
-1 -1 -1 -1 -1 -1 -1 -1 -1 -1 -1 -1 -1 0 -1 
-1 -1 -1 -1 -1 -1 -1 -1 -1 -1 -1 -1 -1 0 -1 
-1 -1 -1 -1 -1 -1 -1 -1 -1 -1 -1 -1 -1 0 -1 
-1 -1 -1 -1 -1 -1 -1 -1 -1 -1 1 -1 -1 0 -1 
-1 -1 -1 -1 -1 -1 -1 -1 -1 -1 1 -1 -1 0 -1 
-1 -1 -1 -1 -1 -1 -1 -1 -1 -1 1 -1 -1 0 -1 
-1 -1 -1 -1 -1 -1 -1 -1 -1 -1 1 -1 -1 0 -1 
-1 -1 -1 -1 -1 -1 -1 -1 -1 -1 1 -1 -1 0 -1 
-1 -1 -1 -1 -1 -1 -1 -1 -1 -1 1 -1 -1 -1 -1 
-1 -1 -1 -1 -1 -1 -1 -1 -1 -1 1 -1 -1 -1 -1 
-1 -1 -1 -1 -1 -1 -1 -1 -1 -1 1 -1 -1 -1 -1 
-1 -1 -1 -1 -1 -1 -1 -1 -1 -1 -1 -1 -1 -1 -1 
-1 -1 -1 -1 -1 -1 -1 -1 -1 -1 -1 -1 -1 -1 -1 
-1 -1 -1 -1 -1 -1 -1 -1 -1 -1 -1 -1 -1 -1 -1 
-1 -1 -1 -1 -1 -1 -1 -1 -1 -1 -1 -1 -1 -1 -1 
END
15 1
8 13
2 10
-1 -1 -1 -1 -1 -1 -1 -1 -1 -1 -1 -1 -1 0 -1 
-1 -1 -1 -1 -1 -1 -1 -1 -1 -1 -1 -1 -1 0 -1 
-1 -1 -1 -1 -1 -1 -1 -1 -1 -1 1 -1 -1 0 -1 
-1 -1 -1 -1 -1 -1 -1 -1 -1 -1 1 -1 -1 0 -1 
-1 -1 -1 -1 -1 -1 -1 -1 -1 -1 1 -1 -1 0 -1 
-1 -1 -1 -1 -1 -1 -1 -1 -1 -1 1 -1 -1 0 -1 
-1 -1 -1 -1 -1 -1 -1 -1 -1 -1 1 -1 -1 0 -1 
-1 -1 -1 -1 -1 -1 -1 -1 -1 -1 1 -1 -1 0 -1 
-1 -1 -1 -1 -1 -1 -1 -1 -1 -1 1 -1 -1 0 -1 
-1 -1 -1 -1 -1 -1 -1 -1 -1 -1 1 -1 -1 -1 -1 
-1 -1 -1 -1 -1 -1 -1 -1 -1 -1 1 -1 -1 -1 -1 
-1 -1 -1 -1 -1 -1 -1 -1 -1 -1 -1 -1 -1 -1 -1 
-1 -1 -1 -1 -1 -1 -1 -1 -1 -1 -1 -1 -1 -1 -1 
-1 -1 -1 -1 -1 -1 -1 -1 -1 -1 -1 -1 -1 -1 -1 
-1 -1 -1 -1 -1 -1 -1 -1 -1 -1 -1 -1 -1 -1 -1 
END
15 1
9 13
1 10
-1 -1 -1 -1 -1 -1 -1 -1 -1 -1 -1 -1 -1 0 -1 
-1 -1 -1 -1 -1 -1 -1 -1 -1 -1 1 -1 -1 0 -1 
-1 -1 -1 -1 -1 -1 -1 -1 -1 -1 1 -1 -1 0 -1 
-1 -1 -1 -1 -1 -1 -1 -1 -1 -1 1 -1 -1 0 -1 
-1 -1 -1 -1 -1 -1 -1 -1 -1 -1 1 -1 -1 0 -1 
-1 -1 -1 -1 -1 -1 -1 -1 -1 -1 1 -1 -1 0 -1 
-1 -1 -1 -1 -1 -1 -1 -1 -1 -1 1 -1 -1 0 -1 
-1 -1 -1 -1 -1 -1 -1 -1 -1 -1 1 -1 -1 0 -1 
-1 -1 -1 -1 -1 -1 -1 -1 -1 -1 1 -1 -1 0 -1 
-1 -1 -1 -1 -1 -1 -1 -1 -1 -1 1 -1 -1 0 -1 
-1 -1 -1 -1 -1 -1 -1 -1 -1 -1 1 -1 -1 -1 -1 
-1 -1 -1 -1 -1 -1 -1 -1 -1 -1 -1 -1 -1 -1 -1 
-1 -1 -1 -1 -1 -1 -1 -1 -1 -1 -1 -1 -1 -1 -1 
-1 -1 -1 -1 -1 -1 -1 -1 -1 -1 -1 -1 -1 -1 -1 
-1 -1 -1 -1 -1 -1 -1 -1 -1 -1 -1 -1 -1 -1 -1 
END
15 1
10 13
0 10
-1 -1 -1 -1 -1 -1 -1 -1 -1 -1 1 -1 -1 0 -1 
-1 -1 -1 -1 -1 -1 -1 -1 -1 -1 1 -1 -1 0 -1 
-1 -1 -1 -1 -1 -1 -1 -1 -1 -1 1 -1 -1 0 -1 
-1 -1 -1 -1 -1 -1 -1 -1 -1 -1 1 -1 -1 0 -1 
-1 -1 -1 -1 -1 -1 -1 -1 -1 -1 1 -1 -1 0 -1 
-1 -1 -1 -1 -1 -1 -1 -1 -1 -1 1 -1 -1 0 -1 
-1 -1 -1 -1 -1 -1 -1 -1 -1 -1 1 -1 -1 0 -1 
-1 -1 -1 -1 -1 -1 -1 -1 -1 -1 1 -1 -1 0 -1 
-1 -1 -1 -1 -1 -1 -1 -1 -1 -1 1 -1 -1 0 -1 
-1 -1 -1 -1 -1 -1 -1 -1 -1 -1 1 -1 -1 0 -1 
-1 -1 -1 -1 -1 -1 -1 -1 -1 -1 1 -1 -1 0 -1 
-1 -1 -1 -1 -1 -1 -1 -1 -1 -1 -1 -1 -1 -1 -1 
-1 -1 -1 -1 -1 -1 -1 -1 -1 -1 -1 -1 -1 -1 -1 
-1 -1 -1 -1 -1 -1 -1 -1 -1 -1 -1 -1 -1 -1 -1 
-1 -1 -1 -1 -1 -1 -1 -1 -1 -1 -1 -1 -1 -1 -1 
END
15 1
11 13
0 9
-1 -1 -1 -1 -1 -1 -1 -1 -1 1 1 -1 -1 0 -1 
-1 -1 -1 -1 -1 -1 -1 -1 -1 -1 1 -1 -1 0 -1 
-1 -1 -1 -1 -1 -1 -1 -1 -1 -1 1 -1 -1 0 -1 
-1 -1 -1 -1 -1 -1 -1 -1 -1 -1 1 -1 -1 0 -1 
-1 -1 -1 -1 -1 -1 -1 -1 -1 -1 1 -1 -1 0 -1 
-1 -1 -1 -1 -1 -1 -1 -1 -1 -1 1 -1 -1 0 -1 
-1 -1 -1 -1 -1 -1 -1 -1 -1 -1 1 -1 -1 0 -1 
-1 -1 -1 -1 -1 -1 -1 -1 -1 -1 1 -1 -1 0 -1 
-1 -1 -1 -1 -1 -1 -1 -1 -1 -1 1 -1 -1 0 -1 
-1 -1 -1 -1 -1 -1 -1 -1 -1 -1 1 -1 -1 0 -1 
-1 -1 -1 -1 -1 -1 -1 -1 -1 -1 1 -1 -1 0 -1 
-1 -1 -1 -1 -1 -1 -1 -1 -1 -1 -1 -1 -1 0 -1 
-1 -1 -1 -1 -1 -1 -1 -1 -1 -1 -1 -1 -1 -1 -1 
-1 -1 -1 -1 -1 -1 -1 -1 -1 -1 -1 -1 -1 -1 -1 
-1 -1 -1 -1 -1 -1 -1 -1 -1 -1 -1 -1 -1 -1 -1 
END
15 1
12 13
1 9
-1 -1 -1 -1 -1 -1 -1 -1 -1 1 1 -1 -1 0 -1 
-1 -1 -1 -1 -1 -1 -1 -1 -1 1 1 -1 -1 0 -1 
-1 -1 -1 -1 -1 -1 -1 -1 -1 -1 1 -1 -1 0 -1 
-1 -1 -1 -1 -1 -1 -1 -1 -1 -1 1 -1 -1 0 -1 
-1 -1 -1 -1 -1 -1 -1 -1 -1 -1 1 -1 -1 0 -1 
-1 -1 -1 -1 -1 -1 -1 -1 -1 -1 1 -1 -1 0 -1 
-1 -1 -1 -1 -1 -1 -1 -1 -1 -1 1 -1 -1 0 -1 
-1 -1 -1 -1 -1 -1 -1 -1 -1 -1 1 -1 -1 0 -1 
-1 -1 -1 -1 -1 -1 -1 -1 -1 -1 1 -1 -1 0 -1 
-1 -1 -1 -1 -1 -1 -1 -1 -1 -1 1 -1 -1 0 -1 
-1 -1 -1 -1 -1 -1 -1 -1 -1 -1 1 -1 -1 0 -1 
-1 -1 -1 -1 -1 -1 -1 -1 -1 -1 -1 -1 -1 0 -1 
-1 -1 -1 -1 -1 -1 -1 -1 -1 -1 -1 -1 -1 0 -1 
-1 -1 -1 -1 -1 -1 -1 -1 -1 -1 -1 -1 -1 -1 -1 
-1 -1 -1 -1 -1 -1 -1 -1 -1 -1 -1 -1 -1 -1 -1 
END
15 1
13 13
2 9
-1 -1 -1 -1 -1 -1 -1 -1 -1 1 1 -1 -1 0 -1 
-1 -1 -1 -1 -1 -1 -1 -1 -1 1 1 -1 -1 0 -1 
-1 -1 -1 -1 -1 -1 -1 -1 -1 1 1 -1 -1 0 -1 
-1 -1 -1 -1 -1 -1 -1 -1 -1 -1 1 -1 -1 0 -1 
-1 -1 -1 -1 -1 -1 -1 -1 -1 -1 1 -1 -1 0 -1 
-1 -1 -1 -1 -1 -1 -1 -1 -1 -1 1 -1 -1 0 -1 
-1 -1 -1 -1 -1 -1 -1 -1 -1 -1 1 -1 -1 0 -1 
-1 -1 -1 -1 -1 -1 -1 -1 -1 -1 1 -1 -1 0 -1 
-1 -1 -1 -1 -1 -1 -1 -1 -1 -1 1 -1 -1 0 -1 
-1 -1 -1 -1 -1 -1 -1 -1 -1 -1 1 -1 -1 0 -1 
-1 -1 -1 -1 -1 -1 -1 -1 -1 -1 1 -1 -1 0 -1 
-1 -1 -1 -1 -1 -1 -1 -1 -1 -1 -1 -1 -1 0 -1 
-1 -1 -1 -1 -1 -1 -1 -1 -1 -1 -1 -1 -1 0 -1 
-1 -1 -1 -1 -1 -1 -1 -1 -1 -1 -1 -1 -1 0 -1 
-1 -1 -1 -1 -1 -1 -1 -1 -1 -1 -1 -1 -1 -1 -1 
END
15 1
14 13
3 9
-1 -1 -1 -1 -1 -1 -1 -1 -1 1 1 -1 -1 0 -1 
-1 -1 -1 -1 -1 -1 -1 -1 -1 1 1 -1 -1 0 -1 
-1 -1 -1 -1 -1 -1 -1 -1 -1 1 1 -1 -1 0 -1 
-1 -1 -1 -1 -1 -1 -1 -1 -1 1 1 -1 -1 0 -1 
-1 -1 -1 -1 -1 -1 -1 -1 -1 -1 1 -1 -1 0 -1 
-1 -1 -1 -1 -1 -1 -1 -1 -1 -1 1 -1 -1 0 -1 
-1 -1 -1 -1 -1 -1 -1 -1 -1 -1 1 -1 -1 0 -1 
-1 -1 -1 -1 -1 -1 -1 -1 -1 -1 1 -1 -1 0 -1 
-1 -1 -1 -1 -1 -1 -1 -1 -1 -1 1 -1 -1 0 -1 
-1 -1 -1 -1 -1 -1 -1 -1 -1 -1 1 -1 -1 0 -1 
-1 -1 -1 -1 -1 -1 -1 -1 -1 -1 1 -1 -1 0 -1 
-1 -1 -1 -1 -1 -1 -1 -1 -1 -1 -1 -1 -1 0 -1 
-1 -1 -1 -1 -1 -1 -1 -1 -1 -1 -1 -1 -1 0 -1 
-1 -1 -1 -1 -1 -1 -1 -1 -1 -1 -1 -1 -1 0 -1 
-1 -1 -1 -1 -1 -1 -1 -1 -1 -1 -1 -1 -1 0 -1 
END
15 1
14 12
4 9
-1 -1 -1 -1 -1 -1 -1 -1 -1 1 1 -1 -1 0 -1 
-1 -1 -1 -1 -1 -1 -1 -1 -1 1 1 -1 -1 0 -1 
-1 -1 -1 -1 -1 -1 -1 -1 -1 1 1 -1 -1 0 -1 
-1 -1 -1 -1 -1 -1 -1 -1 -1 1 1 -1 -1 0 -1 
-1 -1 -1 -1 -1 -1 -1 -1 -1 1 1 -1 -1 0 -1 
-1 -1 -1 -1 -1 -1 -1 -1 -1 -1 1 -1 -1 0 -1 
-1 -1 -1 -1 -1 -1 -1 -1 -1 -1 1 -1 -1 0 -1 
-1 -1 -1 -1 -1 -1 -1 -1 -1 -1 1 -1 -1 0 -1 
-1 -1 -1 -1 -1 -1 -1 -1 -1 -1 1 -1 -1 0 -1 
-1 -1 -1 -1 -1 -1 -1 -1 -1 -1 1 -1 -1 0 -1 
-1 -1 -1 -1 -1 -1 -1 -1 -1 -1 1 -1 -1 0 -1 
-1 -1 -1 -1 -1 -1 -1 -1 -1 -1 -1 -1 -1 0 -1 
-1 -1 -1 -1 -1 -1 -1 -1 -1 -1 -1 -1 -1 0 -1 
-1 -1 -1 -1 -1 -1 -1 -1 -1 -1 -1 -1 -1 0 -1 
-1 -1 -1 -1 -1 -1 -1 -1 -1 -1 -1 -1 0 0 -1 
END
15 1
13 12
5 9
-1 -1 -1 -1 -1 -1 -1 -1 -1 1 1 -1 -1 0 -1 
-1 -1 -1 -1 -1 -1 -1 -1 -1 1 1 -1 -1 0 -1 
-1 -1 -1 -1 -1 -1 -1 -1 -1 1 1 -1 -1 0 -1 
-1 -1 -1 -1 -1 -1 -1 -1 -1 1 1 -1 -1 0 -1 
-1 -1 -1 -1 -1 -1 -1 -1 -1 1 1 -1 -1 0 -1 
-1 -1 -1 -1 -1 -1 -1 -1 -1 1 1 -1 -1 0 -1 
-1 -1 -1 -1 -1 -1 -1 -1 -1 -1 1 -1 -1 0 -1 
-1 -1 -1 -1 -1 -1 -1 -1 -1 -1 1 -1 -1 0 -1 
-1 -1 -1 -1 -1 -1 -1 -1 -1 -1 1 -1 -1 0 -1 
-1 -1 -1 -1 -1 -1 -1 -1 -1 -1 1 -1 -1 0 -1 
-1 -1 -1 -1 -1 -1 -1 -1 -1 -1 1 -1 -1 0 -1 
-1 -1 -1 -1 -1 -1 -1 -1 -1 -1 -1 -1 -1 0 -1 
-1 -1 -1 -1 -1 -1 -1 -1 -1 -1 -1 -1 -1 0 -1 
-1 -1 -1 -1 -1 -1 -1 -1 -1 -1 -1 -1 0 0 -1 
-1 -1 -1 -1 -1 -1 -1 -1 -1 -1 -1 -1 0 0 -1 
END
15 1
12 12
6 9
-1 -1 -1 -1 -1 -1 -1 -1 -1 1 1 -1 -1 0 -1 
-1 -1 -1 -1 -1 -1 -1 -1 -1 1 1 -1 -1 0 -1 
-1 -1 -1 -1 -1 -1 -1 -1 -1 1 1 -1 -1 0 -1 
-1 -1 -1 -1 -1 -1 -1 -1 -1 1 1 -1 -1 0 -1 
-1 -1 -1 -1 -1 -1 -1 -1 -1 1 1 -1 -1 0 -1 
-1 -1 -1 -1 -1 -1 -1 -1 -1 1 1 -1 -1 0 -1 
-1 -1 -1 -1 -1 -1 -1 -1 -1 1 1 -1 -1 0 -1 
-1 -1 -1 -1 -1 -1 -1 -1 -1 -1 1 -1 -1 0 -1 
-1 -1 -1 -1 -1 -1 -1 -1 -1 -1 1 -1 -1 0 -1 
-1 -1 -1 -1 -1 -1 -1 -1 -1 -1 1 -1 -1 0 -1 
-1 -1 -1 -1 -1 -1 -1 -1 -1 -1 1 -1 -1 0 -1 
-1 -1 -1 -1 -1 -1 -1 -1 -1 -1 -1 -1 -1 0 -1 
-1 -1 -1 -1 -1 -1 -1 -1 -1 -1 -1 -1 0 0 -1 
-1 -1 -1 -1 -1 -1 -1 -1 -1 -1 -1 -1 0 0 -1 
-1 -1 -1 -1 -1 -1 -1 -1 -1 -1 -1 -1 0 0 -1 
END
15 1
11 12
7 9
-1 -1 -1 -1 -1 -1 -1 -1 -1 1 1 -1 -1 0 -1 
-1 -1 -1 -1 -1 -1 -1 -1 -1 1 1 -1 -1 0 -1 
-1 -1 -1 -1 -1 -1 -1 -1 -1 1 1 -1 -1 0 -1 
-1 -1 -1 -1 -1 -1 -1 -1 -1 1 1 -1 -1 0 -1 
-1 -1 -1 -1 -1 -1 -1 -1 -1 1 1 -1 -1 0 -1 
-1 -1 -1 -1 -1 -1 -1 -1 -1 1 1 -1 -1 0 -1 
-1 -1 -1 -1 -1 -1 -1 -1 -1 1 1 -1 -1 0 -1 
-1 -1 -1 -1 -1 -1 -1 -1 -1 1 1 -1 -1 0 -1 
-1 -1 -1 -1 -1 -1 -1 -1 -1 -1 1 -1 -1 0 -1 
-1 -1 -1 -1 -1 -1 -1 -1 -1 -1 1 -1 -1 0 -1 
-1 -1 -1 -1 -1 -1 -1 -1 -1 -1 1 -1 -1 0 -1 
-1 -1 -1 -1 -1 -1 -1 -1 -1 -1 -1 -1 0 0 -1 
-1 -1 -1 -1 -1 -1 -1 -1 -1 -1 -1 -1 0 0 -1 
-1 -1 -1 -1 -1 -1 -1 -1 -1 -1 -1 -1 0 0 -1 
-1 -1 -1 -1 -1 -1 -1 -1 -1 -1 -1 -1 0 0 -1 
END
15 1
10 12
8 9
-1 -1 -1 -1 -1 -1 -1 -1 -1 1 1 -1 -1 0 -1 
-1 -1 -1 -1 -1 -1 -1 -1 -1 1 1 -1 -1 0 -1 
-1 -1 -1 -1 -1 -1 -1 -1 -1 1 1 -1 -1 0 -1 
-1 -1 -1 -1 -1 -1 -1 -1 -1 1 1 -1 -1 0 -1 
-1 -1 -1 -1 -1 -1 -1 -1 -1 1 1 -1 -1 0 -1 
-1 -1 -1 -1 -1 -1 -1 -1 -1 1 1 -1 -1 0 -1 
-1 -1 -1 -1 -1 -1 -1 -1 -1 1 1 -1 -1 0 -1 
-1 -1 -1 -1 -1 -1 -1 -1 -1 1 1 -1 -1 0 -1 
-1 -1 -1 -1 -1 -1 -1 -1 -1 1 1 -1 -1 0 -1 
-1 -1 -1 -1 -1 -1 -1 -1 -1 -1 1 -1 -1 0 -1 
-1 -1 -1 -1 -1 -1 -1 -1 -1 -1 1 -1 0 0 -1 
-1 -1 -1 -1 -1 -1 -1 -1 -1 -1 -1 -1 0 0 -1 
-1 -1 -1 -1 -1 -1 -1 -1 -1 -1 -1 -1 0 0 -1 
-1 -1 -1 -1 -1 -1 -1 -1 -1 -1 -1 -1 0 0 -1 
-1 -1 -1 -1 -1 -1 -1 -1 -1 -1 -1 -1 0 0 -1 
END
15 1
9 12
9 9
-1 -1 -1 -1 -1 -1 -1 -1 -1 1 1 -1 -1 0 -1 
-1 -1 -1 -1 -1 -1 -1 -1 -1 1 1 -1 -1 0 -1 
-1 -1 -1 -1 -1 -1 -1 -1 -1 1 1 -1 -1 0 -1 
-1 -1 -1 -1 -1 -1 -1 -1 -1 1 1 -1 -1 0 -1 
-1 -1 -1 -1 -1 -1 -1 -1 -1 1 1 -1 -1 0 -1 
-1 -1 -1 -1 -1 -1 -1 -1 -1 1 1 -1 -1 0 -1 
-1 -1 -1 -1 -1 -1 -1 -1 -1 1 1 -1 -1 0 -1 
-1 -1 -1 -1 -1 -1 -1 -1 -1 1 1 -1 -1 0 -1 
-1 -1 -1 -1 -1 -1 -1 -1 -1 1 1 -1 -1 0 -1 
-1 -1 -1 -1 -1 -1 -1 -1 -1 1 1 -1 0 0 -1 
-1 -1 -1 -1 -1 -1 -1 -1 -1 -1 1 -1 0 0 -1 
-1 -1 -1 -1 -1 -1 -1 -1 -1 -1 -1 -1 0 0 -1 
-1 -1 -1 -1 -1 -1 -1 -1 -1 -1 -1 -1 0 0 -1 
-1 -1 -1 -1 -1 -1 -1 -1 -1 -1 -1 -1 0 0 -1 
-1 -1 -1 -1 -1 -1 -1 -1 -1 -1 -1 -1 0 0 -1 
END
15 1
8 12
10 9
-1 -1 -1 -1 -1 -1 -1 -1 -1 1 1 -1 -1 0 -1 
-1 -1 -1 -1 -1 -1 -1 -1 -1 1 1 -1 -1 0 -1 
-1 -1 -1 -1 -1 -1 -1 -1 -1 1 1 -1 -1 0 -1 
-1 -1 -1 -1 -1 -1 -1 -1 -1 1 1 -1 -1 0 -1 
-1 -1 -1 -1 -1 -1 -1 -1 -1 1 1 -1 -1 0 -1 
-1 -1 -1 -1 -1 -1 -1 -1 -1 1 1 -1 -1 0 -1 
-1 -1 -1 -1 -1 -1 -1 -1 -1 1 1 -1 -1 0 -1 
-1 -1 -1 -1 -1 -1 -1 -1 -1 1 1 -1 -1 0 -1 
-1 -1 -1 -1 -1 -1 -1 -1 -1 1 1 -1 0 0 -1 
-1 -1 -1 -1 -1 -1 -1 -1 -1 1 1 -1 0 0 -1 
-1 -1 -1 -1 -1 -1 -1 -1 -1 1 1 -1 0 0 -1 
-1 -1 -1 -1 -1 -1 -1 -1 -1 -1 -1 -1 0 0 -1 
-1 -1 -1 -1 -1 -1 -1 -1 -1 -1 -1 -1 0 0 -1 
-1 -1 -1 -1 -1 -1 -1 -1 -1 -1 -1 -1 0 0 -1 
-1 -1 -1 -1 -1 -1 -1 -1 -1 -1 -1 -1 0 0 -1 
END
15 1
7 12
11 9
-1 -1 -1 -1 -1 -1 -1 -1 -1 1 1 -1 -1 0 -1 
-1 -1 -1 -1 -1 -1 -1 -1 -1 1 1 -1 -1 0 -1 
-1 -1 -1 -1 -1 -1 -1 -1 -1 1 1 -1 -1 0 -1 
-1 -1 -1 -1 -1 -1 -1 -1 -1 1 1 -1 -1 0 -1 
-1 -1 -1 -1 -1 -1 -1 -1 -1 1 1 -1 -1 0 -1 
-1 -1 -1 -1 -1 -1 -1 -1 -1 1 1 -1 -1 0 -1 
-1 -1 -1 -1 -1 -1 -1 -1 -1 1 1 -1 -1 0 -1 
-1 -1 -1 -1 -1 -1 -1 -1 -1 1 1 -1 0 0 -1 
-1 -1 -1 -1 -1 -1 -1 -1 -1 1 1 -1 0 0 -1 
-1 -1 -1 -1 -1 -1 -1 -1 -1 1 1 -1 0 0 -1 
-1 -1 -1 -1 -1 -1 -1 -1 -1 1 1 -1 0 0 -1 
-1 -1 -1 -1 -1 -1 -1 -1 -1 1 -1 -1 0 0 -1 
-1 -1 -1 -1 -1 -1 -1 -1 -1 -1 -1 -1 0 0 -1 
-1 -1 -1 -1 -1 -1 -1 -1 -1 -1 -1 -1 0 0 -1 
-1 -1 -1 -1 -1 -1 -1 -1 -1 -1 -1 -1 0 0 -1 
END
15 1
6 12
12 9
-1 -1 -1 -1 -1 -1 -1 -1 -1 1 1 -1 -1 0 -1 
-1 -1 -1 -1 -1 -1 -1 -1 -1 1 1 -1 -1 0 -1 
-1 -1 -1 -1 -1 -1 -1 -1 -1 1 1 -1 -1 0 -1 
-1 -1 -1 -1 -1 -1 -1 -1 -1 1 1 -1 -1 0 -1 
-1 -1 -1 -1 -1 -1 -1 -1 -1 1 1 -1 -1 0 -1 
-1 -1 -1 -1 -1 -1 -1 -1 -1 1 1 -1 -1 0 -1 
-1 -1 -1 -1 -1 -1 -1 -1 -1 1 1 -1 0 0 -1 
-1 -1 -1 -1 -1 -1 -1 -1 -1 1 1 -1 0 0 -1 
-1 -1 -1 -1 -1 -1 -1 -1 -1 1 1 -1 0 0 -1 
-1 -1 -1 -1 -1 -1 -1 -1 -1 1 1 -1 0 0 -1 
-1 -1 -1 -1 -1 -1 -1 -1 -1 1 1 -1 0 0 -1 
-1 -1 -1 -1 -1 -1 -1 -1 -1 1 -1 -1 0 0 -1 
-1 -1 -1 -1 -1 -1 -1 -1 -1 1 -1 -1 0 0 -1 
-1 -1 -1 -1 -1 -1 -1 -1 -1 -1 -1 -1 0 0 -1 
-1 -1 -1 -1 -1 -1 -1 -1 -1 -1 -1 -1 0 0 -1 
END
15 1
5 12
13 9
-1 -1 -1 -1 -1 -1 -1 -1 -1 1 1 -1 -1 0 -1 
-1 -1 -1 -1 -1 -1 -1 -1 -1 1 1 -1 -1 0 -1 
-1 -1 -1 -1 -1 -1 -1 -1 -1 1 1 -1 -1 0 -1 
-1 -1 -1 -1 -1 -1 -1 -1 -1 1 1 -1 -1 0 -1 
-1 -1 -1 -1 -1 -1 -1 -1 -1 1 1 -1 -1 0 -1 
-1 -1 -1 -1 -1 -1 -1 -1 -1 1 1 -1 0 0 -1 
-1 -1 -1 -1 -1 -1 -1 -1 -1 1 1 -1 0 0 -1 
-1 -1 -1 -1 -1 -1 -1 -1 -1 1 1 -1 0 0 -1 
-1 -1 -1 -1 -1 -1 -1 -1 -1 1 1 -1 0 0 -1 
-1 -1 -1 -1 -1 -1 -1 -1 -1 1 1 -1 0 0 -1 
-1 -1 -1 -1 -1 -1 -1 -1 -1 1 1 -1 0 0 -1 
-1 -1 -1 -1 -1 -1 -1 -1 -1 1 -1 -1 0 0 -1 
-1 -1 -1 -1 -1 -1 -1 -1 -1 1 -1 -1 0 0 -1 
-1 -1 -1 -1 -1 -1 -1 -1 -1 1 -1 -1 0 0 -1 
-1 -1 -1 -1 -1 -1 -1 -1 -1 -1 -1 -1 0 0 -1 
END
15 1
4 12
14 9
-1 -1 -1 -1 -1 -1 -1 -1 -1 1 1 -1 -1 0 -1 
-1 -1 -1 -1 -1 -1 -1 -1 -1 1 1 -1 -1 0 -1 
-1 -1 -1 -1 -1 -1 -1 -1 -1 1 1 -1 -1 0 -1 
-1 -1 -1 -1 -1 -1 -1 -1 -1 1 1 -1 -1 0 -1 
-1 -1 -1 -1 -1 -1 -1 -1 -1 1 1 -1 0 0 -1 
-1 -1 -1 -1 -1 -1 -1 -1 -1 1 1 -1 0 0 -1 
-1 -1 -1 -1 -1 -1 -1 -1 -1 1 1 -1 0 0 -1 
-1 -1 -1 -1 -1 -1 -1 -1 -1 1 1 -1 0 0 -1 
-1 -1 -1 -1 -1 -1 -1 -1 -1 1 1 -1 0 0 -1 
-1 -1 -1 -1 -1 -1 -1 -1 -1 1 1 -1 0 0 -1 
-1 -1 -1 -1 -1 -1 -1 -1 -1 1 1 -1 0 0 -1 
-1 -1 -1 -1 -1 -1 -1 -1 -1 1 -1 -1 0 0 -1 
-1 -1 -1 -1 -1 -1 -1 -1 -1 1 -1 -1 0 0 -1 
-1 -1 -1 -1 -1 -1 -1 -1 -1 1 -1 -1 0 0 -1 
-1 -1 -1 -1 -1 -1 -1 -1 -1 1 -1 -1 0 0 -1 
END
15 1
3 12
14 8
-1 -1 -1 -1 -1 -1 -1 -1 -1 1 1 -1 -1 0 -1 
-1 -1 -1 -1 -1 -1 -1 -1 -1 1 1 -1 -1 0 -1 
-1 -1 -1 -1 -1 -1 -1 -1 -1 1 1 -1 -1 0 -1 
-1 -1 -1 -1 -1 -1 -1 -1 -1 1 1 -1 0 0 -1 
-1 -1 -1 -1 -1 -1 -1 -1 -1 1 1 -1 0 0 -1 
-1 -1 -1 -1 -1 -1 -1 -1 -1 1 1 -1 0 0 -1 
-1 -1 -1 -1 -1 -1 -1 -1 -1 1 1 -1 0 0 -1 
-1 -1 -1 -1 -1 -1 -1 -1 -1 1 1 -1 0 0 -1 
-1 -1 -1 -1 -1 -1 -1 -1 -1 1 1 -1 0 0 -1 
-1 -1 -1 -1 -1 -1 -1 -1 -1 1 1 -1 0 0 -1 
-1 -1 -1 -1 -1 -1 -1 -1 -1 1 1 -1 0 0 -1 
-1 -1 -1 -1 -1 -1 -1 -1 -1 1 -1 -1 0 0 -1 
-1 -1 -1 -1 -1 -1 -1 -1 -1 1 -1 -1 0 0 -1 
-1 -1 -1 -1 -1 -1 -1 -1 -1 1 -1 -1 0 0 -1 
-1 -1 -1 -1 -1 -1 -1 -1 1 1 -1 -1 0 0 -1 
END
15 1
2 12
13 8
-1 -1 -1 -1 -1 -1 -1 -1 -1 1 1 -1 -1 0 -1 
-1 -1 -1 -1 -1 -1 -1 -1 -1 1 1 -1 -1 0 -1 
-1 -1 -1 -1 -1 -1 -1 -1 -1 1 1 -1 0 0 -1 
-1 -1 -1 -1 -1 -1 -1 -1 -1 1 1 -1 0 0 -1 
-1 -1 -1 -1 -1 -1 -1 -1 -1 1 1 -1 0 0 -1 
-1 -1 -1 -1 -1 -1 -1 -1 -1 1 1 -1 0 0 -1 
-1 -1 -1 -1 -1 -1 -1 -1 -1 1 1 -1 0 0 -1 
-1 -1 -1 -1 -1 -1 -1 -1 -1 1 1 -1 0 0 -1 
-1 -1 -1 -1 -1 -1 -1 -1 -1 1 1 -1 0 0 -1 
-1 -1 -1 -1 -1 -1 -1 -1 -1 1 1 -1 0 0 -1 
-1 -1 -1 -1 -1 -1 -1 -1 -1 1 1 -1 0 0 -1 
-1 -1 -1 -1 -1 -1 -1 -1 -1 1 -1 -1 0 0 -1 
-1 -1 -1 -1 -1 -1 -1 -1 -1 1 -1 -1 0 0 -1 
-1 -1 -1 -1 -1 -1 -1 -1 1 1 -1 -1 0 0 -1 
-1 -1 -1 -1 -1 -1 -1 -1 1 1 -1 -1 0 0 -1 
END
15 1
1 12
12 8
-1 -1 -1 -1 -1 -1 -1 -1 -1 1 1 -1 -1 0 -1 
-1 -1 -1 -1 -1 -1 -1 -1 -1 1 1 -1 0 0 -1 
-1 -1 -1 -1 -1 -1 -1 -1 -1 1 1 -1 0 0 -1 
-1 -1 -1 -1 -1 -1 -1 -1 -1 1 1 -1 0 0 -1 
-1 -1 -1 -1 -1 -1 -1 -1 -1 1 1 -1 0 0 -1 
-1 -1 -1 -1 -1 -1 -1 -1 -1 1 1 -1 0 0 -1 
-1 -1 -1 -1 -1 -1 -1 -1 -1 1 1 -1 0 0 -1 
-1 -1 -1 -1 -1 -1 -1 -1 -1 1 1 -1 0 0 -1 
-1 -1 -1 -1 -1 -1 -1 -1 -1 1 1 -1 0 0 -1 
-1 -1 -1 -1 -1 -1 -1 -1 -1 1 1 -1 0 0 -1 
-1 -1 -1 -1 -1 -1 -1 -1 -1 1 1 -1 0 0 -1 
-1 -1 -1 -1 -1 -1 -1 -1 -1 1 -1 -1 0 0 -1 
-1 -1 -1 -1 -1 -1 -1 -1 1 1 -1 -1 0 0 -1 
-1 -1 -1 -1 -1 -1 -1 -1 1 1 -1 -1 0 0 -1 
-1 -1 -1 -1 -1 -1 -1 -1 1 1 -1 -1 0 0 -1 
END
15 1
0 12
11 8
-1 -1 -1 -1 -1 -1 -1 -1 -1 1 1 -1 0 0 -1 
-1 -1 -1 -1 -1 -1 -1 -1 -1 1 1 -1 0 0 -1 
-1 -1 -1 -1 -1 -1 -1 -1 -1 1 1 -1 0 0 -1 
-1 -1 -1 -1 -1 -1 -1 -1 -1 1 1 -1 0 0 -1 
-1 -1 -1 -1 -1 -1 -1 -1 -1 1 1 -1 0 0 -1 
-1 -1 -1 -1 -1 -1 -1 -1 -1 1 1 -1 0 0 -1 
-1 -1 -1 -1 -1 -1 -1 -1 -1 1 1 -1 0 0 -1 
-1 -1 -1 -1 -1 -1 -1 -1 -1 1 1 -1 0 0 -1 
-1 -1 -1 -1 -1 -1 -1 -1 -1 1 1 -1 0 0 -1 
-1 -1 -1 -1 -1 -1 -1 -1 -1 1 1 -1 0 0 -1 
-1 -1 -1 -1 -1 -1 -1 -1 -1 1 1 -1 0 0 -1 
-1 -1 -1 -1 -1 -1 -1 -1 1 1 -1 -1 0 0 -1 
-1 -1 -1 -1 -1 -1 -1 -1 1 1 -1 -1 0 0 -1 
-1 -1 -1 -1 -1 -1 -1 -1 1 1 -1 -1 0 0 -1 
-1 -1 -1 -1 -1 -1 -1 -1 1 1 -1 -1 0 0 -1 
END
15 1
0 11
10 8
-1 -1 -1 -1 -1 -1 -1 -1 -1 1 1 0 0 0 -1 
-1 -1 -1 -1 -1 -1 -1 -1 -1 1 1 -1 0 0 -1 
-1 -1 -1 -1 -1 -1 -1 -1 -1 1 1 -1 0 0 -1 
-1 -1 -1 -1 -1 -1 -1 -1 -1 1 1 -1 0 0 -1 
-1 -1 -1 -1 -1 -1 -1 -1 -1 1 1 -1 0 0 -1 
-1 -1 -1 -1 -1 -1 -1 -1 -1 1 1 -1 0 0 -1 
-1 -1 -1 -1 -1 -1 -1 -1 -1 1 1 -1 0 0 -1 
-1 -1 -1 -1 -1 -1 -1 -1 -1 1 1 -1 0 0 -1 
-1 -1 -1 -1 -1 -1 -1 -1 -1 1 1 -1 0 0 -1 
-1 -1 -1 -1 -1 -1 -1 -1 -1 1 1 -1 0 0 -1 
-1 -1 -1 -1 -1 -1 -1 -1 1 1 1 -1 0 0 -1 
-1 -1 -1 -1 -1 -1 -1 -1 1 1 -1 -1 0 0 -1 
-1 -1 -1 -1 -1 -1 -1 -1 1 1 -1 -1 0 0 -1 
-1 -1 -1 -1 -1 -1 -1 -1 1 1 -1 -1 0 0 -1 
-1 -1 -1 -1 -1 -1 -1 -1 1 1 -1 -1 0 0 -1 
END
15 1
1 11
9 8
-1 -1 -1 -1 -1 -1 -1 -1 -1 1 1 0 0 0 -1 
-1 -1 -1 -1 -1 -1 -1 -1 -1 1 1 0 0 0 -1 
-1 -1 -1 -1 -1 -1 -1 -1 -1 1 1 -1 0 0 -1 
-1 -1 -1 -1 -1 -1 -1 -1 -1 1 1 -1 0 0 -1 
-1 -1 -1 -1 -1 -1 -1 -1 -1 1 1 -1 0 0 -1 
-1 -1 -1 -1 -1 -1 -1 -1 -1 1 1 -1 0 0 -1 
-1 -1 -1 -1 -1 -1 -1 -1 -1 1 1 -1 0 0 -1 
-1 -1 -1 -1 -1 -1 -1 -1 -1 1 1 -1 0 0 -1 
-1 -1 -1 -1 -1 -1 -1 -1 -1 1 1 -1 0 0 -1 
-1 -1 -1 -1 -1 -1 -1 -1 1 1 1 -1 0 0 -1 
-1 -1 -1 -1 -1 -1 -1 -1 1 1 1 -1 0 0 -1 
-1 -1 -1 -1 -1 -1 -1 -1 1 1 -1 -1 0 0 -1 
-1 -1 -1 -1 -1 -1 -1 -1 1 1 -1 -1 0 0 -1 
-1 -1 -1 -1 -1 -1 -1 -1 1 1 -1 -1 0 0 -1 
-1 -1 -1 -1 -1 -1 -1 -1 1 1 -1 -1 0 0 -1 
END
15 1
2 11
8 8
-1 -1 -1 -1 -1 -1 -1 -1 -1 1 1 0 0 0 -1 
-1 -1 -1 -1 -1 -1 -1 -1 -1 1 1 0 0 0 -1 
-1 -1 -1 -1 -1 -1 -1 -1 -1 1 1 0 0 0 -1 
-1 -1 -1 -1 -1 -1 -1 -1 -1 1 1 -1 0 0 -1 
-1 -1 -1 -1 -1 -1 -1 -1 -1 1 1 -1 0 0 -1 
-1 -1 -1 -1 -1 -1 -1 -1 -1 1 1 -1 0 0 -1 
-1 -1 -1 -1 -1 -1 -1 -1 -1 1 1 -1 0 0 -1 
-1 -1 -1 -1 -1 -1 -1 -1 -1 1 1 -1 0 0 -1 
-1 -1 -1 -1 -1 -1 -1 -1 1 1 1 -1 0 0 -1 
-1 -1 -1 -1 -1 -1 -1 -1 1 1 1 -1 0 0 -1 
-1 -1 -1 -1 -1 -1 -1 -1 1 1 1 -1 0 0 -1 
-1 -1 -1 -1 -1 -1 -1 -1 1 1 -1 -1 0 0 -1 
-1 -1 -1 -1 -1 -1 -1 -1 1 1 -1 -1 0 0 -1 
-1 -1 -1 -1 -1 -1 -1 -1 1 1 -1 -1 0 0 -1 
-1 -1 -1 -1 -1 -1 -1 -1 1 1 -1 -1 0 0 -1 
END
15 1
3 11
7 8
-1 -1 -1 -1 -1 -1 -1 -1 -1 1 1 0 0 0 -1 
-1 -1 -1 -1 -1 -1 -1 -1 -1 1 1 0 0 0 -1 
-1 -1 -1 -1 -1 -1 -1 -1 -1 1 1 0 0 0 -1 
-1 -1 -1 -1 -1 -1 -1 -1 -1 1 1 0 0 0 -1 
-1 -1 -1 -1 -1 -1 -1 -1 -1 1 1 -1 0 0 -1 
-1 -1 -1 -1 -1 -1 -1 -1 -1 1 1 -1 0 0 -1 
-1 -1 -1 -1 -1 -1 -1 -1 -1 1 1 -1 0 0 -1 
-1 -1 -1 -1 -1 -1 -1 -1 1 1 1 -1 0 0 -1 
-1 -1 -1 -1 -1 -1 -1 -1 1 1 1 -1 0 0 -1 
-1 -1 -1 -1 -1 -1 -1 -1 1 1 1 -1 0 0 -1 
-1 -1 -1 -1 -1 -1 -1 -1 1 1 1 -1 0 0 -1 
-1 -1 -1 -1 -1 -1 -1 -1 1 1 -1 -1 0 0 -1 
-1 -1 -1 -1 -1 -1 -1 -1 1 1 -1 -1 0 0 -1 
-1 -1 -1 -1 -1 -1 -1 -1 1 1 -1 -1 0 0 -1 
-1 -1 -1 -1 -1 -1 -1 -1 1 1 -1 -1 0 0 -1 
END
15 1
4 11
6 8
-1 -1 -1 -1 -1 -1 -1 -1 -1 1 1 0 0 0 -1 
-1 -1 -1 -1 -1 -1 -1 -1 -1 1 1 0 0 0 -1 
-1 -1 -1 -1 -1 -1 -1 -1 -1 1 1 0 0 0 -1 
-1 -1 -1 -1 -1 -1 -1 -1 -1 1 1 0 0 0 -1 
-1 -1 -1 -1 -1 -1 -1 -1 -1 1 1 0 0 0 -1 
-1 -1 -1 -1 -1 -1 -1 -1 -1 1 1 -1 0 0 -1 
-1 -1 -1 -1 -1 -1 -1 -1 1 1 1 -1 0 0 -1 
-1 -1 -1 -1 -1 -1 -1 -1 1 1 1 -1 0 0 -1 
-1 -1 -1 -1 -1 -1 -1 -1 1 1 1 -1 0 0 -1 
-1 -1 -1 -1 -1 -1 -1 -1 1 1 1 -1 0 0 -1 
-1 -1 -1 -1 -1 -1 -1 -1 1 1 1 -1 0 0 -1 
-1 -1 -1 -1 -1 -1 -1 -1 1 1 -1 -1 0 0 -1 
-1 -1 -1 -1 -1 -1 -1 -1 1 1 -1 -1 0 0 -1 
-1 -1 -1 -1 -1 -1 -1 -1 1 1 -1 -1 0 0 -1 
-1 -1 -1 -1 -1 -1 -1 -1 1 1 -1 -1 0 0 -1 
END
15 1
5 11
5 8
-1 -1 -1 -1 -1 -1 -1 -1 -1 1 1 0 0 0 -1 
-1 -1 -1 -1 -1 -1 -1 -1 -1 1 1 0 0 0 -1 
-1 -1 -1 -1 -1 -1 -1 -1 -1 1 1 0 0 0 -1 
-1 -1 -1 -1 -1 -1 -1 -1 -1 1 1 0 0 0 -1 
-1 -1 -1 -1 -1 -1 -1 -1 -1 1 1 0 0 0 -1 
-1 -1 -1 -1 -1 -1 -1 -1 1 1 1 0 0 0 -1 
-1 -1 -1 -1 -1 -1 -1 -1 1 1 1 -1 0 0 -1 
-1 -1 -1 -1 -1 -1 -1 -1 1 1 1 -1 0 0 -1 
-1 -1 -1 -1 -1 -1 -1 -1 1 1 1 -1 0 0 -1 
-1 -1 -1 -1 -1 -1 -1 -1 1 1 1 -1 0 0 -1 
-1 -1 -1 -1 -1 -1 -1 -1 1 1 1 -1 0 0 -1 
-1 -1 -1 -1 -1 -1 -1 -1 1 1 -1 -1 0 0 -1 
-1 -1 -1 -1 -1 -1 -1 -1 1 1 -1 -1 0 0 -1 
-1 -1 -1 -1 -1 -1 -1 -1 1 1 -1 -1 0 0 -1 
-1 -1 -1 -1 -1 -1 -1 -1 1 1 -1 -1 0 0 -1 
END
15 1
6 11
4 8
-1 -1 -1 -1 -1 -1 -1 -1 -1 1 1 0 0 0 -1 
-1 -1 -1 -1 -1 -1 -1 -1 -1 1 1 0 0 0 -1 
-1 -1 -1 -1 -1 -1 -1 -1 -1 1 1 0 0 0 -1 
-1 -1 -1 -1 -1 -1 -1 -1 -1 1 1 0 0 0 -1 
-1 -1 -1 -1 -1 -1 -1 -1 1 1 1 0 0 0 -1 
-1 -1 -1 -1 -1 -1 -1 -1 1 1 1 0 0 0 -1 
-1 -1 -1 -1 -1 -1 -1 -1 1 1 1 0 0 0 -1 
-1 -1 -1 -1 -1 -1 -1 -1 1 1 1 -1 0 0 -1 
-1 -1 -1 -1 -1 -1 -1 -1 1 1 1 -1 0 0 -1 
-1 -1 -1 -1 -1 -1 -1 -1 1 1 1 -1 0 0 -1 
-1 -1 -1 -1 -1 -1 -1 -1 1 1 1 -1 0 0 -1 
-1 -1 -1 -1 -1 -1 -1 -1 1 1 -1 -1 0 0 -1 
-1 -1 -1 -1 -1 -1 -1 -1 1 1 -1 -1 0 0 -1 
-1 -1 -1 -1 -1 -1 -1 -1 1 1 -1 -1 0 0 -1 
-1 -1 -1 -1 -1 -1 -1 -1 1 1 -1 -1 0 0 -1 
END
15 1
7 11
3 8
-1 -1 -1 -1 -1 -1 -1 -1 -1 1 1 0 0 0 -1 
-1 -1 -1 -1 -1 -1 -1 -1 -1 1 1 0 0 0 -1 
-1 -1 -1 -1 -1 -1 -1 -1 -1 1 1 0 0 0 -1 
-1 -1 -1 -1 -1 -1 -1 -1 1 1 1 0 0 0 -1 
-1 -1 -1 -1 -1 -1 -1 -1 1 1 1 0 0 0 -1 
-1 -1 -1 -1 -1 -1 -1 -1 1 1 1 0 0 0 -1 
-1 -1 -1 -1 -1 -1 -1 -1 1 1 1 0 0 0 -1 
-1 -1 -1 -1 -1 -1 -1 -1 1 1 1 0 0 0 -1 
-1 -1 -1 -1 -1 -1 -1 -1 1 1 1 -1 0 0 -1 
-1 -1 -1 -1 -1 -1 -1 -1 1 1 1 -1 0 0 -1 
-1 -1 -1 -1 -1 -1 -1 -1 1 1 1 -1 0 0 -1 
-1 -1 -1 -1 -1 -1 -1 -1 1 1 -1 -1 0 0 -1 
-1 -1 -1 -1 -1 -1 -1 -1 1 1 -1 -1 0 0 -1 
-1 -1 -1 -1 -1 -1 -1 -1 1 1 -1 -1 0 0 -1 
-1 -1 -1 -1 -1 -1 -1 -1 1 1 -1 -1 0 0 -1 
END
15 1
8 11
2 8
-1 -1 -1 -1 -1 -1 -1 -1 -1 1 1 0 0 0 -1 
-1 -1 -1 -1 -1 -1 -1 -1 -1 1 1 0 0 0 -1 
-1 -1 -1 -1 -1 -1 -1 -1 1 1 1 0 0 0 -1 
-1 -1 -1 -1 -1 -1 -1 -1 1 1 1 0 0 0 -1 
-1 -1 -1 -1 -1 -1 -1 -1 1 1 1 0 0 0 -1 
-1 -1 -1 -1 -1 -1 -1 -1 1 1 1 0 0 0 -1 
-1 -1 -1 -1 -1 -1 -1 -1 1 1 1 0 0 0 -1 
-1 -1 -1 -1 -1 -1 -1 -1 1 1 1 0 0 0 -1 
-1 -1 -1 -1 -1 -1 -1 -1 1 1 1 0 0 0 -1 
-1 -1 -1 -1 -1 -1 -1 -1 1 1 1 -1 0 0 -1 
-1 -1 -1 -1 -1 -1 -1 -1 1 1 1 -1 0 0 -1 
-1 -1 -1 -1 -1 -1 -1 -1 1 1 -1 -1 0 0 -1 
-1 -1 -1 -1 -1 -1 -1 -1 1 1 -1 -1 0 0 -1 
-1 -1 -1 -1 -1 -1 -1 -1 1 1 -1 -1 0 0 -1 
-1 -1 -1 -1 -1 -1 -1 -1 1 1 -1 -1 0 0 -1 
END
15 1
9 11
1 8
-1 -1 -1 -1 -1 -1 -1 -1 -1 1 1 0 0 0 -1 
-1 -1 -1 -1 -1 -1 -1 -1 1 1 1 0 0 0 -1 
-1 -1 -1 -1 -1 -1 -1 -1 1 1 1 0 0 0 -1 
-1 -1 -1 -1 -1 -1 -1 -1 1 1 1 0 0 0 -1 
-1 -1 -1 -1 -1 -1 -1 -1 1 1 1 0 0 0 -1 
-1 -1 -1 -1 -1 -1 -1 -1 1 1 1 0 0 0 -1 
-1 -1 -1 -1 -1 -1 -1 -1 1 1 1 0 0 0 -1 
-1 -1 -1 -1 -1 -1 -1 -1 1 1 1 0 0 0 -1 
-1 -1 -1 -1 -1 -1 -1 -1 1 1 1 0 0 0 -1 
-1 -1 -1 -1 -1 -1 -1 -1 1 1 1 0 0 0 -1 
-1 -1 -1 -1 -1 -1 -1 -1 1 1 1 -1 0 0 -1 
-1 -1 -1 -1 -1 -1 -1 -1 1 1 -1 -1 0 0 -1 
-1 -1 -1 -1 -1 -1 -1 -1 1 1 -1 -1 0 0 -1 
-1 -1 -1 -1 -1 -1 -1 -1 1 1 -1 -1 0 0 -1 
-1 -1 -1 -1 -1 -1 -1 -1 1 1 -1 -1 0 0 -1 
END
15 1
10 11
0 8
-1 -1 -1 -1 -1 -1 -1 -1 1 1 1 0 0 0 -1 
-1 -1 -1 -1 -1 -1 -1 -1 1 1 1 0 0 0 -1 
-1 -1 -1 -1 -1 -1 -1 -1 1 1 1 0 0 0 -1 
-1 -1 -1 -1 -1 -1 -1 -1 1 1 1 0 0 0 -1 
-1 -1 -1 -1 -1 -1 -1 -1 1 1 1 0 0 0 -1 
-1 -1 -1 -1 -1 -1 -1 -1 1 1 1 0 0 0 -1 
-1 -1 -1 -1 -1 -1 -1 -1 1 1 1 0 0 0 -1 
-1 -1 -1 -1 -1 -1 -1 -1 1 1 1 0 0 0 -1 
-1 -1 -1 -1 -1 -1 -1 -1 1 1 1 0 0 0 -1 
-1 -1 -1 -1 -1 -1 -1 -1 1 1 1 0 0 0 -1 
-1 -1 -1 -1 -1 -1 -1 -1 1 1 1 0 0 0 -1 
-1 -1 -1 -1 -1 -1 -1 -1 1 1 -1 -1 0 0 -1 
-1 -1 -1 -1 -1 -1 -1 -1 1 1 -1 -1 0 0 -1 
-1 -1 -1 -1 -1 -1 -1 -1 1 1 -1 -1 0 0 -1 
-1 -1 -1 -1 -1 -1 -1 -1 1 1 -1 -1 0 0 -1 
END
15 1
11 11
0 7
-1 -1 -1 -1 -1 -1 -1 1 1 1 1 0 0 0 -1 
-1 -1 -1 -1 -1 -1 -1 -1 1 1 1 0 0 0 -1 
-1 -1 -1 -1 -1 -1 -1 -1 1 1 1 0 0 0 -1 
-1 -1 -1 -1 -1 -1 -1 -1 1 1 1 0 0 0 -1 
-1 -1 -1 -1 -1 -1 -1 -1 1 1 1 0 0 0 -1 
-1 -1 -1 -1 -1 -1 -1 -1 1 1 1 0 0 0 -1 
-1 -1 -1 -1 -1 -1 -1 -1 1 1 1 0 0 0 -1 
-1 -1 -1 -1 -1 -1 -1 -1 1 1 1 0 0 0 -1 
-1 -1 -1 -1 -1 -1 -1 -1 1 1 1 0 0 0 -1 
-1 -1 -1 -1 -1 -1 -1 -1 1 1 1 0 0 0 -1 
-1 -1 -1 -1 -1 -1 -1 -1 1 1 1 0 0 0 -1 
-1 -1 -1 -1 -1 -1 -1 -1 1 1 -1 0 0 0 -1 
-1 -1 -1 -1 -1 -1 -1 -1 1 1 -1 -1 0 0 -1 
-1 -1 -1 -1 -1 -1 -1 -1 1 1 -1 -1 0 0 -1 
-1 -1 -1 -1 -1 -1 -1 -1 1 1 -1 -1 0 0 -1 
END
15 1
12 11
1 7
-1 -1 -1 -1 -1 -1 -1 1 1 1 1 0 0 0 -1 
-1 -1 -1 -1 -1 -1 -1 1 1 1 1 0 0 0 -1 
-1 -1 -1 -1 -1 -1 -1 -1 1 1 1 0 0 0 -1 
-1 -1 -1 -1 -1 -1 -1 -1 1 1 1 0 0 0 -1 
-1 -1 -1 -1 -1 -1 -1 -1 1 1 1 0 0 0 -1 
-1 -1 -1 -1 -1 -1 -1 -1 1 1 1 0 0 0 -1 
-1 -1 -1 -1 -1 -1 -1 -1 1 1 1 0 0 0 -1 
-1 -1 -1 -1 -1 -1 -1 -1 1 1 1 0 0 0 -1 
-1 -1 -1 -1 -1 -1 -1 -1 1 1 1 0 0 0 -1 
-1 -1 -1 -1 -1 -1 -1 -1 1 1 1 0 0 0 -1 
-1 -1 -1 -1 -1 -1 -1 -1 1 1 1 0 0 0 -1 
-1 -1 -1 -1 -1 -1 -1 -1 1 1 -1 0 0 0 -1 
-1 -1 -1 -1 -1 -1 -1 -1 1 1 -1 0 0 0 -1 
-1 -1 -1 -1 -1 -1 -1 -1 1 1 -1 -1 0 0 -1 
-1 -1 -1 -1 -1 -1 -1 -1 1 1 -1 -1 0 0 -1 
END
15 1
13 11
2 7
-1 -1 -1 -1 -1 -1 -1 1 1 1 1 0 0 0 -1 
-1 -1 -1 -1 -1 -1 -1 1 1 1 1 0 0 0 -1 
-1 -1 -1 -1 -1 -1 -1 1 1 1 1 0 0 0 -1 
-1 -1 -1 -1 -1 -1 -1 -1 1 1 1 0 0 0 -1 
-1 -1 -1 -1 -1 -1 -1 -1 1 1 1 0 0 0 -1 
-1 -1 -1 -1 -1 -1 -1 -1 1 1 1 0 0 0 -1 
-1 -1 -1 -1 -1 -1 -1 -1 1 1 1 0 0 0 -1 
-1 -1 -1 -1 -1 -1 -1 -1 1 1 1 0 0 0 -1 
-1 -1 -1 -1 -1 -1 -1 -1 1 1 1 0 0 0 -1 
-1 -1 -1 -1 -1 -1 -1 -1 1 1 1 0 0 0 -1 
-1 -1 -1 -1 -1 -1 -1 -1 1 1 1 0 0 0 -1 
-1 -1 -1 -1 -1 -1 -1 -1 1 1 -1 0 0 0 -1 
-1 -1 -1 -1 -1 -1 -1 -1 1 1 -1 0 0 0 -1 
-1 -1 -1 -1 -1 -1 -1 -1 1 1 -1 0 0 0 -1 
-1 -1 -1 -1 -1 -1 -1 -1 1 1 -1 -1 0 0 -1 
END
15 1
14 11
3 7
-1 -1 -1 -1 -1 -1 -1 1 1 1 1 0 0 0 -1 
-1 -1 -1 -1 -1 -1 -1 1 1 1 1 0 0 0 -1 
-1 -1 -1 -1 -1 -1 -1 1 1 1 1 0 0 0 -1 
-1 -1 -1 -1 -1 -1 -1 1 1 1 1 0 0 0 -1 
-1 -1 -1 -1 -1 -1 -1 -1 1 1 1 0 0 0 -1 
-1 -1 -1 -1 -1 -1 -1 -1 1 1 1 0 0 0 -1 
-1 -1 -1 -1 -1 -1 -1 -1 1 1 1 0 0 0 -1 
-1 -1 -1 -1 -1 -1 -1 -1 1 1 1 0 0 0 -1 
-1 -1 -1 -1 -1 -1 -1 -1 1 1 1 0 0 0 -1 
-1 -1 -1 -1 -1 -1 -1 -1 1 1 1 0 0 0 -1 
-1 -1 -1 -1 -1 -1 -1 -1 1 1 1 0 0 0 -1 
-1 -1 -1 -1 -1 -1 -1 -1 1 1 -1 0 0 0 -1 
-1 -1 -1 -1 -1 -1 -1 -1 1 1 -1 0 0 0 -1 
-1 -1 -1 -1 -1 -1 -1 -1 1 1 -1 0 0 0 -1 
-1 -1 -1 -1 -1 -1 -1 -1 1 1 -1 0 0 0 -1 
END
15 1
14 10
4 7
-1 -1 -1 -1 -1 -1 -1 1 1 1 1 0 0 0 -1 
-1 -1 -1 -1 -1 -1 -1 1 1 1 1 0 0 0 -1 
-1 -1 -1 -1 -1 -1 -1 1 1 1 1 0 0 0 -1 
-1 -1 -1 -1 -1 -1 -1 1 1 1 1 0 0 0 -1 
-1 -1 -1 -1 -1 -1 -1 1 1 1 1 0 0 0 -1 
-1 -1 -1 -1 -1 -1 -1 -1 1 1 1 0 0 0 -1 
-1 -1 -1 -1 -1 -1 -1 -1 1 1 1 0 0 0 -1 
-1 -1 -1 -1 -1 -1 -1 -1 1 1 1 0 0 0 -1 
-1 -1 -1 -1 -1 -1 -1 -1 1 1 1 0 0 0 -1 
-1 -1 -1 -1 -1 -1 -1 -1 1 1 1 0 0 0 -1 
-1 -1 -1 -1 -1 -1 -1 -1 1 1 1 0 0 0 -1 
-1 -1 -1 -1 -1 -1 -1 -1 1 1 -1 0 0 0 -1 
-1 -1 -1 -1 -1 -1 -1 -1 1 1 -1 0 0 0 -1 
-1 -1 -1 -1 -1 -1 -1 -1 1 1 -1 0 0 0 -1 
-1 -1 -1 -1 -1 -1 -1 -1 1 1 0 0 0 0 -1 
END
15 1
13 10
5 7
-1 -1 -1 -1 -1 -1 -1 1 1 1 1 0 0 0 -1 
-1 -1 -1 -1 -1 -1 -1 1 1 1 1 0 0 0 -1 
-1 -1 -1 -1 -1 -1 -1 1 1 1 1 0 0 0 -1 
-1 -1 -1 -1 -1 -1 -1 1 1 1 1 0 0 0 -1 
-1 -1 -1 -1 -1 -1 -1 1 1 1 1 0 0 0 -1 
-1 -1 -1 -1 -1 -1 -1 1 1 1 1 0 0 0 -1 
-1 -1 -1 -1 -1 -1 -1 -1 1 1 1 0 0 0 -1 
-1 -1 -1 -1 -1 -1 -1 -1 1 1 1 0 0 0 -1 
-1 -1 -1 -1 -1 -1 -1 -1 1 1 1 0 0 0 -1 
-1 -1 -1 -1 -1 -1 -1 -1 1 1 1 0 0 0 -1 
-1 -1 -1 -1 -1 -1 -1 -1 1 1 1 0 0 0 -1 
-1 -1 -1 -1 -1 -1 -1 -1 1 1 -1 0 0 0 -1 
-1 -1 -1 -1 -1 -1 -1 -1 1 1 -1 0 0 0 -1 
-1 -1 -1 -1 -1 -1 -1 -1 1 1 0 0 0 0 -1 
-1 -1 -1 -1 -1 -1 -1 -1 1 1 0 0 0 0 -1 
END
15 1
12 10
6 7
-1 -1 -1 -1 -1 -1 -1 1 1 1 1 0 0 0 -1 
-1 -1 -1 -1 -1 -1 -1 1 1 1 1 0 0 0 -1 
-1 -1 -1 -1 -1 -1 -1 1 1 1 1 0 0 0 -1 
-1 -1 -1 -1 -1 -1 -1 1 1 1 1 0 0 0 -1 
-1 -1 -1 -1 -1 -1 -1 1 1 1 1 0 0 0 -1 
-1 -1 -1 -1 -1 -1 -1 1 1 1 1 0 0 0 -1 
-1 -1 -1 -1 -1 -1 -1 1 1 1 1 0 0 0 -1 
-1 -1 -1 -1 -1 -1 -1 -1 1 1 1 0 0 0 -1 
-1 -1 -1 -1 -1 -1 -1 -1 1 1 1 0 0 0 -1 
-1 -1 -1 -1 -1 -1 -1 -1 1 1 1 0 0 0 -1 
-1 -1 -1 -1 -1 -1 -1 -1 1 1 1 0 0 0 -1 
-1 -1 -1 -1 -1 -1 -1 -1 1 1 -1 0 0 0 -1 
-1 -1 -1 -1 -1 -1 -1 -1 1 1 0 0 0 0 -1 
-1 -1 -1 -1 -1 -1 -1 -1 1 1 0 0 0 0 -1 
-1 -1 -1 -1 -1 -1 -1 -1 1 1 0 0 0 0 -1 
END
15 1
11 10
7 7
-1 -1 -1 -1 -1 -1 -1 1 1 1 1 0 0 0 -1 
-1 -1 -1 -1 -1 -1 -1 1 1 1 1 0 0 0 -1 
-1 -1 -1 -1 -1 -1 -1 1 1 1 1 0 0 0 -1 
-1 -1 -1 -1 -1 -1 -1 1 1 1 1 0 0 0 -1 
-1 -1 -1 -1 -1 -1 -1 1 1 1 1 0 0 0 -1 
-1 -1 -1 -1 -1 -1 -1 1 1 1 1 0 0 0 -1 
-1 -1 -1 -1 -1 -1 -1 1 1 1 1 0 0 0 -1 
-1 -1 -1 -1 -1 -1 -1 1 1 1 1 0 0 0 -1 
-1 -1 -1 -1 -1 -1 -1 -1 1 1 1 0 0 0 -1 
-1 -1 -1 -1 -1 -1 -1 -1 1 1 1 0 0 0 -1 
-1 -1 -1 -1 -1 -1 -1 -1 1 1 1 0 0 0 -1 
-1 -1 -1 -1 -1 -1 -1 -1 1 1 0 0 0 0 -1 
-1 -1 -1 -1 -1 -1 -1 -1 1 1 0 0 0 0 -1 
-1 -1 -1 -1 -1 -1 -1 -1 1 1 0 0 0 0 -1 
-1 -1 -1 -1 -1 -1 -1 -1 1 1 0 0 0 0 -1 
END
