15 1
1 11
5 1
-1 -1 -1 -1 -1 -1 -1 -1 -1 -1 -1 -1 -1 -1 -1 
-1 -1 -1 -1 -1 -1 -1 -1 -1 -1 -1 0 -1 -1 -1 
-1 -1 -1 -1 -1 -1 -1 -1 -1 -1 -1 -1 -1 -1 -1 
-1 -1 -1 -1 -1 -1 -1 -1 -1 -1 -1 -1 -1 -1 -1 
-1 -1 -1 -1 -1 -1 -1 -1 -1 -1 -1 -1 -1 -1 -1 
-1 1 -1 -1 -1 -1 -1 -1 -1 -1 -1 -1 -1 -1 -1 
-1 -1 -1 -1 -1 -1 -1 -1 -1 -1 -1 -1 -1 -1 -1 
-1 -1 -1 -1 -1 -1 -1 -1 -1 -1 -1 -1 -1 -1 -1 
-1 -1 -1 -1 -1 -1 -1 -1 -1 -1 -1 -1 -1 -1 -1 
-1 -1 -1 -1 -1 -1 -1 -1 -1 -1 -1 -1 -1 -1 -1 
-1 -1 -1 -1 -1 -1 -1 -1 -1 -1 -1 -1 -1 -1 -1 
-1 -1 -1 -1 -1 -1 -1 -1 -1 -1 -1 -1 -1 -1 -1 
-1 -1 -1 -1 -1 -1 -1 -1 -1 -1 -1 -1 -1 -1 -1 
-1 -1 -1 -1 -1 -1 -1 -1 -1 -1 -1 -1 -1 -1 -1 
-1 -1 -1 -1 -1 -1 -1 -1 -1 -1 -1 -1 -1 -1 -1 
END
15 1
0 11
4 1
-1 -1 -1 -1 -1 -1 -1 -1 -1 -1 -1 0 -1 -1 -1 
-1 -1 -1 -1 -1 -1 -1 -1 -1 -1 -1 0 -1 -1 -1 
-1 -1 -1 -1 -1 -1 -1 -1 -1 -1 -1 -1 -1 -1 -1 
-1 -1 -1 -1 -1 -1 -1 -1 -1 -1 -1 -1 -1 -1 -1 
-1 1 -1 -1 -1 -1 -1 -1 -1 -1 -1 -1 -1 -1 -1 
-1 1 -1 -1 -1 -1 -1 -1 -1 -1 -1 -1 -1 -1 -1 
-1 -1 -1 -1 -1 -1 -1 -1 -1 -1 -1 -1 -1 -1 -1 
-1 -1 -1 -1 -1 -1 -1 -1 -1 -1 -1 -1 -1 -1 -1 
-1 -1 -1 -1 -1 -1 -1 -1 -1 -1 -1 -1 -1 -1 -1 
-1 -1 -1 -1 -1 -1 -1 -1 -1 -1 -1 -1 -1 -1 -1 
-1 -1 -1 -1 -1 -1 -1 -1 -1 -1 -1 -1 -1 -1 -1 
-1 -1 -1 -1 -1 -1 -1 -1 -1 -1 -1 -1 -1 -1 -1 
-1 -1 -1 -1 -1 -1 -1 -1 -1 -1 -1 -1 -1 -1 -1 
-1 -1 -1 -1 -1 -1 -1 -1 -1 -1 -1 -1 -1 -1 -1 
-1 -1 -1 -1 -1 -1 -1 -1 -1 -1 -1 -1 -1 -1 -1 
END
15 1
0 10
3 1
-1 -1 -1 -1 -1 -1 -1 -1 -1 -1 0 0 -1 -1 -1 
-1 -1 -1 -1 -1 -1 -1 -1 -1 -1 -1 0 -1 -1 -1 
-1 -1 -1 -1 -1 -1 -1 -1 -1 -1 -1 -1 -1 -1 -1 
-1 1 -1 -1 -1 -1 -1 -1 -1 -1 -1 -1 -1 -1 -1 
-1 1 -1 -1 -1 -1 -1 -1 -1 -1 -1 -1 -1 -1 -1 
-1 1 -1 -1 -1 -1 -1 -1 -1 -1 -1 -1 -1 -1 -1 
-1 -1 -1 -1 -1 -1 -1 -1 -1 -1 -1 -1 -1 -1 -1 
-1 -1 -1 -1 -1 -1 -1 -1 -1 -1 -1 -1 -1 -1 -1 
-1 -1 -1 -1 -1 -1 -1 -1 -1 -1 -1 -1 -1 -1 -1 
-1 -1 -1 -1 -1 -1 -1 -1 -1 -1 -1 -1 -1 -1 -1 
-1 -1 -1 -1 -1 -1 -1 -1 -1 -1 -1 -1 -1 -1 -1 
-1 -1 -1 -1 -1 -1 -1 -1 -1 -1 -1 -1 -1 -1 -1 
-1 -1 -1 -1 -1 -1 -1 -1 -1 -1 -1 -1 -1 -1 -1 
-1 -1 -1 -1 -1 -1 -1 -1 -1 -1 -1 -1 -1 -1 -1 
-1 -1 -1 -1 -1 -1 -1 -1 -1 -1 -1 -1 -1 -1 -1 
END
15 1
1 10
2 1
-1 -1 -1 -1 -1 -1 -1 -1 -1 -1 0 0 -1 -1 -1 
-1 -1 -1 -1 -1 -1 -1 -1 -1 -1 0 0 -1 -1 -1 
-1 1 -1 -1 -1 -1 -1 -1 -1 -1 -1 -1 -1 -1 -1 
-1 1 -1 -1 -1 -1 -1 -1 -1 -1 -1 -1 -1 -1 -1 
-1 1 -1 -1 -1 -1 -1 -1 -1 -1 -1 -1 -1 -1 -1 
-1 1 -1 -1 -1 -1 -1 -1 -1 -1 -1 -1 -1 -1 -1 
-1 -1 -1 -1 -1 -1 -1 -1 -1 -1 -1 -1 -1 -1 -1 
-1 -1 -1 -1 -1 -1 -1 -1 -1 -1 -1 -1 -1 -1 -1 
-1 -1 -1 -1 -1 -1 -1 -1 -1 -1 -1 -1 -1 -1 -1 
-1 -1 -1 -1 -1 -1 -1 -1 -1 -1 -1 -1 -1 -1 -1 
-1 -1 -1 -1 -1 -1 -1 -1 -1 -1 -1 -1 -1 -1 -1 
-1 -1 -1 -1 -1 -1 -1 -1 -1 -1 -1 -1 -1 -1 -1 
-1 -1 -1 -1 -1 -1 -1 -1 -1 -1 -1 -1 -1 -1 -1 
-1 -1 -1 -1 -1 -1 -1 -1 -1 -1 -1 -1 -1 -1 -1 
-1 -1 -1 -1 -1 -1 -1 -1 -1 -1 -1 -1 -1 -1 -1 
END
15 1
2 10
1 1
-1 -1 -1 -1 -1 -1 -1 -1 -1 -1 0 0 -1 -1 -1 
-1 1 -1 -1 -1 -1 -1 -1 -1 -1 0 0 -1 -1 -1 
-1 1 -1 -1 -1 -1 -1 -1 -1 -1 0 -1 -1 -1 -1 
-1 1 -1 -1 -1 -1 -1 -1 -1 -1 -1 -1 -1 -1 -1 
-1 1 -1 -1 -1 -1 -1 -1 -1 -1 -1 -1 -1 -1 -1 
-1 1 -1 -1 -1 -1 -1 -1 -1 -1 -1 -1 -1 -1 -1 
-1 -1 -1 -1 -1 -1 -1 -1 -1 -1 -1 -1 -1 -1 -1 
-1 -1 -1 -1 -1 -1 -1 -1 -1 -1 -1 -1 -1 -1 -1 
-1 -1 -1 -1 -1 -1 -1 -1 -1 -1 -1 -1 -1 -1 -1 
-1 -1 -1 -1 -1 -1 -1 -1 -1 -1 -1 -1 -1 -1 -1 
-1 -1 -1 -1 -1 -1 -1 -1 -1 -1 -1 -1 -1 -1 -1 
-1 -1 -1 -1 -1 -1 -1 -1 -1 -1 -1 -1 -1 -1 -1 
-1 -1 -1 -1 -1 -1 -1 -1 -1 -1 -1 -1 -1 -1 -1 
-1 -1 -1 -1 -1 -1 -1 -1 -1 -1 -1 -1 -1 -1 -1 
-1 -1 -1 -1 -1 -1 -1 -1 -1 -1 -1 -1 -1 -1 -1 
END
15 1
3 10
0 1
-1 1 -1 -1 -1 -1 -1 -1 -1 -1 0 0 -1 -1 -1 
-1 1 -1 -1 -1 -1 -1 -1 -1 -1 0 0 -1 -1 -1 
-1 1 -1 -1 -1 -1 -1 -1 -1 -1 0 -1 -1 -1 -1 
-1 1 -1 -1 -1 -1 -1 -1 -1 -1 0 -1 -1 -1 -1 
-1 1 -1 -1 -1 -1 -1 -1 -1 -1 -1 -1 -1 -1 -1 
-1 1 -1 -1 -1 -1 -1 -1 -1 -1 -1 -1 -1 -1 -1 
-1 -1 -1 -1 -1 -1 -1 -1 -1 -1 -1 -1 -1 -1 -1 
-1 -1 -1 -1 -1 -1 -1 -1 -1 -1 -1 -1 -1 -1 -1 
-1 -1 -1 -1 -1 -1 -1 -1 -1 -1 -1 -1 -1 -1 -1 
-1 -1 -1 -1 -1 -1 -1 -1 -1 -1 -1 -1 -1 -1 -1 
-1 -1 -1 -1 -1 -1 -1 -1 -1 -1 -1 -1 -1 -1 -1 
-1 -1 -1 -1 -1 -1 -1 -1 -1 -1 -1 -1 -1 -1 -1 
-1 -1 -1 -1 -1 -1 -1 -1 -1 -1 -1 -1 -1 -1 -1 
-1 -1 -1 -1 -1 -1 -1 -1 -1 -1 -1 -1 -1 -1 -1 
-1 -1 -1 -1 -1 -1 -1 -1 -1 -1 -1 -1 -1 -1 -1 
END
15 1
4 10
0 0
1 1 -1 -1 -1 -1 -1 -1 -1 -1 0 0 -1 -1 -1 
-1 1 -1 -1 -1 -1 -1 -1 -1 -1 0 0 -1 -1 -1 
-1 1 -1 -1 -1 -1 -1 -1 -1 -1 0 -1 -1 -1 -1 
-1 1 -1 -1 -1 -1 -1 -1 -1 -1 0 -1 -1 -1 -1 
-1 1 -1 -1 -1 -1 -1 -1 -1 -1 0 -1 -1 -1 -1 
-1 1 -1 -1 -1 -1 -1 -1 -1 -1 -1 -1 -1 -1 -1 
-1 -1 -1 -1 -1 -1 -1 -1 -1 -1 -1 -1 -1 -1 -1 
-1 -1 -1 -1 -1 -1 -1 -1 -1 -1 -1 -1 -1 -1 -1 
-1 -1 -1 -1 -1 -1 -1 -1 -1 -1 -1 -1 -1 -1 -1 
-1 -1 -1 -1 -1 -1 -1 -1 -1 -1 -1 -1 -1 -1 -1 
-1 -1 -1 -1 -1 -1 -1 -1 -1 -1 -1 -1 -1 -1 -1 
-1 -1 -1 -1 -1 -1 -1 -1 -1 -1 -1 -1 -1 -1 -1 
-1 -1 -1 -1 -1 -1 -1 -1 -1 -1 -1 -1 -1 -1 -1 
-1 -1 -1 -1 -1 -1 -1 -1 -1 -1 -1 -1 -1 -1 -1 
-1 -1 -1 -1 -1 -1 -1 -1 -1 -1 -1 -1 -1 -1 -1 
END
15 1
5 10
1 0
1 1 -1 -1 -1 -1 -1 -1 -1 -1 0 0 -1 -1 -1 
1 1 -1 -1 -1 -1 -1 -1 -1 -1 0 0 -1 -1 -1 
-1 1 -1 -1 -1 -1 -1 -1 -1 -1 0 -1 -1 -1 -1 
-1 1 -1 -1 -1 -1 -1 -1 -1 -1 0 -1 -1 -1 -1 
-1 1 -1 -1 -1 -1 -1 -1 -1 -1 0 -1 -1 -1 -1 
-1 1 -1 -1 -1 -1 -1 -1 -1 -1 0 -1 -1 -1 -1 
-1 -1 -1 -1 -1 -1 -1 -1 -1 -1 -1 -1 -1 -1 -1 
-1 -1 -1 -1 -1 -1 -1 -1 -1 -1 -1 -1 -1 -1 -1 
-1 -1 -1 -1 -1 -1 -1 -1 -1 -1 -1 -1 -1 -1 -1 
-1 -1 -1 -1 -1 -1 -1 -1 -1 -1 -1 -1 -1 -1 -1 
-1 -1 -1 -1 -1 -1 -1 -1 -1 -1 -1 -1 -1 -1 -1 
-1 -1 -1 -1 -1 -1 -1 -1 -1 -1 -1 -1 -1 -1 -1 
-1 -1 -1 -1 -1 -1 -1 -1 -1 -1 -1 -1 -1 -1 -1 
-1 -1 -1 -1 -1 -1 -1 -1 -1 -1 -1 -1 -1 -1 -1 
-1 -1 -1 -1 -1 -1 -1 -1 -1 -1 -1 -1 -1 -1 -1 
END
15 1
6 10
2 0
1 1 -1 -1 -1 -1 -1 -1 -1 -1 0 0 -1 -1 -1 
1 1 -1 -1 -1 -1 -1 -1 -1 -1 0 0 -1 -1 -1 
1 1 -1 -1 -1 -1 -1 -1 -1 -1 0 -1 -1 -1 -1 
-1 1 -1 -1 -1 -1 -1 -1 -1 -1 0 -1 -1 -1 -1 
-1 1 -1 -1 -1 -1 -1 -1 -1 -1 0 -1 -1 -1 -1 
-1 1 -1 -1 -1 -1 -1 -1 -1 -1 0 -1 -1 -1 -1 
-1 -1 -1 -1 -1 -1 -1 -1 -1 -1 0 -1 -1 -1 -1 
-1 -1 -1 -1 -1 -1 -1 -1 -1 -1 -1 -1 -1 -1 -1 
-1 -1 -1 -1 -1 -1 -1 -1 -1 -1 -1 -1 -1 -1 -1 
-1 -1 -1 -1 -1 -1 -1 -1 -1 -1 -1 -1 -1 -1 -1 
-1 -1 -1 -1 -1 -1 -1 -1 -1 -1 -1 -1 -1 -1 -1 
-1 -1 -1 -1 -1 -1 -1 -1 -1 -1 -1 -1 -1 -1 -1 
-1 -1 -1 -1 -1 -1 -1 -1 -1 -1 -1 -1 -1 -1 -1 
-1 -1 -1 -1 -1 -1 -1 -1 -1 -1 -1 -1 -1 -1 -1 
-1 -1 -1 -1 -1 -1 -1 -1 -1 -1 -1 -1 -1 -1 -1 
END
15 1
7 10
3 0
1 1 -1 -1 -1 -1 -1 -1 -1 -1 0 0 -1 -1 -1 
1 1 -1 -1 -1 -1 -1 -1 -1 -1 0 0 -1 -1 -1 
1 1 -1 -1 -1 -1 -1 -1 -1 -1 0 -1 -1 -1 -1 
1 1 -1 -1 -1 -1 -1 -1 -1 -1 0 -1 -1 -1 -1 
-1 1 -1 -1 -1 -1 -1 -1 -1 -1 0 -1 -1 -1 -1 
-1 1 -1 -1 -1 -1 -1 -1 -1 -1 0 -1 -1 -1 -1 
-1 -1 -1 -1 -1 -1 -1 -1 -1 -1 0 -1 -1 -1 -1 
-1 -1 -1 -1 -1 -1 -1 -1 -1 -1 0 -1 -1 -1 -1 
-1 -1 -1 -1 -1 -1 -1 -1 -1 -1 -1 -1 -1 -1 -1 
-1 -1 -1 -1 -1 -1 -1 -1 -1 -1 -1 -1 -1 -1 -1 
-1 -1 -1 -1 -1 -1 -1 -1 -1 -1 -1 -1 -1 -1 -1 
-1 -1 -1 -1 -1 -1 -1 -1 -1 -1 -1 -1 -1 -1 -1 
-1 -1 -1 -1 -1 -1 -1 -1 -1 -1 -1 -1 -1 -1 -1 
-1 -1 -1 -1 -1 -1 -1 -1 -1 -1 -1 -1 -1 -1 -1 
-1 -1 -1 -1 -1 -1 -1 -1 -1 -1 -1 -1 -1 -1 -1 
END
15 1
8 10
4 0
1 1 -1 -1 -1 -1 -1 -1 -1 -1 0 0 -1 -1 -1 
1 1 -1 -1 -1 -1 -1 -1 -1 -1 0 0 -1 -1 -1 
1 1 -1 -1 -1 -1 -1 -1 -1 -1 0 -1 -1 -1 -1 
1 1 -1 -1 -1 -1 -1 -1 -1 -1 0 -1 -1 -1 -1 
1 1 -1 -1 -1 -1 -1 -1 -1 -1 0 -1 -1 -1 -1 
-1 1 -1 -1 -1 -1 -1 -1 -1 -1 0 -1 -1 -1 -1 
-1 -1 -1 -1 -1 -1 -1 -1 -1 -1 0 -1 -1 -1 -1 
-1 -1 -1 -1 -1 -1 -1 -1 -1 -1 0 -1 -1 -1 -1 
-1 -1 -1 -1 -1 -1 -1 -1 -1 -1 0 -1 -1 -1 -1 
-1 -1 -1 -1 -1 -1 -1 -1 -1 -1 -1 -1 -1 -1 -1 
-1 -1 -1 -1 -1 -1 -1 -1 -1 -1 -1 -1 -1 -1 -1 
-1 -1 -1 -1 -1 -1 -1 -1 -1 -1 -1 -1 -1 -1 -1 
-1 -1 -1 -1 -1 -1 -1 -1 -1 -1 -1 -1 -1 -1 -1 
-1 -1 -1 -1 -1 -1 -1 -1 -1 -1 -1 -1 -1 -1 -1 
-1 -1 -1 -1 -1 -1 -1 -1 -1 -1 -1 -1 -1 -1 -1 
END
15 1
9 10
5 0
1 1 -1 -1 -1 -1 -1 -1 -1 -1 0 0 -1 -1 -1 
1 1 -1 -1 -1 -1 -1 -1 -1 -1 0 0 -1 -1 -1 
1 1 -1 -1 -1 -1 -1 -1 -1 -1 0 -1 -1 -1 -1 
1 1 -1 -1 -1 -1 -1 -1 -1 -1 0 -1 -1 -1 -1 
1 1 -1 -1 -1 -1 -1 -1 -1 -1 0 -1 -1 -1 -1 
1 1 -1 -1 -1 -1 -1 -1 -1 -1 0 -1 -1 -1 -1 
-1 -1 -1 -1 -1 -1 -1 -1 -1 -1 0 -1 -1 -1 -1 
-1 -1 -1 -1 -1 -1 -1 -1 -1 -1 0 -1 -1 -1 -1 
-1 -1 -1 -1 -1 -1 -1 -1 -1 -1 0 -1 -1 -1 -1 
-1 -1 -1 -1 -1 -1 -1 -1 -1 -1 0 -1 -1 -1 -1 
-1 -1 -1 -1 -1 -1 -1 -1 -1 -1 -1 -1 -1 -1 -1 
-1 -1 -1 -1 -1 -1 -1 -1 -1 -1 -1 -1 -1 -1 -1 
-1 -1 -1 -1 -1 -1 -1 -1 -1 -1 -1 -1 -1 -1 -1 
-1 -1 -1 -1 -1 -1 -1 -1 -1 -1 -1 -1 -1 -1 -1 
-1 -1 -1 -1 -1 -1 -1 -1 -1 -1 -1 -1 -1 -1 -1 
END
15 1
10 10
6 0
1 1 -1 -1 -1 -1 -1 -1 -1 -1 0 0 -1 -1 -1 
1 1 -1 -1 -1 -1 -1 -1 -1 -1 0 0 -1 -1 -1 
1 1 -1 -1 -1 -1 -1 -1 -1 -1 0 -1 -1 -1 -1 
1 1 -1 -1 -1 -1 -1 -1 -1 -1 0 -1 -1 -1 -1 
1 1 -1 -1 -1 -1 -1 -1 -1 -1 0 -1 -1 -1 -1 
1 1 -1 -1 -1 -1 -1 -1 -1 -1 0 -1 -1 -1 -1 
1 -1 -1 -1 -1 -1 -1 -1 -1 -1 0 -1 -1 -1 -1 
-1 -1 -1 -1 -1 -1 -1 -1 -1 -1 0 -1 -1 -1 -1 
-1 -1 -1 -1 -1 -1 -1 -1 -1 -1 0 -1 -1 -1 -1 
-1 -1 -1 -1 -1 -1 -1 -1 -1 -1 0 -1 -1 -1 -1 
-1 -1 -1 -1 -1 -1 -1 -1 -1 -1 0 -1 -1 -1 -1 
-1 -1 -1 -1 -1 -1 -1 -1 -1 -1 -1 -1 -1 -1 -1 
-1 -1 -1 -1 -1 -1 -1 -1 -1 -1 -1 -1 -1 -1 -1 
-1 -1 -1 -1 -1 -1 -1 -1 -1 -1 -1 -1 -1 -1 -1 
-1 -1 -1 -1 -1 -1 -1 -1 -1 -1 -1 -1 -1 -1 -1 
END
15 1
11 10
7 0
1 1 -1 -1 -1 -1 -1 -1 -1 -1 0 0 -1 -1 -1 
1 1 -1 -1 -1 -1 -1 -1 -1 -1 0 0 -1 -1 -1 
1 1 -1 -1 -1 -1 -1 -1 -1 -1 0 -1 -1 -1 -1 
1 1 -1 -1 -1 -1 -1 -1 -1 -1 0 -1 -1 -1 -1 
1 1 -1 -1 -1 -1 -1 -1 -1 -1 0 -1 -1 -1 -1 
1 1 -1 -1 -1 -1 -1 -1 -1 -1 0 -1 -1 -1 -1 
1 -1 -1 -1 -1 -1 -1 -1 -1 -1 0 -1 -1 -1 -1 
1 -1 -1 -1 -1 -1 -1 -1 -1 -1 0 -1 -1 -1 -1 
-1 -1 -1 -1 -1 -1 -1 -1 -1 -1 0 -1 -1 -1 -1 
-1 -1 -1 -1 -1 -1 -1 -1 -1 -1 0 -1 -1 -1 -1 
-1 -1 -1 -1 -1 -1 -1 -1 -1 -1 0 -1 -1 -1 -1 
-1 -1 -1 -1 -1 -1 -1 -1 -1 -1 0 -1 -1 -1 -1 
-1 -1 -1 -1 -1 -1 -1 -1 -1 -1 -1 -1 -1 -1 -1 
-1 -1 -1 -1 -1 -1 -1 -1 -1 -1 -1 -1 -1 -1 -1 
-1 -1 -1 -1 -1 -1 -1 -1 -1 -1 -1 -1 -1 -1 -1 
END
15 1
12 10
8 0
1 1 -1 -1 -1 -1 -1 -1 -1 -1 0 0 -1 -1 -1 
1 1 -1 -1 -1 -1 -1 -1 -1 -1 0 0 -1 -1 -1 
1 1 -1 -1 -1 -1 -1 -1 -1 -1 0 -1 -1 -1 -1 
1 1 -1 -1 -1 -1 -1 -1 -1 -1 0 -1 -1 -1 -1 
1 1 -1 -1 -1 -1 -1 -1 -1 -1 0 -1 -1 -1 -1 
1 1 -1 -1 -1 -1 -1 -1 -1 -1 0 -1 -1 -1 -1 
1 -1 -1 -1 -1 -1 -1 -1 -1 -1 0 -1 -1 -1 -1 
1 -1 -1 -1 -1 -1 -1 -1 -1 -1 0 -1 -1 -1 -1 
1 -1 -1 -1 -1 -1 -1 -1 -1 -1 0 -1 -1 -1 -1 
-1 -1 -1 -1 -1 -1 -1 -1 -1 -1 0 -1 -1 -1 -1 
-1 -1 -1 -1 -1 -1 -1 -1 -1 -1 0 -1 -1 -1 -1 
-1 -1 -1 -1 -1 -1 -1 -1 -1 -1 0 -1 -1 -1 -1 
-1 -1 -1 -1 -1 -1 -1 -1 -1 -1 0 -1 -1 -1 -1 
-1 -1 -1 -1 -1 -1 -1 -1 -1 -1 -1 -1 -1 -1 -1 
-1 -1 -1 -1 -1 -1 -1 -1 -1 -1 -1 -1 -1 -1 -1 
END
15 1
13 10
9 0
1 1 -1 -1 -1 -1 -1 -1 -1 -1 0 0 -1 -1 -1 
1 1 -1 -1 -1 -1 -1 -1 -1 -1 0 0 -1 -1 -1 
1 1 -1 -1 -1 -1 -1 -1 -1 -1 0 -1 -1 -1 -1 
1 1 -1 -1 -1 -1 -1 -1 -1 -1 0 -1 -1 -1 -1 
1 1 -1 -1 -1 -1 -1 -1 -1 -1 0 -1 -1 -1 -1 
1 1 -1 -1 -1 -1 -1 -1 -1 -1 0 -1 -1 -1 -1 
1 -1 -1 -1 -1 -1 -1 -1 -1 -1 0 -1 -1 -1 -1 
1 -1 -1 -1 -1 -1 -1 -1 -1 -1 0 -1 -1 -1 -1 
1 -1 -1 -1 -1 -1 -1 -1 -1 -1 0 -1 -1 -1 -1 
1 -1 -1 -1 -1 -1 -1 -1 -1 -1 0 -1 -1 -1 -1 
-1 -1 -1 -1 -1 -1 -1 -1 -1 -1 0 -1 -1 -1 -1 
-1 -1 -1 -1 -1 -1 -1 -1 -1 -1 0 -1 -1 -1 -1 
-1 -1 -1 -1 -1 -1 -1 -1 -1 -1 0 -1 -1 -1 -1 
-1 -1 -1 -1 -1 -1 -1 -1 -1 -1 0 -1 -1 -1 -1 
-1 -1 -1 -1 -1 -1 -1 -1 -1 -1 -1 -1 -1 -1 -1 
END
15 1
14 10
10 0
1 1 -1 -1 -1 -1 -1 -1 -1 -1 0 0 -1 -1 -1 
1 1 -1 -1 -1 -1 -1 -1 -1 -1 0 0 -1 -1 -1 
1 1 -1 -1 -1 -1 -1 -1 -1 -1 0 -1 -1 -1 -1 
1 1 -1 -1 -1 -1 -1 -1 -1 -1 0 -1 -1 -1 -1 
1 1 -1 -1 -1 -1 -1 -1 -1 -1 0 -1 -1 -1 -1 
1 1 -1 -1 -1 -1 -1 -1 -1 -1 0 -1 -1 -1 -1 
1 -1 -1 -1 -1 -1 -1 -1 -1 -1 0 -1 -1 -1 -1 
1 -1 -1 -1 -1 -1 -1 -1 -1 -1 0 -1 -1 -1 -1 
1 -1 -1 -1 -1 -1 -1 -1 -1 -1 0 -1 -1 -1 -1 
1 -1 -1 -1 -1 -1 -1 -1 -1 -1 0 -1 -1 -1 -1 
1 -1 -1 -1 -1 -1 -1 -1 -1 -1 0 -1 -1 -1 -1 
-1 -1 -1 -1 -1 -1 -1 -1 -1 -1 0 -1 -1 -1 -1 
-1 -1 -1 -1 -1 -1 -1 -1 -1 -1 0 -1 -1 -1 -1 
-1 -1 -1 -1 -1 -1 -1 -1 -1 -1 0 -1 -1 -1 -1 
-1 -1 -1 -1 -1 -1 -1 -1 -1 -1 0 -1 -1 -1 -1 
END
15 1
14 9
11 0
1 1 -1 -1 -1 -1 -1 -1 -1 -1 0 0 -1 -1 -1 
1 1 -1 -1 -1 -1 -1 -1 -1 -1 0 0 -1 -1 -1 
1 1 -1 -1 -1 -1 -1 -1 -1 -1 0 -1 -1 -1 -1 
1 1 -1 -1 -1 -1 -1 -1 -1 -1 0 -1 -1 -1 -1 
1 1 -1 -1 -1 -1 -1 -1 -1 -1 0 -1 -1 -1 -1 
1 1 -1 -1 -1 -1 -1 -1 -1 -1 0 -1 -1 -1 -1 
1 -1 -1 -1 -1 -1 -1 -1 -1 -1 0 -1 -1 -1 -1 
1 -1 -1 -1 -1 -1 -1 -1 -1 -1 0 -1 -1 -1 -1 
1 -1 -1 -1 -1 -1 -1 -1 -1 -1 0 -1 -1 -1 -1 
1 -1 -1 -1 -1 -1 -1 -1 -1 -1 0 -1 -1 -1 -1 
1 -1 -1 -1 -1 -1 -1 -1 -1 -1 0 -1 -1 -1 -1 
1 -1 -1 -1 -1 -1 -1 -1 -1 -1 0 -1 -1 -1 -1 
-1 -1 -1 -1 -1 -1 -1 -1 -1 -1 0 -1 -1 -1 -1 
-1 -1 -1 -1 -1 -1 -1 -1 -1 -1 0 -1 -1 -1 -1 
-1 -1 -1 -1 -1 -1 -1 -1 -1 0 0 -1 -1 -1 -1 
END
15 1
13 9
12 0
1 1 -1 -1 -1 -1 -1 -1 -1 -1 0 0 -1 -1 -1 
1 1 -1 -1 -1 -1 -1 -1 -1 -1 0 0 -1 -1 -1 
1 1 -1 -1 -1 -1 -1 -1 -1 -1 0 -1 -1 -1 -1 
1 1 -1 -1 -1 -1 -1 -1 -1 -1 0 -1 -1 -1 -1 
1 1 -1 -1 -1 -1 -1 -1 -1 -1 0 -1 -1 -1 -1 
1 1 -1 -1 -1 -1 -1 -1 -1 -1 0 -1 -1 -1 -1 
1 -1 -1 -1 -1 -1 -1 -1 -1 -1 0 -1 -1 -1 -1 
1 -1 -1 -1 -1 -1 -1 -1 -1 -1 0 -1 -1 -1 -1 
1 -1 -1 -1 -1 -1 -1 -1 -1 -1 0 -1 -1 -1 -1 
1 -1 -1 -1 -1 -1 -1 -1 -1 -1 0 -1 -1 -1 -1 
1 -1 -1 -1 -1 -1 -1 -1 -1 -1 0 -1 -1 -1 -1 
1 -1 -1 -1 -1 -1 -1 -1 -1 -1 0 -1 -1 -1 -1 
1 -1 -1 -1 -1 -1 -1 -1 -1 -1 0 -1 -1 -1 -1 
-1 -1 -1 -1 -1 -1 -1 -1 -1 0 0 -1 -1 -1 -1 
-1 -1 -1 -1 -1 -1 -1 -1 -1 0 0 -1 -1 -1 -1 
END
15 1
12 9
13 0
1 1 -1 -1 -1 -1 -1 -1 -1 -1 0 0 -1 -1 -1 
1 1 -1 -1 -1 -1 -1 -1 -1 -1 0 0 -1 -1 -1 
1 1 -1 -1 -1 -1 -1 -1 -1 -1 0 -1 -1 -1 -1 
1 1 -1 -1 -1 -1 -1 -1 -1 -1 0 -1 -1 -1 -1 
1 1 -1 -1 -1 -1 -1 -1 -1 -1 0 -1 -1 -1 -1 
1 1 -1 -1 -1 -1 -1 -1 -1 -1 0 -1 -1 -1 -1 
1 -1 -1 -1 -1 -1 -1 -1 -1 -1 0 -1 -1 -1 -1 
1 -1 -1 -1 -1 -1 -1 -1 -1 -1 0 -1 -1 -1 -1 
1 -1 -1 -1 -1 -1 -1 -1 -1 -1 0 -1 -1 -1 -1 
1 -1 -1 -1 -1 -1 -1 -1 -1 -1 0 -1 -1 -1 -1 
1 -1 -1 -1 -1 -1 -1 -1 -1 -1 0 -1 -1 -1 -1 
1 -1 -1 -1 -1 -1 -1 -1 -1 -1 0 -1 -1 -1 -1 
1 -1 -1 -1 -1 -1 -1 -1 -1 0 0 -1 -1 -1 -1 
1 -1 -1 -1 -1 -1 -1 -1 -1 0 0 -1 -1 -1 -1 
-1 -1 -1 -1 -1 -1 -1 -1 -1 0 0 -1 -1 -1 -1 
END
15 1
11 9
14 0
1 1 -1 -1 -1 -1 -1 -1 -1 -1 0 0 -1 -1 -1 
1 1 -1 -1 -1 -1 -1 -1 -1 -1 0 0 -1 -1 -1 
1 1 -1 -1 -1 -1 -1 -1 -1 -1 0 -1 -1 -1 -1 
1 1 -1 -1 -1 -1 -1 -1 -1 -1 0 -1 -1 -1 -1 
1 1 -1 -1 -1 -1 -1 -1 -1 -1 0 -1 -1 -1 -1 
1 1 -1 -1 -1 -1 -1 -1 -1 -1 0 -1 -1 -1 -1 
1 -1 -1 -1 -1 -1 -1 -1 -1 -1 0 -1 -1 -1 -1 
1 -1 -1 -1 -1 -1 -1 -1 -1 -1 0 -1 -1 -1 -1 
1 -1 -1 -1 -1 -1 -1 -1 -1 -1 0 -1 -1 -1 -1 
1 -1 -1 -1 -1 -1 -1 -1 -1 -1 0 -1 -1 -1 -1 
1 -1 -1 -1 -1 -1 -1 -1 -1 -1 0 -1 -1 -1 -1 
1 -1 -1 -1 -1 -1 -1 -1 -1 0 0 -1 -1 -1 -1 
1 -1 -1 -1 -1 -1 -1 -1 -1 0 0 -1 -1 -1 -1 
1 -1 -1 -1 -1 -1 -1 -1 -1 0 0 -1 -1 -1 -1 
1 -1 -1 -1 -1 -1 -1 -1 -1 0 0 -1 -1 -1 -1 
END
15 1
10 9
14 1
1 1 -1 -1 -1 -1 -1 -1 -1 -1 0 0 -1 -1 -1 
1 1 -1 -1 -1 -1 -1 -1 -1 -1 0 0 -1 -1 -1 
1 1 -1 -1 -1 -1 -1 -1 -1 -1 0 -1 -1 -1 -1 
1 1 -1 -1 -1 -1 -1 -1 -1 -1 0 -1 -1 -1 -1 
1 1 -1 -1 -1 -1 -1 -1 -1 -1 0 -1 -1 -1 -1 
1 1 -1 -1 -1 -1 -1 -1 -1 -1 0 -1 -1 -1 -1 
1 -1 -1 -1 -1 -1 -1 -1 -1 -1 0 -1 -1 -1 -1 
1 -1 -1 -1 -1 -1 -1 -1 -1 -1 0 -1 -1 -1 -1 
1 -1 -1 -1 -1 -1 -1 -1 -1 -1 0 -1 -1 -1 -1 
1 -1 -1 -1 -1 -1 -1 -1 -1 -1 0 -1 -1 -1 -1 
1 -1 -1 -1 -1 -1 -1 -1 -1 0 0 -1 -1 -1 -1 
1 -1 -1 -1 -1 -1 -1 -1 -1 0 0 -1 -1 -1 -1 
1 -1 -1 -1 -1 -1 -1 -1 -1 0 0 -1 -1 -1 -1 
1 -1 -1 -1 -1 -1 -1 -1 -1 0 0 -1 -1 -1 -1 
1 1 -1 -1 -1 -1 -1 -1 -1 0 0 -1 -1 -1 -1 
END
15 1
9 9
13 1
1 1 -1 -1 -1 -1 -1 -1 -1 -1 0 0 -1 -1 -1 
1 1 -1 -1 -1 -1 -1 -1 -1 -1 0 0 -1 -1 -1 
1 1 -1 -1 -1 -1 -1 -1 -1 -1 0 -1 -1 -1 -1 
1 1 -1 -1 -1 -1 -1 -1 -1 -1 0 -1 -1 -1 -1 
1 1 -1 -1 -1 -1 -1 -1 -1 -1 0 -1 -1 -1 -1 
1 1 -1 -1 -1 -1 -1 -1 -1 -1 0 -1 -1 -1 -1 
1 -1 -1 -1 -1 -1 -1 -1 -1 -1 0 -1 -1 -1 -1 
1 -1 -1 -1 -1 -1 -1 -1 -1 -1 0 -1 -1 -1 -1 
1 -1 -1 -1 -1 -1 -1 -1 -1 -1 0 -1 -1 -1 -1 
1 -1 -1 -1 -1 -1 -1 -1 -1 0 0 -1 -1 -1 -1 
1 -1 -1 -1 -1 -1 -1 -1 -1 0 0 -1 -1 -1 -1 
1 -1 -1 -1 -1 -1 -1 -1 -1 0 0 -1 -1 -1 -1 
1 -1 -1 -1 -1 -1 -1 -1 -1 0 0 -1 -1 -1 -1 
1 1 -1 -1 -1 -1 -1 -1 -1 0 0 -1 -1 -1 -1 
1 1 -1 -1 -1 -1 -1 -1 -1 0 0 -1 -1 -1 -1 
END
15 1
8 9
12 1
1 1 -1 -1 -1 -1 -1 -1 -1 -1 0 0 -1 -1 -1 
1 1 -1 -1 -1 -1 -1 -1 -1 -1 0 0 -1 -1 -1 
1 1 -1 -1 -1 -1 -1 -1 -1 -1 0 -1 -1 -1 -1 
1 1 -1 -1 -1 -1 -1 -1 -1 -1 0 -1 -1 -1 -1 
1 1 -1 -1 -1 -1 -1 -1 -1 -1 0 -1 -1 -1 -1 
1 1 -1 -1 -1 -1 -1 -1 -1 -1 0 -1 -1 -1 -1 
1 -1 -1 -1 -1 -1 -1 -1 -1 -1 0 -1 -1 -1 -1 
1 -1 -1 -1 -1 -1 -1 -1 -1 -1 0 -1 -1 -1 -1 
1 -1 -1 -1 -1 -1 -1 -1 -1 0 0 -1 -1 -1 -1 
1 -1 -1 -1 -1 -1 -1 -1 -1 0 0 -1 -1 -1 -1 
1 -1 -1 -1 -1 -1 -1 -1 -1 0 0 -1 -1 -1 -1 
1 -1 -1 -1 -1 -1 -1 -1 -1 0 0 -1 -1 -1 -1 
1 1 -1 -1 -1 -1 -1 -1 -1 0 0 -1 -1 -1 -1 
1 1 -1 -1 -1 -1 -1 -1 -1 0 0 -1 -1 -1 -1 
1 1 -1 -1 -1 -1 -1 -1 -1 0 0 -1 -1 -1 -1 
END
15 1
7 9
11 1
1 1 -1 -1 -1 -1 -1 -1 -1 -1 0 0 -1 -1 -1 
1 1 -1 -1 -1 -1 -1 -1 -1 -1 0 0 -1 -1 -1 
1 1 -1 -1 -1 -1 -1 -1 -1 -1 0 -1 -1 -1 -1 
1 1 -1 -1 -1 -1 -1 -1 -1 -1 0 -1 -1 -1 -1 
1 1 -1 -1 -1 -1 -1 -1 -1 -1 0 -1 -1 -1 -1 
1 1 -1 -1 -1 -1 -1 -1 -1 -1 0 -1 -1 -1 -1 
1 -1 -1 -1 -1 -1 -1 -1 -1 -1 0 -1 -1 -1 -1 
1 -1 -1 -1 -1 -1 -1 -1 -1 0 0 -1 -1 -1 -1 
1 -1 -1 -1 -1 -1 -1 -1 -1 0 0 -1 -1 -1 -1 
1 -1 -1 -1 -1 -1 -1 -1 -1 0 0 -1 -1 -1 -1 
1 -1 -1 -1 -1 -1 -1 -1 -1 0 0 -1 -1 -1 -1 
1 1 -1 -1 -1 -1 -1 -1 -1 0 0 -1 -1 -1 -1 
1 1 -1 -1 -1 -1 -1 -1 -1 0 0 -1 -1 -1 -1 
1 1 -1 -1 -1 -1 -1 -1 -1 0 0 -1 -1 -1 -1 
1 1 -1 -1 -1 -1 -1 -1 -1 0 0 -1 -1 -1 -1 
END
15 1
6 9
10 1
1 1 -1 -1 -1 -1 -1 -1 -1 -1 0 0 -1 -1 -1 
1 1 -1 -1 -1 -1 -1 -1 -1 -1 0 0 -1 -1 -1 
1 1 -1 -1 -1 -1 -1 -1 -1 -1 0 -1 -1 -1 -1 
1 1 -1 -1 -1 -1 -1 -1 -1 -1 0 -1 -1 -1 -1 
1 1 -1 -1 -1 -1 -1 -1 -1 -1 0 -1 -1 -1 -1 
1 1 -1 -1 -1 -1 -1 -1 -1 -1 0 -1 -1 -1 -1 
1 -1 -1 -1 -1 -1 -1 -1 -1 0 0 -1 -1 -1 -1 
1 -1 -1 -1 -1 -1 -1 -1 -1 0 0 -1 -1 -1 -1 
1 -1 -1 -1 -1 -1 -1 -1 -1 0 0 -1 -1 -1 -1 
1 -1 -1 -1 -1 -1 -1 -1 -1 0 0 -1 -1 -1 -1 
1 1 -1 -1 -1 -1 -1 -1 -1 0 0 -1 -1 -1 -1 
1 1 -1 -1 -1 -1 -1 -1 -1 0 0 -1 -1 -1 -1 
1 1 -1 -1 -1 -1 -1 -1 -1 0 0 -1 -1 -1 -1 
1 1 -1 -1 -1 -1 -1 -1 -1 0 0 -1 -1 -1 -1 
1 1 -1 -1 -1 -1 -1 -1 -1 0 0 -1 -1 -1 -1 
END
15 1
5 9
9 1
1 1 -1 -1 -1 -1 -1 -1 -1 -1 0 0 -1 -1 -1 
1 1 -1 -1 -1 -1 -1 -1 -1 -1 0 0 -1 -1 -1 
1 1 -1 -1 -1 -1 -1 -1 -1 -1 0 -1 -1 -1 -1 
1 1 -1 -1 -1 -1 -1 -1 -1 -1 0 -1 -1 -1 -1 
1 1 -1 -1 -1 -1 -1 -1 -1 -1 0 -1 -1 -1 -1 
1 1 -1 -1 -1 -1 -1 -1 -1 0 0 -1 -1 -1 -1 
1 -1 -1 -1 -1 -1 -1 -1 -1 0 0 -1 -1 -1 -1 
1 -1 -1 -1 -1 -1 -1 -1 -1 0 0 -1 -1 -1 -1 
1 -1 -1 -1 -1 -1 -1 -1 -1 0 0 -1 -1 -1 -1 
1 1 -1 -1 -1 -1 -1 -1 -1 0 0 -1 -1 -1 -1 
1 1 -1 -1 -1 -1 -1 -1 -1 0 0 -1 -1 -1 -1 
1 1 -1 -1 -1 -1 -1 -1 -1 0 0 -1 -1 -1 -1 
1 1 -1 -1 -1 -1 -1 -1 -1 0 0 -1 -1 -1 -1 
1 1 -1 -1 -1 -1 -1 -1 -1 0 0 -1 -1 -1 -1 
1 1 -1 -1 -1 -1 -1 -1 -1 0 0 -1 -1 -1 -1 
END
15 1
4 9
8 1
1 1 -1 -1 -1 -1 -1 -1 -1 -1 0 0 -1 -1 -1 
1 1 -1 -1 -1 -1 -1 -1 -1 -1 0 0 -1 -1 -1 
1 1 -1 -1 -1 -1 -1 -1 -1 -1 0 -1 -1 -1 -1 
1 1 -1 -1 -1 -1 -1 -1 -1 -1 0 -1 -1 -1 -1 
1 1 -1 -1 -1 -1 -1 -1 -1 0 0 -1 -1 -1 -1 
1 1 -1 -1 -1 -1 -1 -1 -1 0 0 -1 -1 -1 -1 
1 -1 -1 -1 -1 -1 -1 -1 -1 0 0 -1 -1 -1 -1 
1 -1 -1 -1 -1 -1 -1 -1 -1 0 0 -1 -1 -1 -1 
1 1 -1 -1 -1 -1 -1 -1 -1 0 0 -1 -1 -1 -1 
1 1 -1 -1 -1 -1 -1 -1 -1 0 0 -1 -1 -1 -1 
1 1 -1 -1 -1 -1 -1 -1 -1 0 0 -1 -1 -1 -1 
1 1 -1 -1 -1 -1 -1 -1 -1 0 0 -1 -1 -1 -1 
1 1 -1 -1 -1 -1 -1 -1 -1 0 0 -1 -1 -1 -1 
1 1 -1 -1 -1 -1 -1 -1 -1 0 0 -1 -1 -1 -1 
1 1 -1 -1 -1 -1 -1 -1 -1 0 0 -1 -1 -1 -1 
END
15 1
3 9
7 1
1 1 -1 -1 -1 -1 -1 -1 -1 -1 0 0 -1 -1 -1 
1 1 -1 -1 -1 -1 -1 -1 -1 -1 0 0 -1 -1 -1 
1 1 -1 -1 -1 -1 -1 -1 -1 -1 0 -1 -1 -1 -1 
1 1 -1 -1 -1 -1 -1 -1 -1 0 0 -1 -1 -1 -1 
1 1 -1 -1 -1 -1 -1 -1 -1 0 0 -1 -1 -1 -1 
1 1 -1 -1 -1 -1 -1 -1 -1 0 0 -1 -1 -1 -1 
1 -1 -1 -1 -1 -1 -1 -1 -1 0 0 -1 -1 -1 -1 
1 1 -1 -1 -1 -1 -1 -1 -1 0 0 -1 -1 -1 -1 
1 1 -1 -1 -1 -1 -1 -1 -1 0 0 -1 -1 -1 -1 
1 1 -1 -1 -1 -1 -1 -1 -1 0 0 -1 -1 -1 -1 
1 1 -1 -1 -1 -1 -1 -1 -1 0 0 -1 -1 -1 -1 
1 1 -1 -1 -1 -1 -1 -1 -1 0 0 -1 -1 -1 -1 
1 1 -1 -1 -1 -1 -1 -1 -1 0 0 -1 -1 -1 -1 
1 1 -1 -1 -1 -1 -1 -1 -1 0 0 -1 -1 -1 -1 
1 1 -1 -1 -1 -1 -1 -1 -1 0 0 -1 -1 -1 -1 
END
15 1
2 9
6 1
1 1 -1 -1 -1 -1 -1 -1 -1 -1 0 0 -1 -1 -1 
1 1 -1 -1 -1 -1 -1 -1 -1 -1 0 0 -1 -1 -1 
1 1 -1 -1 -1 -1 -1 -1 -1 0 0 -1 -1 -1 -1 
1 1 -1 -1 -1 -1 -1 -1 -1 0 0 -1 -1 -1 -1 
1 1 -1 -1 -1 -1 -1 -1 -1 0 0 -1 -1 -1 -1 
1 1 -1 -1 -1 -1 -1 -1 -1 0 0 -1 -1 -1 -1 
1 1 -1 -1 -1 -1 -1 -1 -1 0 0 -1 -1 -1 -1 
1 1 -1 -1 -1 -1 -1 -1 -1 0 0 -1 -1 -1 -1 
1 1 -1 -1 -1 -1 -1 -1 -1 0 0 -1 -1 -1 -1 
1 1 -1 -1 -1 -1 -1 -1 -1 0 0 -1 -1 -1 -1 
1 1 -1 -1 -1 -1 -1 -1 -1 0 0 -1 -1 -1 -1 
1 1 -1 -1 -1 -1 -1 -1 -1 0 0 -1 -1 -1 -1 
1 1 -1 -1 -1 -1 -1 -1 -1 0 0 -1 -1 -1 -1 
1 1 -1 -1 -1 -1 -1 -1 -1 0 0 -1 -1 -1 -1 
1 1 -1 -1 -1 -1 -1 -1 -1 0 0 -1 -1 -1 -1 
END
15 1
1 9
6 2
1 1 -1 -1 -1 -1 -1 -1 -1 -1 0 0 -1 -1 -1 
1 1 -1 -1 -1 -1 -1 -1 -1 0 0 0 -1 -1 -1 
1 1 -1 -1 -1 -1 -1 -1 -1 0 0 -1 -1 -1 -1 
1 1 -1 -1 -1 -1 -1 -1 -1 0 0 -1 -1 -1 -1 
1 1 -1 -1 -1 -1 -1 -1 -1 0 0 -1 -1 -1 -1 
1 1 -1 -1 -1 -1 -1 -1 -1 0 0 -1 -1 -1 -1 
1 1 1 -1 -1 -1 -1 -1 -1 0 0 -1 -1 -1 -1 
1 1 -1 -1 -1 -1 -1 -1 -1 0 0 -1 -1 -1 -1 
1 1 -1 -1 -1 -1 -1 -1 -1 0 0 -1 -1 -1 -1 
1 1 -1 -1 -1 -1 -1 -1 -1 0 0 -1 -1 -1 -1 
1 1 -1 -1 -1 -1 -1 -1 -1 0 0 -1 -1 -1 -1 
1 1 -1 -1 -1 -1 -1 -1 -1 0 0 -1 -1 -1 -1 
1 1 -1 -1 -1 -1 -1 -1 -1 0 0 -1 -1 -1 -1 
1 1 -1 -1 -1 -1 -1 -1 -1 0 0 -1 -1 -1 -1 
1 1 -1 -1 -1 -1 -1 -1 -1 0 0 -1 -1 -1 -1 
END
15 1
0 9
5 2
1 1 -1 -1 -1 -1 -1 -1 -1 0 0 0 -1 -1 -1 
1 1 -1 -1 -1 -1 -1 -1 -1 0 0 0 -1 -1 -1 
1 1 -1 -1 -1 -1 -1 -1 -1 0 0 -1 -1 -1 -1 
1 1 -1 -1 -1 -1 -1 -1 -1 0 0 -1 -1 -1 -1 
1 1 -1 -1 -1 -1 -1 -1 -1 0 0 -1 -1 -1 -1 
1 1 1 -1 -1 -1 -1 -1 -1 0 0 -1 -1 -1 -1 
1 1 1 -1 -1 -1 -1 -1 -1 0 0 -1 -1 -1 -1 
1 1 -1 -1 -1 -1 -1 -1 -1 0 0 -1 -1 -1 -1 
1 1 -1 -1 -1 -1 -1 -1 -1 0 0 -1 -1 -1 -1 
1 1 -1 -1 -1 -1 -1 -1 -1 0 0 -1 -1 -1 -1 
1 1 -1 -1 -1 -1 -1 -1 -1 0 0 -1 -1 -1 -1 
1 1 -1 -1 -1 -1 -1 -1 -1 0 0 -1 -1 -1 -1 
1 1 -1 -1 -1 -1 -1 -1 -1 0 0 -1 -1 -1 -1 
1 1 -1 -1 -1 -1 -1 -1 -1 0 0 -1 -1 -1 -1 
1 1 -1 -1 -1 -1 -1 -1 -1 0 0 -1 -1 -1 -1 
END
15 1
0 8
4 2
1 1 -1 -1 -1 -1 -1 -1 0 0 0 0 -1 -1 -1 
1 1 -1 -1 -1 -1 -1 -1 -1 0 0 0 -1 -1 -1 
1 1 -1 -1 -1 -1 -1 -1 -1 0 0 -1 -1 -1 -1 
1 1 -1 -1 -1 -1 -1 -1 -1 0 0 -1 -1 -1 -1 
1 1 1 -1 -1 -1 -1 -1 -1 0 0 -1 -1 -1 -1 
1 1 1 -1 -1 -1 -1 -1 -1 0 0 -1 -1 -1 -1 
1 1 1 -1 -1 -1 -1 -1 -1 0 0 -1 -1 -1 -1 
1 1 -1 -1 -1 -1 -1 -1 -1 0 0 -1 -1 -1 -1 
1 1 -1 -1 -1 -1 -1 -1 -1 0 0 -1 -1 -1 -1 
1 1 -1 -1 -1 -1 -1 -1 -1 0 0 -1 -1 -1 -1 
1 1 -1 -1 -1 -1 -1 -1 -1 0 0 -1 -1 -1 -1 
1 1 -1 -1 -1 -1 -1 -1 -1 0 0 -1 -1 -1 -1 
1 1 -1 -1 -1 -1 -1 -1 -1 0 0 -1 -1 -1 -1 
1 1 -1 -1 -1 -1 -1 -1 -1 0 0 -1 -1 -1 -1 
1 1 -1 -1 -1 -1 -1 -1 -1 0 0 -1 -1 -1 -1 
END
15 1
1 8
3 2
1 1 -1 -1 -1 -1 -1 -1 0 0 0 0 -1 -1 -1 
1 1 -1 -1 -1 -1 -1 -1 0 0 0 0 -1 -1 -1 
1 1 -1 -1 -1 -1 -1 -1 -1 0 0 -1 -1 -1 -1 
1 1 1 -1 -1 -1 -1 -1 -1 0 0 -1 -1 -1 -1 
1 1 1 -1 -1 -1 -1 -1 -1 0 0 -1 -1 -1 -1 
1 1 1 -1 -1 -1 -1 -1 -1 0 0 -1 -1 -1 -1 
1 1 1 -1 -1 -1 -1 -1 -1 0 0 -1 -1 -1 -1 
1 1 -1 -1 -1 -1 -1 -1 -1 0 0 -1 -1 -1 -1 
1 1 -1 -1 -1 -1 -1 -1 -1 0 0 -1 -1 -1 -1 
1 1 -1 -1 -1 -1 -1 -1 -1 0 0 -1 -1 -1 -1 
1 1 -1 -1 -1 -1 -1 -1 -1 0 0 -1 -1 -1 -1 
1 1 -1 -1 -1 -1 -1 -1 -1 0 0 -1 -1 -1 -1 
1 1 -1 -1 -1 -1 -1 -1 -1 0 0 -1 -1 -1 -1 
1 1 -1 -1 -1 -1 -1 -1 -1 0 0 -1 -1 -1 -1 
1 1 -1 -1 -1 -1 -1 -1 -1 0 0 -1 -1 -1 -1 
END
15 1
2 8
2 2
1 1 -1 -1 -1 -1 -1 -1 0 0 0 0 -1 -1 -1 
1 1 -1 -1 -1 -1 -1 -1 0 0 0 0 -1 -1 -1 
1 1 1 -1 -1 -1 -1 -1 0 0 0 -1 -1 -1 -1 
1 1 1 -1 -1 -1 -1 -1 -1 0 0 -1 -1 -1 -1 
1 1 1 -1 -1 -1 -1 -1 -1 0 0 -1 -1 -1 -1 
1 1 1 -1 -1 -1 -1 -1 -1 0 0 -1 -1 -1 -1 
1 1 1 -1 -1 -1 -1 -1 -1 0 0 -1 -1 -1 -1 
1 1 -1 -1 -1 -1 -1 -1 -1 0 0 -1 -1 -1 -1 
1 1 -1 -1 -1 -1 -1 -1 -1 0 0 -1 -1 -1 -1 
1 1 -1 -1 -1 -1 -1 -1 -1 0 0 -1 -1 -1 -1 
1 1 -1 -1 -1 -1 -1 -1 -1 0 0 -1 -1 -1 -1 
1 1 -1 -1 -1 -1 -1 -1 -1 0 0 -1 -1 -1 -1 
1 1 -1 -1 -1 -1 -1 -1 -1 0 0 -1 -1 -1 -1 
1 1 -1 -1 -1 -1 -1 -1 -1 0 0 -1 -1 -1 -1 
1 1 -1 -1 -1 -1 -1 -1 -1 0 0 -1 -1 -1 -1 
END
15 1
3 8
1 2
1 1 -1 -1 -1 -1 -1 -1 0 0 0 0 -1 -1 -1 
1 1 1 -1 -1 -1 -1 -1 0 0 0 0 -1 -1 -1 
1 1 1 -1 -1 -1 -1 -1 0 0 0 -1 -1 -1 -1 
1 1 1 -1 -1 -1 -1 -1 0 0 0 -1 -1 -1 -1 
1 1 1 -1 -1 -1 -1 -1 -1 0 0 -1 -1 -1 -1 
1 1 1 -1 -1 -1 -1 -1 -1 0 0 -1 -1 -1 -1 
1 1 1 -1 -1 -1 -1 -1 -1 0 0 -1 -1 -1 -1 
1 1 -1 -1 -1 -1 -1 -1 -1 0 0 -1 -1 -1 -1 
1 1 -1 -1 -1 -1 -1 -1 -1 0 0 -1 -1 -1 -1 
1 1 -1 -1 -1 -1 -1 -1 -1 0 0 -1 -1 -1 -1 
1 1 -1 -1 -1 -1 -1 -1 -1 0 0 -1 -1 -1 -1 
1 1 -1 -1 -1 -1 -1 -1 -1 0 0 -1 -1 -1 -1 
1 1 -1 -1 -1 -1 -1 -1 -1 0 0 -1 -1 -1 -1 
1 1 -1 -1 -1 -1 -1 -1 -1 0 0 -1 -1 -1 -1 
1 1 -1 -1 -1 -1 -1 -1 -1 0 0 -1 -1 -1 -1 
END
15 1
4 8
0 2
1 1 1 -1 -1 -1 -1 -1 0 0 0 0 -1 -1 -1 
1 1 1 -1 -1 -1 -1 -1 0 0 0 0 -1 -1 -1 
1 1 1 -1 -1 -1 -1 -1 0 0 0 -1 -1 -1 -1 
1 1 1 -1 -1 -1 -1 -1 0 0 0 -1 -1 -1 -1 
1 1 1 -1 -1 -1 -1 -1 0 0 0 -1 -1 -1 -1 
1 1 1 -1 -1 -1 -1 -1 -1 0 0 -1 -1 -1 -1 
1 1 1 -1 -1 -1 -1 -1 -1 0 0 -1 -1 -1 -1 
1 1 -1 -1 -1 -1 -1 -1 -1 0 0 -1 -1 -1 -1 
1 1 -1 -1 -1 -1 -1 -1 -1 0 0 -1 -1 -1 -1 
1 1 -1 -1 -1 -1 -1 -1 -1 0 0 -1 -1 -1 -1 
1 1 -1 -1 -1 -1 -1 -1 -1 0 0 -1 -1 -1 -1 
1 1 -1 -1 -1 -1 -1 -1 -1 0 0 -1 -1 -1 -1 
1 1 -1 -1 -1 -1 -1 -1 -1 0 0 -1 -1 -1 -1 
1 1 -1 -1 -1 -1 -1 -1 -1 0 0 -1 -1 -1 -1 
1 1 -1 -1 -1 -1 -1 -1 -1 0 0 -1 -1 -1 -1 
END
15 1
5 8
0 3
1 1 1 1 -1 -1 -1 -1 0 0 0 0 -1 -1 -1 
1 1 1 -1 -1 -1 -1 -1 0 0 0 0 -1 -1 -1 
1 1 1 -1 -1 -1 -1 -1 0 0 0 -1 -1 -1 -1 
1 1 1 -1 -1 -1 -1 -1 0 0 0 -1 -1 -1 -1 
1 1 1 -1 -1 -1 -1 -1 0 0 0 -1 -1 -1 -1 
1 1 1 -1 -1 -1 -1 -1 0 0 0 -1 -1 -1 -1 
1 1 1 -1 -1 -1 -1 -1 -1 0 0 -1 -1 -1 -1 
1 1 -1 -1 -1 -1 -1 -1 -1 0 0 -1 -1 -1 -1 
1 1 -1 -1 -1 -1 -1 -1 -1 0 0 -1 -1 -1 -1 
1 1 -1 -1 -1 -1 -1 -1 -1 0 0 -1 -1 -1 -1 
1 1 -1 -1 -1 -1 -1 -1 -1 0 0 -1 -1 -1 -1 
1 1 -1 -1 -1 -1 -1 -1 -1 0 0 -1 -1 -1 -1 
1 1 -1 -1 -1 -1 -1 -1 -1 0 0 -1 -1 -1 -1 
1 1 -1 -1 -1 -1 -1 -1 -1 0 0 -1 -1 -1 -1 
1 1 -1 -1 -1 -1 -1 -1 -1 0 0 -1 -1 -1 -1 
END
15 1
6 8
1 3
1 1 1 1 -1 -1 -1 -1 0 0 0 0 -1 -1 -1 
1 1 1 1 -1 -1 -1 -1 0 0 0 0 -1 -1 -1 
1 1 1 -1 -1 -1 -1 -1 0 0 0 -1 -1 -1 -1 
1 1 1 -1 -1 -1 -1 -1 0 0 0 -1 -1 -1 -1 
1 1 1 -1 -1 -1 -1 -1 0 0 0 -1 -1 -1 -1 
1 1 1 -1 -1 -1 -1 -1 0 0 0 -1 -1 -1 -1 
1 1 1 -1 -1 -1 -1 -1 0 0 0 -1 -1 -1 -1 
1 1 -1 -1 -1 -1 -1 -1 -1 0 0 -1 -1 -1 -1 
1 1 -1 -1 -1 -1 -1 -1 -1 0 0 -1 -1 -1 -1 
1 1 -1 -1 -1 -1 -1 -1 -1 0 0 -1 -1 -1 -1 
1 1 -1 -1 -1 -1 -1 -1 -1 0 0 -1 -1 -1 -1 
1 1 -1 -1 -1 -1 -1 -1 -1 0 0 -1 -1 -1 -1 
1 1 -1 -1 -1 -1 -1 -1 -1 0 0 -1 -1 -1 -1 
1 1 -1 -1 -1 -1 -1 -1 -1 0 0 -1 -1 -1 -1 
1 1 -1 -1 -1 -1 -1 -1 -1 0 0 -1 -1 -1 -1 
END
15 1
7 8
2 3
1 1 1 1 -1 -1 -1 -1 0 0 0 0 -1 -1 -1 
1 1 1 1 -1 -1 -1 -1 0 0 0 0 -1 -1 -1 
1 1 1 1 -1 -1 -1 -1 0 0 0 -1 -1 -1 -1 
1 1 1 -1 -1 -1 -1 -1 0 0 0 -1 -1 -1 -1 
1 1 1 -1 -1 -1 -1 -1 0 0 0 -1 -1 -1 -1 
1 1 1 -1 -1 -1 -1 -1 0 0 0 -1 -1 -1 -1 
1 1 1 -1 -1 -1 -1 -1 0 0 0 -1 -1 -1 -1 
1 1 -1 -1 -1 -1 -1 -1 0 0 0 -1 -1 -1 -1 
1 1 -1 -1 -1 -1 -1 -1 -1 0 0 -1 -1 -1 -1 
1 1 -1 -1 -1 -1 -1 -1 -1 0 0 -1 -1 -1 -1 
1 1 -1 -1 -1 -1 -1 -1 -1 0 0 -1 -1 -1 -1 
1 1 -1 -1 -1 -1 -1 -1 -1 0 0 -1 -1 -1 -1 
1 1 -1 -1 -1 -1 -1 -1 -1 0 0 -1 -1 -1 -1 
1 1 -1 -1 -1 -1 -1 -1 -1 0 0 -1 -1 -1 -1 
1 1 -1 -1 -1 -1 -1 -1 -1 0 0 -1 -1 -1 -1 
END
15 1
8 8
3 3
1 1 1 1 -1 -1 -1 -1 0 0 0 0 -1 -1 -1 
1 1 1 1 -1 -1 -1 -1 0 0 0 0 -1 -1 -1 
1 1 1 1 -1 -1 -1 -1 0 0 0 -1 -1 -1 -1 
1 1 1 1 -1 -1 -1 -1 0 0 0 -1 -1 -1 -1 
1 1 1 -1 -1 -1 -1 -1 0 0 0 -1 -1 -1 -1 
1 1 1 -1 -1 -1 -1 -1 0 0 0 -1 -1 -1 -1 
1 1 1 -1 -1 -1 -1 -1 0 0 0 -1 -1 -1 -1 
1 1 -1 -1 -1 -1 -1 -1 0 0 0 -1 -1 -1 -1 
1 1 -1 -1 -1 -1 -1 -1 0 0 0 -1 -1 -1 -1 
1 1 -1 -1 -1 -1 -1 -1 -1 0 0 -1 -1 -1 -1 
1 1 -1 -1 -1 -1 -1 -1 -1 0 0 -1 -1 -1 -1 
1 1 -1 -1 -1 -1 -1 -1 -1 0 0 -1 -1 -1 -1 
1 1 -1 -1 -1 -1 -1 -1 -1 0 0 -1 -1 -1 -1 
1 1 -1 -1 -1 -1 -1 -1 -1 0 0 -1 -1 -1 -1 
1 1 -1 -1 -1 -1 -1 -1 -1 0 0 -1 -1 -1 -1 
END
15 1
9 8
4 3
1 1 1 1 -1 -1 -1 -1 0 0 0 0 -1 -1 -1 
1 1 1 1 -1 -1 -1 -1 0 0 0 0 -1 -1 -1 
1 1 1 1 -1 -1 -1 -1 0 0 0 -1 -1 -1 -1 
1 1 1 1 -1 -1 -1 -1 0 0 0 -1 -1 -1 -1 
1 1 1 1 -1 -1 -1 -1 0 0 0 -1 -1 -1 -1 
1 1 1 -1 -1 -1 -1 -1 0 0 0 -1 -1 -1 -1 
1 1 1 -1 -1 -1 -1 -1 0 0 0 -1 -1 -1 -1 
1 1 -1 -1 -1 -1 -1 -1 0 0 0 -1 -1 -1 -1 
1 1 -1 -1 -1 -1 -1 -1 0 0 0 -1 -1 -1 -1 
1 1 -1 -1 -1 -1 -1 -1 0 0 0 -1 -1 -1 -1 
1 1 -1 -1 -1 -1 -1 -1 -1 0 0 -1 -1 -1 -1 
1 1 -1 -1 -1 -1 -1 -1 -1 0 0 -1 -1 -1 -1 
1 1 -1 -1 -1 -1 -1 -1 -1 0 0 -1 -1 -1 -1 
1 1 -1 -1 -1 -1 -1 -1 -1 0 0 -1 -1 -1 -1 
1 1 -1 -1 -1 -1 -1 -1 -1 0 0 -1 -1 -1 -1 
END
15 1
10 8
5 3
1 1 1 1 -1 -1 -1 -1 0 0 0 0 -1 -1 -1 
1 1 1 1 -1 -1 -1 -1 0 0 0 0 -1 -1 -1 
1 1 1 1 -1 -1 -1 -1 0 0 0 -1 -1 -1 -1 
1 1 1 1 -1 -1 -1 -1 0 0 0 -1 -1 -1 -1 
1 1 1 1 -1 -1 -1 -1 0 0 0 -1 -1 -1 -1 
1 1 1 1 -1 -1 -1 -1 0 0 0 -1 -1 -1 -1 
1 1 1 -1 -1 -1 -1 -1 0 0 0 -1 -1 -1 -1 
1 1 -1 -1 -1 -1 -1 -1 0 0 0 -1 -1 -1 -1 
1 1 -1 -1 -1 -1 -1 -1 0 0 0 -1 -1 -1 -1 
1 1 -1 -1 -1 -1 -1 -1 0 0 0 -1 -1 -1 -1 
1 1 -1 -1 -1 -1 -1 -1 0 0 0 -1 -1 -1 -1 
1 1 -1 -1 -1 -1 -1 -1 -1 0 0 -1 -1 -1 -1 
1 1 -1 -1 -1 -1 -1 -1 -1 0 0 -1 -1 -1 -1 
1 1 -1 -1 -1 -1 -1 -1 -1 0 0 -1 -1 -1 -1 
1 1 -1 -1 -1 -1 -1 -1 -1 0 0 -1 -1 -1 -1 
END
15 1
11 8
6 3
1 1 1 1 -1 -1 -1 -1 0 0 0 0 -1 -1 -1 
1 1 1 1 -1 -1 -1 -1 0 0 0 0 -1 -1 -1 
1 1 1 1 -1 -1 -1 -1 0 0 0 -1 -1 -1 -1 
1 1 1 1 -1 -1 -1 -1 0 0 0 -1 -1 -1 -1 
1 1 1 1 -1 -1 -1 -1 0 0 0 -1 -1 -1 -1 
1 1 1 1 -1 -1 -1 -1 0 0 0 -1 -1 -1 -1 
1 1 1 1 -1 -1 -1 -1 0 0 0 -1 -1 -1 -1 
1 1 -1 -1 -1 -1 -1 -1 0 0 0 -1 -1 -1 -1 
1 1 -1 -1 -1 -1 -1 -1 0 0 0 -1 -1 -1 -1 
1 1 -1 -1 -1 -1 -1 -1 0 0 0 -1 -1 -1 -1 
1 1 -1 -1 -1 -1 -1 -1 0 0 0 -1 -1 -1 -1 
1 1 -1 -1 -1 -1 -1 -1 0 0 0 -1 -1 -1 -1 
1 1 -1 -1 -1 -1 -1 -1 -1 0 0 -1 -1 -1 -1 
1 1 -1 -1 -1 -1 -1 -1 -1 0 0 -1 -1 -1 -1 
1 1 -1 -1 -1 -1 -1 -1 -1 0 0 -1 -1 -1 -1 
END
15 1
12 8
7 3
1 1 1 1 -1 -1 -1 -1 0 0 0 0 -1 -1 -1 
1 1 1 1 -1 -1 -1 -1 0 0 0 0 -1 -1 -1 
1 1 1 1 -1 -1 -1 -1 0 0 0 -1 -1 -1 -1 
1 1 1 1 -1 -1 -1 -1 0 0 0 -1 -1 -1 -1 
1 1 1 1 -1 -1 -1 -1 0 0 0 -1 -1 -1 -1 
1 1 1 1 -1 -1 -1 -1 0 0 0 -1 -1 -1 -1 
1 1 1 1 -1 -1 -1 -1 0 0 0 -1 -1 -1 -1 
1 1 -1 1 -1 -1 -1 -1 0 0 0 -1 -1 -1 -1 
1 1 -1 -1 -1 -1 -1 -1 0 0 0 -1 -1 -1 -1 
1 1 -1 -1 -1 -1 -1 -1 0 0 0 -1 -1 -1 -1 
1 1 -1 -1 -1 -1 -1 -1 0 0 0 -1 -1 -1 -1 
1 1 -1 -1 -1 -1 -1 -1 0 0 0 -1 -1 -1 -1 
1 1 -1 -1 -1 -1 -1 -1 0 0 0 -1 -1 -1 -1 
1 1 -1 -1 -1 -1 -1 -1 -1 0 0 -1 -1 -1 -1 
1 1 -1 -1 -1 -1 -1 -1 -1 0 0 -1 -1 -1 -1 
END
15 1
13 8
8 3
1 1 1 1 -1 -1 -1 -1 0 0 0 0 -1 -1 -1 
1 1 1 1 -1 -1 -1 -1 0 0 0 0 -1 -1 -1 
1 1 1 1 -1 -1 -1 -1 0 0 0 -1 -1 -1 -1 
1 1 1 1 -1 -1 -1 -1 0 0 0 -1 -1 -1 -1 
1 1 1 1 -1 -1 -1 -1 0 0 0 -1 -1 -1 -1 
1 1 1 1 -1 -1 -1 -1 0 0 0 -1 -1 -1 -1 
1 1 1 1 -1 -1 -1 -1 0 0 0 -1 -1 -1 -1 
1 1 -1 1 -1 -1 -1 -1 0 0 0 -1 -1 -1 -1 
1 1 -1 1 -1 -1 -1 -1 0 0 0 -1 -1 -1 -1 
1 1 -1 -1 -1 -1 -1 -1 0 0 0 -1 -1 -1 -1 
1 1 -1 -1 -1 -1 -1 -1 0 0 0 -1 -1 -1 -1 
1 1 -1 -1 -1 -1 -1 -1 0 0 0 -1 -1 -1 -1 
1 1 -1 -1 -1 -1 -1 -1 0 0 0 -1 -1 -1 -1 
1 1 -1 -1 -1 -1 -1 -1 0 0 0 -1 -1 -1 -1 
1 1 -1 -1 -1 -1 -1 -1 -1 0 0 -1 -1 -1 -1 
END
15 1
14 8
9 3
1 1 1 1 -1 -1 -1 -1 0 0 0 0 -1 -1 -1 
1 1 1 1 -1 -1 -1 -1 0 0 0 0 -1 -1 -1 
1 1 1 1 -1 -1 -1 -1 0 0 0 -1 -1 -1 -1 
1 1 1 1 -1 -1 -1 -1 0 0 0 -1 -1 -1 -1 
1 1 1 1 -1 -1 -1 -1 0 0 0 -1 -1 -1 -1 
1 1 1 1 -1 -1 -1 -1 0 0 0 -1 -1 -1 -1 
1 1 1 1 -1 -1 -1 -1 0 0 0 -1 -1 -1 -1 
1 1 -1 1 -1 -1 -1 -1 0 0 0 -1 -1 -1 -1 
1 1 -1 1 -1 -1 -1 -1 0 0 0 -1 -1 -1 -1 
1 1 -1 1 -1 -1 -1 -1 0 0 0 -1 -1 -1 -1 
1 1 -1 -1 -1 -1 -1 -1 0 0 0 -1 -1 -1 -1 
1 1 -1 -1 -1 -1 -1 -1 0 0 0 -1 -1 -1 -1 
1 1 -1 -1 -1 -1 -1 -1 0 0 0 -1 -1 -1 -1 
1 1 -1 -1 -1 -1 -1 -1 0 0 0 -1 -1 -1 -1 
1 1 -1 -1 -1 -1 -1 -1 0 0 0 -1 -1 -1 -1 
END
15 1
14 7
10 3
1 1 1 1 -1 -1 -1 -1 0 0 0 0 -1 -1 -1 
1 1 1 1 -1 -1 -1 -1 0 0 0 0 -1 -1 -1 
1 1 1 1 -1 -1 -1 -1 0 0 0 -1 -1 -1 -1 
1 1 1 1 -1 -1 -1 -1 0 0 0 -1 -1 -1 -1 
1 1 1 1 -1 -1 -1 -1 0 0 0 -1 -1 -1 -1 
1 1 1 1 -1 -1 -1 -1 0 0 0 -1 -1 -1 -1 
1 1 1 1 -1 -1 -1 -1 0 0 0 -1 -1 -1 -1 
1 1 -1 1 -1 -1 -1 -1 0 0 0 -1 -1 -1 -1 
1 1 -1 1 -1 -1 -1 -1 0 0 0 -1 -1 -1 -1 
1 1 -1 1 -1 -1 -1 -1 0 0 0 -1 -1 -1 -1 
1 1 -1 1 -1 -1 -1 -1 0 0 0 -1 -1 -1 -1 
1 1 -1 -1 -1 -1 -1 -1 0 0 0 -1 -1 -1 -1 
1 1 -1 -1 -1 -1 -1 -1 0 0 0 -1 -1 -1 -1 
1 1 -1 -1 -1 -1 -1 -1 0 0 0 -1 -1 -1 -1 
1 1 -1 -1 -1 -1 -1 0 0 0 0 -1 -1 -1 -1 
END
15 1
13 7
11 3
1 1 1 1 -1 -1 -1 -1 0 0 0 0 -1 -1 -1 
1 1 1 1 -1 -1 -1 -1 0 0 0 0 -1 -1 -1 
1 1 1 1 -1 -1 -1 -1 0 0 0 -1 -1 -1 -1 
1 1 1 1 -1 -1 -1 -1 0 0 0 -1 -1 -1 -1 
1 1 1 1 -1 -1 -1 -1 0 0 0 -1 -1 -1 -1 
1 1 1 1 -1 -1 -1 -1 0 0 0 -1 -1 -1 -1 
1 1 1 1 -1 -1 -1 -1 0 0 0 -1 -1 -1 -1 
1 1 -1 1 -1 -1 -1 -1 0 0 0 -1 -1 -1 -1 
1 1 -1 1 -1 -1 -1 -1 0 0 0 -1 -1 -1 -1 
1 1 -1 1 -1 -1 -1 -1 0 0 0 -1 -1 -1 -1 
1 1 -1 1 -1 -1 -1 -1 0 0 0 -1 -1 -1 -1 
1 1 -1 1 -1 -1 -1 -1 0 0 0 -1 -1 -1 -1 
1 1 -1 -1 -1 -1 -1 -1 0 0 0 -1 -1 -1 -1 
1 1 -1 -1 -1 -1 -1 0 0 0 0 -1 -1 -1 -1 
1 1 -1 -1 -1 -1 -1 0 0 0 0 -1 -1 -1 -1 
END
15 1
12 7
12 3
1 1 1 1 -1 -1 -1 -1 0 0 0 0 -1 -1 -1 
1 1 1 1 -1 -1 -1 -1 0 0 0 0 -1 -1 -1 
1 1 1 1 -1 -1 -1 -1 0 0 0 -1 -1 -1 -1 
1 1 1 1 -1 -1 -1 -1 0 0 0 -1 -1 -1 -1 
1 1 1 1 -1 -1 -1 -1 0 0 0 -1 -1 -1 -1 
1 1 1 1 -1 -1 -1 -1 0 0 0 -1 -1 -1 -1 
1 1 1 1 -1 -1 -1 -1 0 0 0 -1 -1 -1 -1 
1 1 -1 1 -1 -1 -1 -1 0 0 0 -1 -1 -1 -1 
1 1 -1 1 -1 -1 -1 -1 0 0 0 -1 -1 -1 -1 
1 1 -1 1 -1 -1 -1 -1 0 0 0 -1 -1 -1 -1 
1 1 -1 1 -1 -1 -1 -1 0 0 0 -1 -1 -1 -1 
1 1 -1 1 -1 -1 -1 -1 0 0 0 -1 -1 -1 -1 
1 1 -1 1 -1 -1 -1 0 0 0 0 -1 -1 -1 -1 
1 1 -1 -1 -1 -1 -1 0 0 0 0 -1 -1 -1 -1 
1 1 -1 -1 -1 -1 -1 0 0 0 0 -1 -1 -1 -1 
END
15 1
11 7
13 3
1 1 1 1 -1 -1 -1 -1 0 0 0 0 -1 -1 -1 
1 1 1 1 -1 -1 -1 -1 0 0 0 0 -1 -1 -1 
1 1 1 1 -1 -1 -1 -1 0 0 0 -1 -1 -1 -1 
1 1 1 1 -1 -1 -1 -1 0 0 0 -1 -1 -1 -1 
1 1 1 1 -1 -1 -1 -1 0 0 0 -1 -1 -1 -1 
1 1 1 1 -1 -1 -1 -1 0 0 0 -1 -1 -1 -1 
1 1 1 1 -1 -1 -1 -1 0 0 0 -1 -1 -1 -1 
1 1 -1 1 -1 -1 -1 -1 0 0 0 -1 -1 -1 -1 
1 1 -1 1 -1 -1 -1 -1 0 0 0 -1 -1 -1 -1 
1 1 -1 1 -1 -1 -1 -1 0 0 0 -1 -1 -1 -1 
1 1 -1 1 -1 -1 -1 -1 0 0 0 -1 -1 -1 -1 
1 1 -1 1 -1 -1 -1 0 0 0 0 -1 -1 -1 -1 
1 1 -1 1 -1 -1 -1 0 0 0 0 -1 -1 -1 -1 
1 1 -1 1 -1 -1 -1 0 0 0 0 -1 -1 -1 -1 
1 1 -1 -1 -1 -1 -1 0 0 0 0 -1 -1 -1 -1 
END
15 1
10 7
14 3
1 1 1 1 -1 -1 -1 -1 0 0 0 0 -1 -1 -1 
1 1 1 1 -1 -1 -1 -1 0 0 0 0 -1 -1 -1 
1 1 1 1 -1 -1 -1 -1 0 0 0 -1 -1 -1 -1 
1 1 1 1 -1 -1 -1 -1 0 0 0 -1 -1 -1 -1 
1 1 1 1 -1 -1 -1 -1 0 0 0 -1 -1 -1 -1 
1 1 1 1 -1 -1 -1 -1 0 0 0 -1 -1 -1 -1 
1 1 1 1 -1 -1 -1 -1 0 0 0 -1 -1 -1 -1 
1 1 -1 1 -1 -1 -1 -1 0 0 0 -1 -1 -1 -1 
1 1 -1 1 -1 -1 -1 -1 0 0 0 -1 -1 -1 -1 
1 1 -1 1 -1 -1 -1 -1 0 0 0 -1 -1 -1 -1 
1 1 -1 1 -1 -1 -1 0 0 0 0 -1 -1 -1 -1 
1 1 -1 1 -1 -1 -1 0 0 0 0 -1 -1 -1 -1 
1 1 -1 1 -1 -1 -1 0 0 0 0 -1 -1 -1 -1 
1 1 -1 1 -1 -1 -1 0 0 0 0 -1 -1 -1 -1 
1 1 -1 1 -1 -1 -1 0 0 0 0 -1 -1 -1 -1 
END
15 1
9 7
14 2
1 1 1 1 -1 -1 -1 -1 0 0 0 0 -1 -1 -1 
1 1 1 1 -1 -1 -1 -1 0 0 0 0 -1 -1 -1 
1 1 1 1 -1 -1 -1 -1 0 0 0 -1 -1 -1 -1 
1 1 1 1 -1 -1 -1 -1 0 0 0 -1 -1 -1 -1 
1 1 1 1 -1 -1 -1 -1 0 0 0 -1 -1 -1 -1 
1 1 1 1 -1 -1 -1 -1 0 0 0 -1 -1 -1 -1 
1 1 1 1 -1 -1 -1 -1 0 0 0 -1 -1 -1 -1 
1 1 -1 1 -1 -1 -1 -1 0 0 0 -1 -1 -1 -1 
1 1 -1 1 -1 -1 -1 -1 0 0 0 -1 -1 -1 -1 
1 1 -1 1 -1 -1 -1 0 0 0 0 -1 -1 -1 -1 
1 1 -1 1 -1 -1 -1 0 0 0 0 -1 -1 -1 -1 
1 1 -1 1 -1 -1 -1 0 0 0 0 -1 -1 -1 -1 
1 1 -1 1 -1 -1 -1 0 0 0 0 -1 -1 -1 -1 
1 1 -1 1 -1 -1 -1 0 0 0 0 -1 -1 -1 -1 
1 1 1 1 -1 -1 -1 0 0 0 0 -1 -1 -1 -1 
END
15 1
8 7
13 2
1 1 1 1 -1 -1 -1 -1 0 0 0 0 -1 -1 -1 
1 1 1 1 -1 -1 -1 -1 0 0 0 0 -1 -1 -1 
1 1 1 1 -1 -1 -1 -1 0 0 0 -1 -1 -1 -1 
1 1 1 1 -1 -1 -1 -1 0 0 0 -1 -1 -1 -1 
1 1 1 1 -1 -1 -1 -1 0 0 0 -1 -1 -1 -1 
1 1 1 1 -1 -1 -1 -1 0 0 0 -1 -1 -1 -1 
1 1 1 1 -1 -1 -1 -1 0 0 0 -1 -1 -1 -1 
1 1 -1 1 -1 -1 -1 -1 0 0 0 -1 -1 -1 -1 
1 1 -1 1 -1 -1 -1 0 0 0 0 -1 -1 -1 -1 
1 1 -1 1 -1 -1 -1 0 0 0 0 -1 -1 -1 -1 
1 1 -1 1 -1 -1 -1 0 0 0 0 -1 -1 -1 -1 
1 1 -1 1 -1 -1 -1 0 0 0 0 -1 -1 -1 -1 
1 1 -1 1 -1 -1 -1 0 0 0 0 -1 -1 -1 -1 
1 1 1 1 -1 -1 -1 0 0 0 0 -1 -1 -1 -1 
1 1 1 1 -1 -1 -1 0 0 0 0 -1 -1 -1 -1 
END
15 1
7 7
12 2
1 1 1 1 -1 -1 -1 -1 0 0 0 0 -1 -1 -1 
1 1 1 1 -1 -1 -1 -1 0 0 0 0 -1 -1 -1 
1 1 1 1 -1 -1 -1 -1 0 0 0 -1 -1 -1 -1 
1 1 1 1 -1 -1 -1 -1 0 0 0 -1 -1 -1 -1 
1 1 1 1 -1 -1 -1 -1 0 0 0 -1 -1 -1 -1 
1 1 1 1 -1 -1 -1 -1 0 0 0 -1 -1 -1 -1 
1 1 1 1 -1 -1 -1 -1 0 0 0 -1 -1 -1 -1 
1 1 -1 1 -1 -1 -1 0 0 0 0 -1 -1 -1 -1 
1 1 -1 1 -1 -1 -1 0 0 0 0 -1 -1 -1 -1 
1 1 -1 1 -1 -1 -1 0 0 0 0 -1 -1 -1 -1 
1 1 -1 1 -1 -1 -1 0 0 0 0 -1 -1 -1 -1 
1 1 -1 1 -1 -1 -1 0 0 0 0 -1 -1 -1 -1 
1 1 1 1 -1 -1 -1 0 0 0 0 -1 -1 -1 -1 
1 1 1 1 -1 -1 -1 0 0 0 0 -1 -1 -1 -1 
1 1 1 1 -1 -1 -1 0 0 0 0 -1 -1 -1 -1 
END
15 1
6 7
11 2
1 1 1 1 -1 -1 -1 -1 0 0 0 0 -1 -1 -1 
1 1 1 1 -1 -1 -1 -1 0 0 0 0 -1 -1 -1 
1 1 1 1 -1 -1 -1 -1 0 0 0 -1 -1 -1 -1 
1 1 1 1 -1 -1 -1 -1 0 0 0 -1 -1 -1 -1 
1 1 1 1 -1 -1 -1 -1 0 0 0 -1 -1 -1 -1 
1 1 1 1 -1 -1 -1 -1 0 0 0 -1 -1 -1 -1 
1 1 1 1 -1 -1 -1 0 0 0 0 -1 -1 -1 -1 
1 1 -1 1 -1 -1 -1 0 0 0 0 -1 -1 -1 -1 
1 1 -1 1 -1 -1 -1 0 0 0 0 -1 -1 -1 -1 
1 1 -1 1 -1 -1 -1 0 0 0 0 -1 -1 -1 -1 
1 1 -1 1 -1 -1 -1 0 0 0 0 -1 -1 -1 -1 
1 1 1 1 -1 -1 -1 0 0 0 0 -1 -1 -1 -1 
1 1 1 1 -1 -1 -1 0 0 0 0 -1 -1 -1 -1 
1 1 1 1 -1 -1 -1 0 0 0 0 -1 -1 -1 -1 
1 1 1 1 -1 -1 -1 0 0 0 0 -1 -1 -1 -1 
END
15 1
5 7
10 2
1 1 1 1 -1 -1 -1 -1 0 0 0 0 -1 -1 -1 
1 1 1 1 -1 -1 -1 -1 0 0 0 0 -1 -1 -1 
1 1 1 1 -1 -1 -1 -1 0 0 0 -1 -1 -1 -1 
1 1 1 1 -1 -1 -1 -1 0 0 0 -1 -1 -1 -1 
1 1 1 1 -1 -1 -1 -1 0 0 0 -1 -1 -1 -1 
1 1 1 1 -1 -1 -1 0 0 0 0 -1 -1 -1 -1 
1 1 1 1 -1 -1 -1 0 0 0 0 -1 -1 -1 -1 
1 1 -1 1 -1 -1 -1 0 0 0 0 -1 -1 -1 -1 
1 1 -1 1 -1 -1 -1 0 0 0 0 -1 -1 -1 -1 
1 1 -1 1 -1 -1 -1 0 0 0 0 -1 -1 -1 -1 
1 1 1 1 -1 -1 -1 0 0 0 0 -1 -1 -1 -1 
1 1 1 1 -1 -1 -1 0 0 0 0 -1 -1 -1 -1 
1 1 1 1 -1 -1 -1 0 0 0 0 -1 -1 -1 -1 
1 1 1 1 -1 -1 -1 0 0 0 0 -1 -1 -1 -1 
1 1 1 1 -1 -1 -1 0 0 0 0 -1 -1 -1 -1 
END
15 1
4 7
9 2
1 1 1 1 -1 -1 -1 -1 0 0 0 0 -1 -1 -1 
1 1 1 1 -1 -1 -1 -1 0 0 0 0 -1 -1 -1 
1 1 1 1 -1 -1 -1 -1 0 0 0 -1 -1 -1 -1 
1 1 1 1 -1 -1 -1 -1 0 0 0 -1 -1 -1 -1 
1 1 1 1 -1 -1 -1 0 0 0 0 -1 -1 -1 -1 
1 1 1 1 -1 -1 -1 0 0 0 0 -1 -1 -1 -1 
1 1 1 1 -1 -1 -1 0 0 0 0 -1 -1 -1 -1 
1 1 -1 1 -1 -1 -1 0 0 0 0 -1 -1 -1 -1 
1 1 -1 1 -1 -1 -1 0 0 0 0 -1 -1 -1 -1 
1 1 1 1 -1 -1 -1 0 0 0 0 -1 -1 -1 -1 
1 1 1 1 -1 -1 -1 0 0 0 0 -1 -1 -1 -1 
1 1 1 1 -1 -1 -1 0 0 0 0 -1 -1 -1 -1 
1 1 1 1 -1 -1 -1 0 0 0 0 -1 -1 -1 -1 
1 1 1 1 -1 -1 -1 0 0 0 0 -1 -1 -1 -1 
1 1 1 1 -1 -1 -1 0 0 0 0 -1 -1 -1 -1 
END
15 1
3 7
8 2
1 1 1 1 -1 -1 -1 -1 0 0 0 0 -1 -1 -1 
1 1 1 1 -1 -1 -1 -1 0 0 0 0 -1 -1 -1 
1 1 1 1 -1 -1 -1 -1 0 0 0 -1 -1 -1 -1 
1 1 1 1 -1 -1 -1 0 0 0 0 -1 -1 -1 -1 
1 1 1 1 -1 -1 -1 0 0 0 0 -1 -1 -1 -1 
1 1 1 1 -1 -1 -1 0 0 0 0 -1 -1 -1 -1 
1 1 1 1 -1 -1 -1 0 0 0 0 -1 -1 -1 -1 
1 1 -1 1 -1 -1 -1 0 0 0 0 -1 -1 -1 -1 
1 1 1 1 -1 -1 -1 0 0 0 0 -1 -1 -1 -1 
1 1 1 1 -1 -1 -1 0 0 0 0 -1 -1 -1 -1 
1 1 1 1 -1 -1 -1 0 0 0 0 -1 -1 -1 -1 
1 1 1 1 -1 -1 -1 0 0 0 0 -1 -1 -1 -1 
1 1 1 1 -1 -1 -1 0 0 0 0 -1 -1 -1 -1 
1 1 1 1 -1 -1 -1 0 0 0 0 -1 -1 -1 -1 
1 1 1 1 -1 -1 -1 0 0 0 0 -1 -1 -1 -1 
END
15 1
2 7
7 2
1 1 1 1 -1 -1 -1 -1 0 0 0 0 -1 -1 -1 
1 1 1 1 -1 -1 -1 -1 0 0 0 0 -1 -1 -1 
1 1 1 1 -1 -1 -1 0 0 0 0 -1 -1 -1 -1 
1 1 1 1 -1 -1 -1 0 0 0 0 -1 -1 -1 -1 
1 1 1 1 -1 -1 -1 0 0 0 0 -1 -1 -1 -1 
1 1 1 1 -1 -1 -1 0 0 0 0 -1 -1 -1 -1 
1 1 1 1 -1 -1 -1 0 0 0 0 -1 -1 -1 -1 
1 1 1 1 -1 -1 -1 0 0 0 0 -1 -1 -1 -1 
1 1 1 1 -1 -1 -1 0 0 0 0 -1 -1 -1 -1 
1 1 1 1 -1 -1 -1 0 0 0 0 -1 -1 -1 -1 
1 1 1 1 -1 -1 -1 0 0 0 0 -1 -1 -1 -1 
1 1 1 1 -1 -1 -1 0 0 0 0 -1 -1 -1 -1 
1 1 1 1 -1 -1 -1 0 0 0 0 -1 -1 -1 -1 
1 1 1 1 -1 -1 -1 0 0 0 0 -1 -1 -1 -1 
1 1 1 1 -1 -1 -1 0 0 0 0 -1 -1 -1 -1 
END
