15 1
10 10
5 3
-1 -1 -1 -1 -1 -1 -1 -1 -1 -1 -1 -1 -1 -1 -1 
-1 -1 -1 -1 -1 -1 -1 -1 -1 -1 -1 -1 -1 -1 -1 
-1 -1 -1 -1 -1 -1 -1 -1 -1 -1 -1 -1 -1 -1 -1 
-1 -1 -1 -1 -1 -1 -1 -1 -1 -1 -1 -1 -1 -1 -1 
-1 -1 -1 -1 -1 -1 -1 -1 -1 -1 -1 -1 -1 -1 -1 
-1 -1 -1 1 -1 -1 -1 -1 -1 -1 -1 -1 -1 -1 -1 
-1 -1 -1 -1 -1 -1 -1 -1 -1 -1 -1 -1 -1 -1 -1 
-1 -1 -1 -1 -1 -1 -1 -1 -1 -1 -1 -1 -1 -1 -1 
-1 -1 -1 -1 -1 -1 -1 -1 -1 -1 -1 -1 -1 -1 -1 
-1 -1 -1 -1 -1 -1 -1 -1 -1 -1 -1 -1 -1 -1 -1 
-1 -1 -1 -1 -1 -1 -1 -1 -1 -1 0 -1 -1 -1 -1 
-1 -1 -1 -1 -1 -1 -1 -1 -1 -1 -1 -1 -1 -1 -1 
-1 -1 -1 -1 -1 -1 -1 -1 -1 -1 -1 -1 -1 -1 -1 
-1 -1 -1 -1 -1 -1 -1 -1 -1 -1 -1 -1 -1 -1 -1 
-1 -1 -1 -1 -1 -1 -1 -1 -1 -1 -1 -1 -1 -1 -1 
END
15 1
9 10
4 3
-1 -1 -1 -1 -1 -1 -1 -1 -1 -1 -1 -1 -1 -1 -1 
-1 -1 -1 -1 -1 -1 -1 -1 -1 -1 -1 -1 -1 -1 -1 
-1 -1 -1 -1 -1 -1 -1 -1 -1 -1 -1 -1 -1 -1 -1 
-1 -1 -1 -1 -1 -1 -1 -1 -1 -1 -1 -1 -1 -1 -1 
-1 -1 -1 1 -1 -1 -1 -1 -1 -1 -1 -1 -1 -1 -1 
-1 -1 -1 1 -1 -1 -1 -1 -1 -1 -1 -1 -1 -1 -1 
-1 -1 -1 -1 -1 -1 -1 -1 -1 -1 -1 -1 -1 -1 -1 
-1 -1 -1 -1 -1 -1 -1 -1 -1 -1 -1 -1 -1 -1 -1 
-1 -1 -1 -1 -1 -1 -1 -1 -1 -1 -1 -1 -1 -1 -1 
-1 -1 -1 -1 -1 -1 -1 -1 -1 -1 0 -1 -1 -1 -1 
-1 -1 -1 -1 -1 -1 -1 -1 -1 -1 0 -1 -1 -1 -1 
-1 -1 -1 -1 -1 -1 -1 -1 -1 -1 -1 -1 -1 -1 -1 
-1 -1 -1 -1 -1 -1 -1 -1 -1 -1 -1 -1 -1 -1 -1 
-1 -1 -1 -1 -1 -1 -1 -1 -1 -1 -1 -1 -1 -1 -1 
-1 -1 -1 -1 -1 -1 -1 -1 -1 -1 -1 -1 -1 -1 -1 
END
15 1
8 10
3 3
-1 -1 -1 -1 -1 -1 -1 -1 -1 -1 -1 -1 -1 -1 -1 
-1 -1 -1 -1 -1 -1 -1 -1 -1 -1 -1 -1 -1 -1 -1 
-1 -1 -1 -1 -1 -1 -1 -1 -1 -1 -1 -1 -1 -1 -1 
-1 -1 -1 1 -1 -1 -1 -1 -1 -1 -1 -1 -1 -1 -1 
-1 -1 -1 1 -1 -1 -1 -1 -1 -1 -1 -1 -1 -1 -1 
-1 -1 -1 1 -1 -1 -1 -1 -1 -1 -1 -1 -1 -1 -1 
-1 -1 -1 -1 -1 -1 -1 -1 -1 -1 -1 -1 -1 -1 -1 
-1 -1 -1 -1 -1 -1 -1 -1 -1 -1 -1 -1 -1 -1 -1 
-1 -1 -1 -1 -1 -1 -1 -1 -1 -1 0 -1 -1 -1 -1 
-1 -1 -1 -1 -1 -1 -1 -1 -1 -1 0 -1 -1 -1 -1 
-1 -1 -1 -1 -1 -1 -1 -1 -1 -1 0 -1 -1 -1 -1 
-1 -1 -1 -1 -1 -1 -1 -1 -1 -1 -1 -1 -1 -1 -1 
-1 -1 -1 -1 -1 -1 -1 -1 -1 -1 -1 -1 -1 -1 -1 
-1 -1 -1 -1 -1 -1 -1 -1 -1 -1 -1 -1 -1 -1 -1 
-1 -1 -1 -1 -1 -1 -1 -1 -1 -1 -1 -1 -1 -1 -1 
END
15 1
7 10
2 3
-1 -1 -1 -1 -1 -1 -1 -1 -1 -1 -1 -1 -1 -1 -1 
-1 -1 -1 -1 -1 -1 -1 -1 -1 -1 -1 -1 -1 -1 -1 
-1 -1 -1 1 -1 -1 -1 -1 -1 -1 -1 -1 -1 -1 -1 
-1 -1 -1 1 -1 -1 -1 -1 -1 -1 -1 -1 -1 -1 -1 
-1 -1 -1 1 -1 -1 -1 -1 -1 -1 -1 -1 -1 -1 -1 
-1 -1 -1 1 -1 -1 -1 -1 -1 -1 -1 -1 -1 -1 -1 
-1 -1 -1 -1 -1 -1 -1 -1 -1 -1 -1 -1 -1 -1 -1 
-1 -1 -1 -1 -1 -1 -1 -1 -1 -1 0 -1 -1 -1 -1 
-1 -1 -1 -1 -1 -1 -1 -1 -1 -1 0 -1 -1 -1 -1 
-1 -1 -1 -1 -1 -1 -1 -1 -1 -1 0 -1 -1 -1 -1 
-1 -1 -1 -1 -1 -1 -1 -1 -1 -1 0 -1 -1 -1 -1 
-1 -1 -1 -1 -1 -1 -1 -1 -1 -1 -1 -1 -1 -1 -1 
-1 -1 -1 -1 -1 -1 -1 -1 -1 -1 -1 -1 -1 -1 -1 
-1 -1 -1 -1 -1 -1 -1 -1 -1 -1 -1 -1 -1 -1 -1 
-1 -1 -1 -1 -1 -1 -1 -1 -1 -1 -1 -1 -1 -1 -1 
END
15 1
6 10
1 3
-1 -1 -1 -1 -1 -1 -1 -1 -1 -1 -1 -1 -1 -1 -1 
-1 -1 -1 1 -1 -1 -1 -1 -1 -1 -1 -1 -1 -1 -1 
-1 -1 -1 1 -1 -1 -1 -1 -1 -1 -1 -1 -1 -1 -1 
-1 -1 -1 1 -1 -1 -1 -1 -1 -1 -1 -1 -1 -1 -1 
-1 -1 -1 1 -1 -1 -1 -1 -1 -1 -1 -1 -1 -1 -1 
-1 -1 -1 1 -1 -1 -1 -1 -1 -1 -1 -1 -1 -1 -1 
-1 -1 -1 -1 -1 -1 -1 -1 -1 -1 0 -1 -1 -1 -1 
-1 -1 -1 -1 -1 -1 -1 -1 -1 -1 0 -1 -1 -1 -1 
-1 -1 -1 -1 -1 -1 -1 -1 -1 -1 0 -1 -1 -1 -1 
-1 -1 -1 -1 -1 -1 -1 -1 -1 -1 0 -1 -1 -1 -1 
-1 -1 -1 -1 -1 -1 -1 -1 -1 -1 0 -1 -1 -1 -1 
-1 -1 -1 -1 -1 -1 -1 -1 -1 -1 -1 -1 -1 -1 -1 
-1 -1 -1 -1 -1 -1 -1 -1 -1 -1 -1 -1 -1 -1 -1 
-1 -1 -1 -1 -1 -1 -1 -1 -1 -1 -1 -1 -1 -1 -1 
-1 -1 -1 -1 -1 -1 -1 -1 -1 -1 -1 -1 -1 -1 -1 
END
15 1
5 10
0 3
-1 -1 -1 1 -1 -1 -1 -1 -1 -1 -1 -1 -1 -1 -1 
-1 -1 -1 1 -1 -1 -1 -1 -1 -1 -1 -1 -1 -1 -1 
-1 -1 -1 1 -1 -1 -1 -1 -1 -1 -1 -1 -1 -1 -1 
-1 -1 -1 1 -1 -1 -1 -1 -1 -1 -1 -1 -1 -1 -1 
-1 -1 -1 1 -1 -1 -1 -1 -1 -1 -1 -1 -1 -1 -1 
-1 -1 -1 1 -1 -1 -1 -1 -1 -1 0 -1 -1 -1 -1 
-1 -1 -1 -1 -1 -1 -1 -1 -1 -1 0 -1 -1 -1 -1 
-1 -1 -1 -1 -1 -1 -1 -1 -1 -1 0 -1 -1 -1 -1 
-1 -1 -1 -1 -1 -1 -1 -1 -1 -1 0 -1 -1 -1 -1 
-1 -1 -1 -1 -1 -1 -1 -1 -1 -1 0 -1 -1 -1 -1 
-1 -1 -1 -1 -1 -1 -1 -1 -1 -1 0 -1 -1 -1 -1 
-1 -1 -1 -1 -1 -1 -1 -1 -1 -1 -1 -1 -1 -1 -1 
-1 -1 -1 -1 -1 -1 -1 -1 -1 -1 -1 -1 -1 -1 -1 
-1 -1 -1 -1 -1 -1 -1 -1 -1 -1 -1 -1 -1 -1 -1 
-1 -1 -1 -1 -1 -1 -1 -1 -1 -1 -1 -1 -1 -1 -1 
END
15 1
4 10
0 2
-1 -1 1 1 -1 -1 -1 -1 -1 -1 -1 -1 -1 -1 -1 
-1 -1 -1 1 -1 -1 -1 -1 -1 -1 -1 -1 -1 -1 -1 
-1 -1 -1 1 -1 -1 -1 -1 -1 -1 -1 -1 -1 -1 -1 
-1 -1 -1 1 -1 -1 -1 -1 -1 -1 -1 -1 -1 -1 -1 
-1 -1 -1 1 -1 -1 -1 -1 -1 -1 0 -1 -1 -1 -1 
-1 -1 -1 1 -1 -1 -1 -1 -1 -1 0 -1 -1 -1 -1 
-1 -1 -1 -1 -1 -1 -1 -1 -1 -1 0 -1 -1 -1 -1 
-1 -1 -1 -1 -1 -1 -1 -1 -1 -1 0 -1 -1 -1 -1 
-1 -1 -1 -1 -1 -1 -1 -1 -1 -1 0 -1 -1 -1 -1 
-1 -1 -1 -1 -1 -1 -1 -1 -1 -1 0 -1 -1 -1 -1 
-1 -1 -1 -1 -1 -1 -1 -1 -1 -1 0 -1 -1 -1 -1 
-1 -1 -1 -1 -1 -1 -1 -1 -1 -1 -1 -1 -1 -1 -1 
-1 -1 -1 -1 -1 -1 -1 -1 -1 -1 -1 -1 -1 -1 -1 
-1 -1 -1 -1 -1 -1 -1 -1 -1 -1 -1 -1 -1 -1 -1 
-1 -1 -1 -1 -1 -1 -1 -1 -1 -1 -1 -1 -1 -1 -1 
END
15 1
3 10
1 2
-1 -1 1 1 -1 -1 -1 -1 -1 -1 -1 -1 -1 -1 -1 
-1 -1 1 1 -1 -1 -1 -1 -1 -1 -1 -1 -1 -1 -1 
-1 -1 -1 1 -1 -1 -1 -1 -1 -1 -1 -1 -1 -1 -1 
-1 -1 -1 1 -1 -1 -1 -1 -1 -1 0 -1 -1 -1 -1 
-1 -1 -1 1 -1 -1 -1 -1 -1 -1 0 -1 -1 -1 -1 
-1 -1 -1 1 -1 -1 -1 -1 -1 -1 0 -1 -1 -1 -1 
-1 -1 -1 -1 -1 -1 -1 -1 -1 -1 0 -1 -1 -1 -1 
-1 -1 -1 -1 -1 -1 -1 -1 -1 -1 0 -1 -1 -1 -1 
-1 -1 -1 -1 -1 -1 -1 -1 -1 -1 0 -1 -1 -1 -1 
-1 -1 -1 -1 -1 -1 -1 -1 -1 -1 0 -1 -1 -1 -1 
-1 -1 -1 -1 -1 -1 -1 -1 -1 -1 0 -1 -1 -1 -1 
-1 -1 -1 -1 -1 -1 -1 -1 -1 -1 -1 -1 -1 -1 -1 
-1 -1 -1 -1 -1 -1 -1 -1 -1 -1 -1 -1 -1 -1 -1 
-1 -1 -1 -1 -1 -1 -1 -1 -1 -1 -1 -1 -1 -1 -1 
-1 -1 -1 -1 -1 -1 -1 -1 -1 -1 -1 -1 -1 -1 -1 
END
15 1
2 10
2 2
-1 -1 1 1 -1 -1 -1 -1 -1 -1 -1 -1 -1 -1 -1 
-1 -1 1 1 -1 -1 -1 -1 -1 -1 -1 -1 -1 -1 -1 
-1 -1 1 1 -1 -1 -1 -1 -1 -1 0 -1 -1 -1 -1 
-1 -1 -1 1 -1 -1 -1 -1 -1 -1 0 -1 -1 -1 -1 
-1 -1 -1 1 -1 -1 -1 -1 -1 -1 0 -1 -1 -1 -1 
-1 -1 -1 1 -1 -1 -1 -1 -1 -1 0 -1 -1 -1 -1 
-1 -1 -1 -1 -1 -1 -1 -1 -1 -1 0 -1 -1 -1 -1 
-1 -1 -1 -1 -1 -1 -1 -1 -1 -1 0 -1 -1 -1 -1 
-1 -1 -1 -1 -1 -1 -1 -1 -1 -1 0 -1 -1 -1 -1 
-1 -1 -1 -1 -1 -1 -1 -1 -1 -1 0 -1 -1 -1 -1 
-1 -1 -1 -1 -1 -1 -1 -1 -1 -1 0 -1 -1 -1 -1 
-1 -1 -1 -1 -1 -1 -1 -1 -1 -1 -1 -1 -1 -1 -1 
-1 -1 -1 -1 -1 -1 -1 -1 -1 -1 -1 -1 -1 -1 -1 
-1 -1 -1 -1 -1 -1 -1 -1 -1 -1 -1 -1 -1 -1 -1 
-1 -1 -1 -1 -1 -1 -1 -1 -1 -1 -1 -1 -1 -1 -1 
END
15 1
1 10
3 2
-1 -1 1 1 -1 -1 -1 -1 -1 -1 -1 -1 -1 -1 -1 
-1 -1 1 1 -1 -1 -1 -1 -1 -1 0 -1 -1 -1 -1 
-1 -1 1 1 -1 -1 -1 -1 -1 -1 0 -1 -1 -1 -1 
-1 -1 1 1 -1 -1 -1 -1 -1 -1 0 -1 -1 -1 -1 
-1 -1 -1 1 -1 -1 -1 -1 -1 -1 0 -1 -1 -1 -1 
-1 -1 -1 1 -1 -1 -1 -1 -1 -1 0 -1 -1 -1 -1 
-1 -1 -1 -1 -1 -1 -1 -1 -1 -1 0 -1 -1 -1 -1 
-1 -1 -1 -1 -1 -1 -1 -1 -1 -1 0 -1 -1 -1 -1 
-1 -1 -1 -1 -1 -1 -1 -1 -1 -1 0 -1 -1 -1 -1 
-1 -1 -1 -1 -1 -1 -1 -1 -1 -1 0 -1 -1 -1 -1 
-1 -1 -1 -1 -1 -1 -1 -1 -1 -1 0 -1 -1 -1 -1 
-1 -1 -1 -1 -1 -1 -1 -1 -1 -1 -1 -1 -1 -1 -1 
-1 -1 -1 -1 -1 -1 -1 -1 -1 -1 -1 -1 -1 -1 -1 
-1 -1 -1 -1 -1 -1 -1 -1 -1 -1 -1 -1 -1 -1 -1 
-1 -1 -1 -1 -1 -1 -1 -1 -1 -1 -1 -1 -1 -1 -1 
END
15 1
0 10
4 2
-1 -1 1 1 -1 -1 -1 -1 -1 -1 0 -1 -1 -1 -1 
-1 -1 1 1 -1 -1 -1 -1 -1 -1 0 -1 -1 -1 -1 
-1 -1 1 1 -1 -1 -1 -1 -1 -1 0 -1 -1 -1 -1 
-1 -1 1 1 -1 -1 -1 -1 -1 -1 0 -1 -1 -1 -1 
-1 -1 1 1 -1 -1 -1 -1 -1 -1 0 -1 -1 -1 -1 
-1 -1 -1 1 -1 -1 -1 -1 -1 -1 0 -1 -1 -1 -1 
-1 -1 -1 -1 -1 -1 -1 -1 -1 -1 0 -1 -1 -1 -1 
-1 -1 -1 -1 -1 -1 -1 -1 -1 -1 0 -1 -1 -1 -1 
-1 -1 -1 -1 -1 -1 -1 -1 -1 -1 0 -1 -1 -1 -1 
-1 -1 -1 -1 -1 -1 -1 -1 -1 -1 0 -1 -1 -1 -1 
-1 -1 -1 -1 -1 -1 -1 -1 -1 -1 0 -1 -1 -1 -1 
-1 -1 -1 -1 -1 -1 -1 -1 -1 -1 -1 -1 -1 -1 -1 
-1 -1 -1 -1 -1 -1 -1 -1 -1 -1 -1 -1 -1 -1 -1 
-1 -1 -1 -1 -1 -1 -1 -1 -1 -1 -1 -1 -1 -1 -1 
-1 -1 -1 -1 -1 -1 -1 -1 -1 -1 -1 -1 -1 -1 -1 
END
15 1
0 9
5 2
-1 -1 1 1 -1 -1 -1 -1 -1 0 0 -1 -1 -1 -1 
-1 -1 1 1 -1 -1 -1 -1 -1 -1 0 -1 -1 -1 -1 
-1 -1 1 1 -1 -1 -1 -1 -1 -1 0 -1 -1 -1 -1 
-1 -1 1 1 -1 -1 -1 -1 -1 -1 0 -1 -1 -1 -1 
-1 -1 1 1 -1 -1 -1 -1 -1 -1 0 -1 -1 -1 -1 
-1 -1 1 1 -1 -1 -1 -1 -1 -1 0 -1 -1 -1 -1 
-1 -1 -1 -1 -1 -1 -1 -1 -1 -1 0 -1 -1 -1 -1 
-1 -1 -1 -1 -1 -1 -1 -1 -1 -1 0 -1 -1 -1 -1 
-1 -1 -1 -1 -1 -1 -1 -1 -1 -1 0 -1 -1 -1 -1 
-1 -1 -1 -1 -1 -1 -1 -1 -1 -1 0 -1 -1 -1 -1 
-1 -1 -1 -1 -1 -1 -1 -1 -1 -1 0 -1 -1 -1 -1 
-1 -1 -1 -1 -1 -1 -1 -1 -1 -1 -1 -1 -1 -1 -1 
-1 -1 -1 -1 -1 -1 -1 -1 -1 -1 -1 -1 -1 -1 -1 
-1 -1 -1 -1 -1 -1 -1 -1 -1 -1 -1 -1 -1 -1 -1 
-1 -1 -1 -1 -1 -1 -1 -1 -1 -1 -1 -1 -1 -1 -1 
END
15 1
1 9
6 2
-1 -1 1 1 -1 -1 -1 -1 -1 0 0 -1 -1 -1 -1 
-1 -1 1 1 -1 -1 -1 -1 -1 0 0 -1 -1 -1 -1 
-1 -1 1 1 -1 -1 -1 -1 -1 -1 0 -1 -1 -1 -1 
-1 -1 1 1 -1 -1 -1 -1 -1 -1 0 -1 -1 -1 -1 
-1 -1 1 1 -1 -1 -1 -1 -1 -1 0 -1 -1 -1 -1 
-1 -1 1 1 -1 -1 -1 -1 -1 -1 0 -1 -1 -1 -1 
-1 -1 1 -1 -1 -1 -1 -1 -1 -1 0 -1 -1 -1 -1 
-1 -1 -1 -1 -1 -1 -1 -1 -1 -1 0 -1 -1 -1 -1 
-1 -1 -1 -1 -1 -1 -1 -1 -1 -1 0 -1 -1 -1 -1 
-1 -1 -1 -1 -1 -1 -1 -1 -1 -1 0 -1 -1 -1 -1 
-1 -1 -1 -1 -1 -1 -1 -1 -1 -1 0 -1 -1 -1 -1 
-1 -1 -1 -1 -1 -1 -1 -1 -1 -1 -1 -1 -1 -1 -1 
-1 -1 -1 -1 -1 -1 -1 -1 -1 -1 -1 -1 -1 -1 -1 
-1 -1 -1 -1 -1 -1 -1 -1 -1 -1 -1 -1 -1 -1 -1 
-1 -1 -1 -1 -1 -1 -1 -1 -1 -1 -1 -1 -1 -1 -1 
END
15 1
2 9
7 2
-1 -1 1 1 -1 -1 -1 -1 -1 0 0 -1 -1 -1 -1 
-1 -1 1 1 -1 -1 -1 -1 -1 0 0 -1 -1 -1 -1 
-1 -1 1 1 -1 -1 -1 -1 -1 0 0 -1 -1 -1 -1 
-1 -1 1 1 -1 -1 -1 -1 -1 -1 0 -1 -1 -1 -1 
-1 -1 1 1 -1 -1 -1 -1 -1 -1 0 -1 -1 -1 -1 
-1 -1 1 1 -1 -1 -1 -1 -1 -1 0 -1 -1 -1 -1 
-1 -1 1 -1 -1 -1 -1 -1 -1 -1 0 -1 -1 -1 -1 
-1 -1 1 -1 -1 -1 -1 -1 -1 -1 0 -1 -1 -1 -1 
-1 -1 -1 -1 -1 -1 -1 -1 -1 -1 0 -1 -1 -1 -1 
-1 -1 -1 -1 -1 -1 -1 -1 -1 -1 0 -1 -1 -1 -1 
-1 -1 -1 -1 -1 -1 -1 -1 -1 -1 0 -1 -1 -1 -1 
-1 -1 -1 -1 -1 -1 -1 -1 -1 -1 -1 -1 -1 -1 -1 
-1 -1 -1 -1 -1 -1 -1 -1 -1 -1 -1 -1 -1 -1 -1 
-1 -1 -1 -1 -1 -1 -1 -1 -1 -1 -1 -1 -1 -1 -1 
-1 -1 -1 -1 -1 -1 -1 -1 -1 -1 -1 -1 -1 -1 -1 
END
15 1
3 9
8 2
-1 -1 1 1 -1 -1 -1 -1 -1 0 0 -1 -1 -1 -1 
-1 -1 1 1 -1 -1 -1 -1 -1 0 0 -1 -1 -1 -1 
-1 -1 1 1 -1 -1 -1 -1 -1 0 0 -1 -1 -1 -1 
-1 -1 1 1 -1 -1 -1 -1 -1 0 0 -1 -1 -1 -1 
-1 -1 1 1 -1 -1 -1 -1 -1 -1 0 -1 -1 -1 -1 
-1 -1 1 1 -1 -1 -1 -1 -1 -1 0 -1 -1 -1 -1 
-1 -1 1 -1 -1 -1 -1 -1 -1 -1 0 -1 -1 -1 -1 
-1 -1 1 -1 -1 -1 -1 -1 -1 -1 0 -1 -1 -1 -1 
-1 -1 1 -1 -1 -1 -1 -1 -1 -1 0 -1 -1 -1 -1 
-1 -1 -1 -1 -1 -1 -1 -1 -1 -1 0 -1 -1 -1 -1 
-1 -1 -1 -1 -1 -1 -1 -1 -1 -1 0 -1 -1 -1 -1 
-1 -1 -1 -1 -1 -1 -1 -1 -1 -1 -1 -1 -1 -1 -1 
-1 -1 -1 -1 -1 -1 -1 -1 -1 -1 -1 -1 -1 -1 -1 
-1 -1 -1 -1 -1 -1 -1 -1 -1 -1 -1 -1 -1 -1 -1 
-1 -1 -1 -1 -1 -1 -1 -1 -1 -1 -1 -1 -1 -1 -1 
END
15 1
4 9
9 2
-1 -1 1 1 -1 -1 -1 -1 -1 0 0 -1 -1 -1 -1 
-1 -1 1 1 -1 -1 -1 -1 -1 0 0 -1 -1 -1 -1 
-1 -1 1 1 -1 -1 -1 -1 -1 0 0 -1 -1 -1 -1 
-1 -1 1 1 -1 -1 -1 -1 -1 0 0 -1 -1 -1 -1 
-1 -1 1 1 -1 -1 -1 -1 -1 0 0 -1 -1 -1 -1 
-1 -1 1 1 -1 -1 -1 -1 -1 -1 0 -1 -1 -1 -1 
-1 -1 1 -1 -1 -1 -1 -1 -1 -1 0 -1 -1 -1 -1 
-1 -1 1 -1 -1 -1 -1 -1 -1 -1 0 -1 -1 -1 -1 
-1 -1 1 -1 -1 -1 -1 -1 -1 -1 0 -1 -1 -1 -1 
-1 -1 1 -1 -1 -1 -1 -1 -1 -1 0 -1 -1 -1 -1 
-1 -1 -1 -1 -1 -1 -1 -1 -1 -1 0 -1 -1 -1 -1 
-1 -1 -1 -1 -1 -1 -1 -1 -1 -1 -1 -1 -1 -1 -1 
-1 -1 -1 -1 -1 -1 -1 -1 -1 -1 -1 -1 -1 -1 -1 
-1 -1 -1 -1 -1 -1 -1 -1 -1 -1 -1 -1 -1 -1 -1 
-1 -1 -1 -1 -1 -1 -1 -1 -1 -1 -1 -1 -1 -1 -1 
END
15 1
5 9
10 2
-1 -1 1 1 -1 -1 -1 -1 -1 0 0 -1 -1 -1 -1 
-1 -1 1 1 -1 -1 -1 -1 -1 0 0 -1 -1 -1 -1 
-1 -1 1 1 -1 -1 -1 -1 -1 0 0 -1 -1 -1 -1 
-1 -1 1 1 -1 -1 -1 -1 -1 0 0 -1 -1 -1 -1 
-1 -1 1 1 -1 -1 -1 -1 -1 0 0 -1 -1 -1 -1 
-1 -1 1 1 -1 -1 -1 -1 -1 0 0 -1 -1 -1 -1 
-1 -1 1 -1 -1 -1 -1 -1 -1 -1 0 -1 -1 -1 -1 
-1 -1 1 -1 -1 -1 -1 -1 -1 -1 0 -1 -1 -1 -1 
-1 -1 1 -1 -1 -1 -1 -1 -1 -1 0 -1 -1 -1 -1 
-1 -1 1 -1 -1 -1 -1 -1 -1 -1 0 -1 -1 -1 -1 
-1 -1 1 -1 -1 -1 -1 -1 -1 -1 0 -1 -1 -1 -1 
-1 -1 -1 -1 -1 -1 -1 -1 -1 -1 -1 -1 -1 -1 -1 
-1 -1 -1 -1 -1 -1 -1 -1 -1 -1 -1 -1 -1 -1 -1 
-1 -1 -1 -1 -1 -1 -1 -1 -1 -1 -1 -1 -1 -1 -1 
-1 -1 -1 -1 -1 -1 -1 -1 -1 -1 -1 -1 -1 -1 -1 
END
15 1
6 9
11 2
-1 -1 1 1 -1 -1 -1 -1 -1 0 0 -1 -1 -1 -1 
-1 -1 1 1 -1 -1 -1 -1 -1 0 0 -1 -1 -1 -1 
-1 -1 1 1 -1 -1 -1 -1 -1 0 0 -1 -1 -1 -1 
-1 -1 1 1 -1 -1 -1 -1 -1 0 0 -1 -1 -1 -1 
-1 -1 1 1 -1 -1 -1 -1 -1 0 0 -1 -1 -1 -1 
-1 -1 1 1 -1 -1 -1 -1 -1 0 0 -1 -1 -1 -1 
-1 -1 1 -1 -1 -1 -1 -1 -1 0 0 -1 -1 -1 -1 
-1 -1 1 -1 -1 -1 -1 -1 -1 -1 0 -1 -1 -1 -1 
-1 -1 1 -1 -1 -1 -1 -1 -1 -1 0 -1 -1 -1 -1 
-1 -1 1 -1 -1 -1 -1 -1 -1 -1 0 -1 -1 -1 -1 
-1 -1 1 -1 -1 -1 -1 -1 -1 -1 0 -1 -1 -1 -1 
-1 -1 1 -1 -1 -1 -1 -1 -1 -1 -1 -1 -1 -1 -1 
-1 -1 -1 -1 -1 -1 -1 -1 -1 -1 -1 -1 -1 -1 -1 
-1 -1 -1 -1 -1 -1 -1 -1 -1 -1 -1 -1 -1 -1 -1 
-1 -1 -1 -1 -1 -1 -1 -1 -1 -1 -1 -1 -1 -1 -1 
END
15 1
7 9
12 2
-1 -1 1 1 -1 -1 -1 -1 -1 0 0 -1 -1 -1 -1 
-1 -1 1 1 -1 -1 -1 -1 -1 0 0 -1 -1 -1 -1 
-1 -1 1 1 -1 -1 -1 -1 -1 0 0 -1 -1 -1 -1 
-1 -1 1 1 -1 -1 -1 -1 -1 0 0 -1 -1 -1 -1 
-1 -1 1 1 -1 -1 -1 -1 -1 0 0 -1 -1 -1 -1 
-1 -1 1 1 -1 -1 -1 -1 -1 0 0 -1 -1 -1 -1 
-1 -1 1 -1 -1 -1 -1 -1 -1 0 0 -1 -1 -1 -1 
-1 -1 1 -1 -1 -1 -1 -1 -1 0 0 -1 -1 -1 -1 
-1 -1 1 -1 -1 -1 -1 -1 -1 -1 0 -1 -1 -1 -1 
-1 -1 1 -1 -1 -1 -1 -1 -1 -1 0 -1 -1 -1 -1 
-1 -1 1 -1 -1 -1 -1 -1 -1 -1 0 -1 -1 -1 -1 
-1 -1 1 -1 -1 -1 -1 -1 -1 -1 -1 -1 -1 -1 -1 
-1 -1 1 -1 -1 -1 -1 -1 -1 -1 -1 -1 -1 -1 -1 
-1 -1 -1 -1 -1 -1 -1 -1 -1 -1 -1 -1 -1 -1 -1 
-1 -1 -1 -1 -1 -1 -1 -1 -1 -1 -1 -1 -1 -1 -1 
END
15 1
8 9
13 2
-1 -1 1 1 -1 -1 -1 -1 -1 0 0 -1 -1 -1 -1 
-1 -1 1 1 -1 -1 -1 -1 -1 0 0 -1 -1 -1 -1 
-1 -1 1 1 -1 -1 -1 -1 -1 0 0 -1 -1 -1 -1 
-1 -1 1 1 -1 -1 -1 -1 -1 0 0 -1 -1 -1 -1 
-1 -1 1 1 -1 -1 -1 -1 -1 0 0 -1 -1 -1 -1 
-1 -1 1 1 -1 -1 -1 -1 -1 0 0 -1 -1 -1 -1 
-1 -1 1 -1 -1 -1 -1 -1 -1 0 0 -1 -1 -1 -1 
-1 -1 1 -1 -1 -1 -1 -1 -1 0 0 -1 -1 -1 -1 
-1 -1 1 -1 -1 -1 -1 -1 -1 0 0 -1 -1 -1 -1 
-1 -1 1 -1 -1 -1 -1 -1 -1 -1 0 -1 -1 -1 -1 
-1 -1 1 -1 -1 -1 -1 -1 -1 -1 0 -1 -1 -1 -1 
-1 -1 1 -1 -1 -1 -1 -1 -1 -1 -1 -1 -1 -1 -1 
-1 -1 1 -1 -1 -1 -1 -1 -1 -1 -1 -1 -1 -1 -1 
-1 -1 1 -1 -1 -1 -1 -1 -1 -1 -1 -1 -1 -1 -1 
-1 -1 -1 -1 -1 -1 -1 -1 -1 -1 -1 -1 -1 -1 -1 
END
15 1
9 9
14 2
-1 -1 1 1 -1 -1 -1 -1 -1 0 0 -1 -1 -1 -1 
-1 -1 1 1 -1 -1 -1 -1 -1 0 0 -1 -1 -1 -1 
-1 -1 1 1 -1 -1 -1 -1 -1 0 0 -1 -1 -1 -1 
-1 -1 1 1 -1 -1 -1 -1 -1 0 0 -1 -1 -1 -1 
-1 -1 1 1 -1 -1 -1 -1 -1 0 0 -1 -1 -1 -1 
-1 -1 1 1 -1 -1 -1 -1 -1 0 0 -1 -1 -1 -1 
-1 -1 1 -1 -1 -1 -1 -1 -1 0 0 -1 -1 -1 -1 
-1 -1 1 -1 -1 -1 -1 -1 -1 0 0 -1 -1 -1 -1 
-1 -1 1 -1 -1 -1 -1 -1 -1 0 0 -1 -1 -1 -1 
-1 -1 1 -1 -1 -1 -1 -1 -1 0 0 -1 -1 -1 -1 
-1 -1 1 -1 -1 -1 -1 -1 -1 -1 0 -1 -1 -1 -1 
-1 -1 1 -1 -1 -1 -1 -1 -1 -1 -1 -1 -1 -1 -1 
-1 -1 1 -1 -1 -1 -1 -1 -1 -1 -1 -1 -1 -1 -1 
-1 -1 1 -1 -1 -1 -1 -1 -1 -1 -1 -1 -1 -1 -1 
-1 -1 1 -1 -1 -1 -1 -1 -1 -1 -1 -1 -1 -1 -1 
END
15 1
10 9
14 1
-1 -1 1 1 -1 -1 -1 -1 -1 0 0 -1 -1 -1 -1 
-1 -1 1 1 -1 -1 -1 -1 -1 0 0 -1 -1 -1 -1 
-1 -1 1 1 -1 -1 -1 -1 -1 0 0 -1 -1 -1 -1 
-1 -1 1 1 -1 -1 -1 -1 -1 0 0 -1 -1 -1 -1 
-1 -1 1 1 -1 -1 -1 -1 -1 0 0 -1 -1 -1 -1 
-1 -1 1 1 -1 -1 -1 -1 -1 0 0 -1 -1 -1 -1 
-1 -1 1 -1 -1 -1 -1 -1 -1 0 0 -1 -1 -1 -1 
-1 -1 1 -1 -1 -1 -1 -1 -1 0 0 -1 -1 -1 -1 
-1 -1 1 -1 -1 -1 -1 -1 -1 0 0 -1 -1 -1 -1 
-1 -1 1 -1 -1 -1 -1 -1 -1 0 0 -1 -1 -1 -1 
-1 -1 1 -1 -1 -1 -1 -1 -1 0 0 -1 -1 -1 -1 
-1 -1 1 -1 -1 -1 -1 -1 -1 -1 -1 -1 -1 -1 -1 
-1 -1 1 -1 -1 -1 -1 -1 -1 -1 -1 -1 -1 -1 -1 
-1 -1 1 -1 -1 -1 -1 -1 -1 -1 -1 -1 -1 -1 -1 
-1 1 1 -1 -1 -1 -1 -1 -1 -1 -1 -1 -1 -1 -1 
END
15 1
11 9
13 1
-1 -1 1 1 -1 -1 -1 -1 -1 0 0 -1 -1 -1 -1 
-1 -1 1 1 -1 -1 -1 -1 -1 0 0 -1 -1 -1 -1 
-1 -1 1 1 -1 -1 -1 -1 -1 0 0 -1 -1 -1 -1 
-1 -1 1 1 -1 -1 -1 -1 -1 0 0 -1 -1 -1 -1 
-1 -1 1 1 -1 -1 -1 -1 -1 0 0 -1 -1 -1 -1 
-1 -1 1 1 -1 -1 -1 -1 -1 0 0 -1 -1 -1 -1 
-1 -1 1 -1 -1 -1 -1 -1 -1 0 0 -1 -1 -1 -1 
-1 -1 1 -1 -1 -1 -1 -1 -1 0 0 -1 -1 -1 -1 
-1 -1 1 -1 -1 -1 -1 -1 -1 0 0 -1 -1 -1 -1 
-1 -1 1 -1 -1 -1 -1 -1 -1 0 0 -1 -1 -1 -1 
-1 -1 1 -1 -1 -1 -1 -1 -1 0 0 -1 -1 -1 -1 
-1 -1 1 -1 -1 -1 -1 -1 -1 0 -1 -1 -1 -1 -1 
-1 -1 1 -1 -1 -1 -1 -1 -1 -1 -1 -1 -1 -1 -1 
-1 1 1 -1 -1 -1 -1 -1 -1 -1 -1 -1 -1 -1 -1 
-1 1 1 -1 -1 -1 -1 -1 -1 -1 -1 -1 -1 -1 -1 
END
15 1
12 9
12 1
-1 -1 1 1 -1 -1 -1 -1 -1 0 0 -1 -1 -1 -1 
-1 -1 1 1 -1 -1 -1 -1 -1 0 0 -1 -1 -1 -1 
-1 -1 1 1 -1 -1 -1 -1 -1 0 0 -1 -1 -1 -1 
-1 -1 1 1 -1 -1 -1 -1 -1 0 0 -1 -1 -1 -1 
-1 -1 1 1 -1 -1 -1 -1 -1 0 0 -1 -1 -1 -1 
-1 -1 1 1 -1 -1 -1 -1 -1 0 0 -1 -1 -1 -1 
-1 -1 1 -1 -1 -1 -1 -1 -1 0 0 -1 -1 -1 -1 
-1 -1 1 -1 -1 -1 -1 -1 -1 0 0 -1 -1 -1 -1 
-1 -1 1 -1 -1 -1 -1 -1 -1 0 0 -1 -1 -1 -1 
-1 -1 1 -1 -1 -1 -1 -1 -1 0 0 -1 -1 -1 -1 
-1 -1 1 -1 -1 -1 -1 -1 -1 0 0 -1 -1 -1 -1 
-1 -1 1 -1 -1 -1 -1 -1 -1 0 -1 -1 -1 -1 -1 
-1 1 1 -1 -1 -1 -1 -1 -1 0 -1 -1 -1 -1 -1 
-1 1 1 -1 -1 -1 -1 -1 -1 -1 -1 -1 -1 -1 -1 
-1 1 1 -1 -1 -1 -1 -1 -1 -1 -1 -1 -1 -1 -1 
END
15 1
13 9
11 1
-1 -1 1 1 -1 -1 -1 -1 -1 0 0 -1 -1 -1 -1 
-1 -1 1 1 -1 -1 -1 -1 -1 0 0 -1 -1 -1 -1 
-1 -1 1 1 -1 -1 -1 -1 -1 0 0 -1 -1 -1 -1 
-1 -1 1 1 -1 -1 -1 -1 -1 0 0 -1 -1 -1 -1 
-1 -1 1 1 -1 -1 -1 -1 -1 0 0 -1 -1 -1 -1 
-1 -1 1 1 -1 -1 -1 -1 -1 0 0 -1 -1 -1 -1 
-1 -1 1 -1 -1 -1 -1 -1 -1 0 0 -1 -1 -1 -1 
-1 -1 1 -1 -1 -1 -1 -1 -1 0 0 -1 -1 -1 -1 
-1 -1 1 -1 -1 -1 -1 -1 -1 0 0 -1 -1 -1 -1 
-1 -1 1 -1 -1 -1 -1 -1 -1 0 0 -1 -1 -1 -1 
-1 -1 1 -1 -1 -1 -1 -1 -1 0 0 -1 -1 -1 -1 
-1 1 1 -1 -1 -1 -1 -1 -1 0 -1 -1 -1 -1 -1 
-1 1 1 -1 -1 -1 -1 -1 -1 0 -1 -1 -1 -1 -1 
-1 1 1 -1 -1 -1 -1 -1 -1 0 -1 -1 -1 -1 -1 
-1 1 1 -1 -1 -1 -1 -1 -1 -1 -1 -1 -1 -1 -1 
END
15 1
14 9
10 1
-1 -1 1 1 -1 -1 -1 -1 -1 0 0 -1 -1 -1 -1 
-1 -1 1 1 -1 -1 -1 -1 -1 0 0 -1 -1 -1 -1 
-1 -1 1 1 -1 -1 -1 -1 -1 0 0 -1 -1 -1 -1 
-1 -1 1 1 -1 -1 -1 -1 -1 0 0 -1 -1 -1 -1 
-1 -1 1 1 -1 -1 -1 -1 -1 0 0 -1 -1 -1 -1 
-1 -1 1 1 -1 -1 -1 -1 -1 0 0 -1 -1 -1 -1 
-1 -1 1 -1 -1 -1 -1 -1 -1 0 0 -1 -1 -1 -1 
-1 -1 1 -1 -1 -1 -1 -1 -1 0 0 -1 -1 -1 -1 
-1 -1 1 -1 -1 -1 -1 -1 -1 0 0 -1 -1 -1 -1 
-1 -1 1 -1 -1 -1 -1 -1 -1 0 0 -1 -1 -1 -1 
-1 1 1 -1 -1 -1 -1 -1 -1 0 0 -1 -1 -1 -1 
-1 1 1 -1 -1 -1 -1 -1 -1 0 -1 -1 -1 -1 -1 
-1 1 1 -1 -1 -1 -1 -1 -1 0 -1 -1 -1 -1 -1 
-1 1 1 -1 -1 -1 -1 -1 -1 0 -1 -1 -1 -1 -1 
-1 1 1 -1 -1 -1 -1 -1 -1 0 -1 -1 -1 -1 -1 
END
15 1
14 8
9 1
-1 -1 1 1 -1 -1 -1 -1 -1 0 0 -1 -1 -1 -1 
-1 -1 1 1 -1 -1 -1 -1 -1 0 0 -1 -1 -1 -1 
-1 -1 1 1 -1 -1 -1 -1 -1 0 0 -1 -1 -1 -1 
-1 -1 1 1 -1 -1 -1 -1 -1 0 0 -1 -1 -1 -1 
-1 -1 1 1 -1 -1 -1 -1 -1 0 0 -1 -1 -1 -1 
-1 -1 1 1 -1 -1 -1 -1 -1 0 0 -1 -1 -1 -1 
-1 -1 1 -1 -1 -1 -1 -1 -1 0 0 -1 -1 -1 -1 
-1 -1 1 -1 -1 -1 -1 -1 -1 0 0 -1 -1 -1 -1 
-1 -1 1 -1 -1 -1 -1 -1 -1 0 0 -1 -1 -1 -1 
-1 1 1 -1 -1 -1 -1 -1 -1 0 0 -1 -1 -1 -1 
-1 1 1 -1 -1 -1 -1 -1 -1 0 0 -1 -1 -1 -1 
-1 1 1 -1 -1 -1 -1 -1 -1 0 -1 -1 -1 -1 -1 
-1 1 1 -1 -1 -1 -1 -1 -1 0 -1 -1 -1 -1 -1 
-1 1 1 -1 -1 -1 -1 -1 -1 0 -1 -1 -1 -1 -1 
-1 1 1 -1 -1 -1 -1 -1 0 0 -1 -1 -1 -1 -1 
END
15 1
13 8
8 1
-1 -1 1 1 -1 -1 -1 -1 -1 0 0 -1 -1 -1 -1 
-1 -1 1 1 -1 -1 -1 -1 -1 0 0 -1 -1 -1 -1 
-1 -1 1 1 -1 -1 -1 -1 -1 0 0 -1 -1 -1 -1 
-1 -1 1 1 -1 -1 -1 -1 -1 0 0 -1 -1 -1 -1 
-1 -1 1 1 -1 -1 -1 -1 -1 0 0 -1 -1 -1 -1 
-1 -1 1 1 -1 -1 -1 -1 -1 0 0 -1 -1 -1 -1 
-1 -1 1 -1 -1 -1 -1 -1 -1 0 0 -1 -1 -1 -1 
-1 -1 1 -1 -1 -1 -1 -1 -1 0 0 -1 -1 -1 -1 
-1 1 1 -1 -1 -1 -1 -1 -1 0 0 -1 -1 -1 -1 
-1 1 1 -1 -1 -1 -1 -1 -1 0 0 -1 -1 -1 -1 
-1 1 1 -1 -1 -1 -1 -1 -1 0 0 -1 -1 -1 -1 
-1 1 1 -1 -1 -1 -1 -1 -1 0 -1 -1 -1 -1 -1 
-1 1 1 -1 -1 -1 -1 -1 -1 0 -1 -1 -1 -1 -1 
-1 1 1 -1 -1 -1 -1 -1 0 0 -1 -1 -1 -1 -1 
-1 1 1 -1 -1 -1 -1 -1 0 0 -1 -1 -1 -1 -1 
END
15 1
12 8
7 1
-1 -1 1 1 -1 -1 -1 -1 -1 0 0 -1 -1 -1 -1 
-1 -1 1 1 -1 -1 -1 -1 -1 0 0 -1 -1 -1 -1 
-1 -1 1 1 -1 -1 -1 -1 -1 0 0 -1 -1 -1 -1 
-1 -1 1 1 -1 -1 -1 -1 -1 0 0 -1 -1 -1 -1 
-1 -1 1 1 -1 -1 -1 -1 -1 0 0 -1 -1 -1 -1 
-1 -1 1 1 -1 -1 -1 -1 -1 0 0 -1 -1 -1 -1 
-1 -1 1 -1 -1 -1 -1 -1 -1 0 0 -1 -1 -1 -1 
-1 1 1 -1 -1 -1 -1 -1 -1 0 0 -1 -1 -1 -1 
-1 1 1 -1 -1 -1 -1 -1 -1 0 0 -1 -1 -1 -1 
-1 1 1 -1 -1 -1 -1 -1 -1 0 0 -1 -1 -1 -1 
-1 1 1 -1 -1 -1 -1 -1 -1 0 0 -1 -1 -1 -1 
-1 1 1 -1 -1 -1 -1 -1 -1 0 -1 -1 -1 -1 -1 
-1 1 1 -1 -1 -1 -1 -1 0 0 -1 -1 -1 -1 -1 
-1 1 1 -1 -1 -1 -1 -1 0 0 -1 -1 -1 -1 -1 
-1 1 1 -1 -1 -1 -1 -1 0 0 -1 -1 -1 -1 -1 
END
15 1
11 8
6 1
-1 -1 1 1 -1 -1 -1 -1 -1 0 0 -1 -1 -1 -1 
-1 -1 1 1 -1 -1 -1 -1 -1 0 0 -1 -1 -1 -1 
-1 -1 1 1 -1 -1 -1 -1 -1 0 0 -1 -1 -1 -1 
-1 -1 1 1 -1 -1 -1 -1 -1 0 0 -1 -1 -1 -1 
-1 -1 1 1 -1 -1 -1 -1 -1 0 0 -1 -1 -1 -1 
-1 -1 1 1 -1 -1 -1 -1 -1 0 0 -1 -1 -1 -1 
-1 1 1 -1 -1 -1 -1 -1 -1 0 0 -1 -1 -1 -1 
-1 1 1 -1 -1 -1 -1 -1 -1 0 0 -1 -1 -1 -1 
-1 1 1 -1 -1 -1 -1 -1 -1 0 0 -1 -1 -1 -1 
-1 1 1 -1 -1 -1 -1 -1 -1 0 0 -1 -1 -1 -1 
-1 1 1 -1 -1 -1 -1 -1 -1 0 0 -1 -1 -1 -1 
-1 1 1 -1 -1 -1 -1 -1 0 0 -1 -1 -1 -1 -1 
-1 1 1 -1 -1 -1 -1 -1 0 0 -1 -1 -1 -1 -1 
-1 1 1 -1 -1 -1 -1 -1 0 0 -1 -1 -1 -1 -1 
-1 1 1 -1 -1 -1 -1 -1 0 0 -1 -1 -1 -1 -1 
END
15 1
10 8
5 1
-1 -1 1 1 -1 -1 -1 -1 -1 0 0 -1 -1 -1 -1 
-1 -1 1 1 -1 -1 -1 -1 -1 0 0 -1 -1 -1 -1 
-1 -1 1 1 -1 -1 -1 -1 -1 0 0 -1 -1 -1 -1 
-1 -1 1 1 -1 -1 -1 -1 -1 0 0 -1 -1 -1 -1 
-1 -1 1 1 -1 -1 -1 -1 -1 0 0 -1 -1 -1 -1 
-1 1 1 1 -1 -1 -1 -1 -1 0 0 -1 -1 -1 -1 
-1 1 1 -1 -1 -1 -1 -1 -1 0 0 -1 -1 -1 -1 
-1 1 1 -1 -1 -1 -1 -1 -1 0 0 -1 -1 -1 -1 
-1 1 1 -1 -1 -1 -1 -1 -1 0 0 -1 -1 -1 -1 
-1 1 1 -1 -1 -1 -1 -1 -1 0 0 -1 -1 -1 -1 
-1 1 1 -1 -1 -1 -1 -1 0 0 0 -1 -1 -1 -1 
-1 1 1 -1 -1 -1 -1 -1 0 0 -1 -1 -1 -1 -1 
-1 1 1 -1 -1 -1 -1 -1 0 0 -1 -1 -1 -1 -1 
-1 1 1 -1 -1 -1 -1 -1 0 0 -1 -1 -1 -1 -1 
-1 1 1 -1 -1 -1 -1 -1 0 0 -1 -1 -1 -1 -1 
END
15 1
9 8
4 1
-1 -1 1 1 -1 -1 -1 -1 -1 0 0 -1 -1 -1 -1 
-1 -1 1 1 -1 -1 -1 -1 -1 0 0 -1 -1 -1 -1 
-1 -1 1 1 -1 -1 -1 -1 -1 0 0 -1 -1 -1 -1 
-1 -1 1 1 -1 -1 -1 -1 -1 0 0 -1 -1 -1 -1 
-1 1 1 1 -1 -1 -1 -1 -1 0 0 -1 -1 -1 -1 
-1 1 1 1 -1 -1 -1 -1 -1 0 0 -1 -1 -1 -1 
-1 1 1 -1 -1 -1 -1 -1 -1 0 0 -1 -1 -1 -1 
-1 1 1 -1 -1 -1 -1 -1 -1 0 0 -1 -1 -1 -1 
-1 1 1 -1 -1 -1 -1 -1 -1 0 0 -1 -1 -1 -1 
-1 1 1 -1 -1 -1 -1 -1 0 0 0 -1 -1 -1 -1 
-1 1 1 -1 -1 -1 -1 -1 0 0 0 -1 -1 -1 -1 
-1 1 1 -1 -1 -1 -1 -1 0 0 -1 -1 -1 -1 -1 
-1 1 1 -1 -1 -1 -1 -1 0 0 -1 -1 -1 -1 -1 
-1 1 1 -1 -1 -1 -1 -1 0 0 -1 -1 -1 -1 -1 
-1 1 1 -1 -1 -1 -1 -1 0 0 -1 -1 -1 -1 -1 
END
15 1
8 8
3 1
-1 -1 1 1 -1 -1 -1 -1 -1 0 0 -1 -1 -1 -1 
-1 -1 1 1 -1 -1 -1 -1 -1 0 0 -1 -1 -1 -1 
-1 -1 1 1 -1 -1 -1 -1 -1 0 0 -1 -1 -1 -1 
-1 1 1 1 -1 -1 -1 -1 -1 0 0 -1 -1 -1 -1 
-1 1 1 1 -1 -1 -1 -1 -1 0 0 -1 -1 -1 -1 
-1 1 1 1 -1 -1 -1 -1 -1 0 0 -1 -1 -1 -1 
-1 1 1 -1 -1 -1 -1 -1 -1 0 0 -1 -1 -1 -1 
-1 1 1 -1 -1 -1 -1 -1 -1 0 0 -1 -1 -1 -1 
-1 1 1 -1 -1 -1 -1 -1 0 0 0 -1 -1 -1 -1 
-1 1 1 -1 -1 -1 -1 -1 0 0 0 -1 -1 -1 -1 
-1 1 1 -1 -1 -1 -1 -1 0 0 0 -1 -1 -1 -1 
-1 1 1 -1 -1 -1 -1 -1 0 0 -1 -1 -1 -1 -1 
-1 1 1 -1 -1 -1 -1 -1 0 0 -1 -1 -1 -1 -1 
-1 1 1 -1 -1 -1 -1 -1 0 0 -1 -1 -1 -1 -1 
-1 1 1 -1 -1 -1 -1 -1 0 0 -1 -1 -1 -1 -1 
END
15 1
7 8
2 1
-1 -1 1 1 -1 -1 -1 -1 -1 0 0 -1 -1 -1 -1 
-1 -1 1 1 -1 -1 -1 -1 -1 0 0 -1 -1 -1 -1 
-1 1 1 1 -1 -1 -1 -1 -1 0 0 -1 -1 -1 -1 
-1 1 1 1 -1 -1 -1 -1 -1 0 0 -1 -1 -1 -1 
-1 1 1 1 -1 -1 -1 -1 -1 0 0 -1 -1 -1 -1 
-1 1 1 1 -1 -1 -1 -1 -1 0 0 -1 -1 -1 -1 
-1 1 1 -1 -1 -1 -1 -1 -1 0 0 -1 -1 -1 -1 
-1 1 1 -1 -1 -1 -1 -1 0 0 0 -1 -1 -1 -1 
-1 1 1 -1 -1 -1 -1 -1 0 0 0 -1 -1 -1 -1 
-1 1 1 -1 -1 -1 -1 -1 0 0 0 -1 -1 -1 -1 
-1 1 1 -1 -1 -1 -1 -1 0 0 0 -1 -1 -1 -1 
-1 1 1 -1 -1 -1 -1 -1 0 0 -1 -1 -1 -1 -1 
-1 1 1 -1 -1 -1 -1 -1 0 0 -1 -1 -1 -1 -1 
-1 1 1 -1 -1 -1 -1 -1 0 0 -1 -1 -1 -1 -1 
-1 1 1 -1 -1 -1 -1 -1 0 0 -1 -1 -1 -1 -1 
END
15 1
6 8
1 1
-1 -1 1 1 -1 -1 -1 -1 -1 0 0 -1 -1 -1 -1 
-1 1 1 1 -1 -1 -1 -1 -1 0 0 -1 -1 -1 -1 
-1 1 1 1 -1 -1 -1 -1 -1 0 0 -1 -1 -1 -1 
-1 1 1 1 -1 -1 -1 -1 -1 0 0 -1 -1 -1 -1 
-1 1 1 1 -1 -1 -1 -1 -1 0 0 -1 -1 -1 -1 
-1 1 1 1 -1 -1 -1 -1 -1 0 0 -1 -1 -1 -1 
-1 1 1 -1 -1 -1 -1 -1 0 0 0 -1 -1 -1 -1 
-1 1 1 -1 -1 -1 -1 -1 0 0 0 -1 -1 -1 -1 
-1 1 1 -1 -1 -1 -1 -1 0 0 0 -1 -1 -1 -1 
-1 1 1 -1 -1 -1 -1 -1 0 0 0 -1 -1 -1 -1 
-1 1 1 -1 -1 -1 -1 -1 0 0 0 -1 -1 -1 -1 
-1 1 1 -1 -1 -1 -1 -1 0 0 -1 -1 -1 -1 -1 
-1 1 1 -1 -1 -1 -1 -1 0 0 -1 -1 -1 -1 -1 
-1 1 1 -1 -1 -1 -1 -1 0 0 -1 -1 -1 -1 -1 
-1 1 1 -1 -1 -1 -1 -1 0 0 -1 -1 -1 -1 -1 
END
15 1
5 8
0 1
-1 1 1 1 -1 -1 -1 -1 -1 0 0 -1 -1 -1 -1 
-1 1 1 1 -1 -1 -1 -1 -1 0 0 -1 -1 -1 -1 
-1 1 1 1 -1 -1 -1 -1 -1 0 0 -1 -1 -1 -1 
-1 1 1 1 -1 -1 -1 -1 -1 0 0 -1 -1 -1 -1 
-1 1 1 1 -1 -1 -1 -1 -1 0 0 -1 -1 -1 -1 
-1 1 1 1 -1 -1 -1 -1 0 0 0 -1 -1 -1 -1 
-1 1 1 -1 -1 -1 -1 -1 0 0 0 -1 -1 -1 -1 
-1 1 1 -1 -1 -1 -1 -1 0 0 0 -1 -1 -1 -1 
-1 1 1 -1 -1 -1 -1 -1 0 0 0 -1 -1 -1 -1 
-1 1 1 -1 -1 -1 -1 -1 0 0 0 -1 -1 -1 -1 
-1 1 1 -1 -1 -1 -1 -1 0 0 0 -1 -1 -1 -1 
-1 1 1 -1 -1 -1 -1 -1 0 0 -1 -1 -1 -1 -1 
-1 1 1 -1 -1 -1 -1 -1 0 0 -1 -1 -1 -1 -1 
-1 1 1 -1 -1 -1 -1 -1 0 0 -1 -1 -1 -1 -1 
-1 1 1 -1 -1 -1 -1 -1 0 0 -1 -1 -1 -1 -1 
END
15 1
4 8
0 0
1 1 1 1 -1 -1 -1 -1 -1 0 0 -1 -1 -1 -1 
-1 1 1 1 -1 -1 -1 -1 -1 0 0 -1 -1 -1 -1 
-1 1 1 1 -1 -1 -1 -1 -1 0 0 -1 -1 -1 -1 
-1 1 1 1 -1 -1 -1 -1 -1 0 0 -1 -1 -1 -1 
-1 1 1 1 -1 -1 -1 -1 0 0 0 -1 -1 -1 -1 
-1 1 1 1 -1 -1 -1 -1 0 0 0 -1 -1 -1 -1 
-1 1 1 -1 -1 -1 -1 -1 0 0 0 -1 -1 -1 -1 
-1 1 1 -1 -1 -1 -1 -1 0 0 0 -1 -1 -1 -1 
-1 1 1 -1 -1 -1 -1 -1 0 0 0 -1 -1 -1 -1 
-1 1 1 -1 -1 -1 -1 -1 0 0 0 -1 -1 -1 -1 
-1 1 1 -1 -1 -1 -1 -1 0 0 0 -1 -1 -1 -1 
-1 1 1 -1 -1 -1 -1 -1 0 0 -1 -1 -1 -1 -1 
-1 1 1 -1 -1 -1 -1 -1 0 0 -1 -1 -1 -1 -1 
-1 1 1 -1 -1 -1 -1 -1 0 0 -1 -1 -1 -1 -1 
-1 1 1 -1 -1 -1 -1 -1 0 0 -1 -1 -1 -1 -1 
END
15 1
3 8
1 0
1 1 1 1 -1 -1 -1 -1 -1 0 0 -1 -1 -1 -1 
1 1 1 1 -1 -1 -1 -1 -1 0 0 -1 -1 -1 -1 
-1 1 1 1 -1 -1 -1 -1 -1 0 0 -1 -1 -1 -1 
-1 1 1 1 -1 -1 -1 -1 0 0 0 -1 -1 -1 -1 
-1 1 1 1 -1 -1 -1 -1 0 0 0 -1 -1 -1 -1 
-1 1 1 1 -1 -1 -1 -1 0 0 0 -1 -1 -1 -1 
-1 1 1 -1 -1 -1 -1 -1 0 0 0 -1 -1 -1 -1 
-1 1 1 -1 -1 -1 -1 -1 0 0 0 -1 -1 -1 -1 
-1 1 1 -1 -1 -1 -1 -1 0 0 0 -1 -1 -1 -1 
-1 1 1 -1 -1 -1 -1 -1 0 0 0 -1 -1 -1 -1 
-1 1 1 -1 -1 -1 -1 -1 0 0 0 -1 -1 -1 -1 
-1 1 1 -1 -1 -1 -1 -1 0 0 -1 -1 -1 -1 -1 
-1 1 1 -1 -1 -1 -1 -1 0 0 -1 -1 -1 -1 -1 
-1 1 1 -1 -1 -1 -1 -1 0 0 -1 -1 -1 -1 -1 
-1 1 1 -1 -1 -1 -1 -1 0 0 -1 -1 -1 -1 -1 
END
15 1
2 8
2 0
1 1 1 1 -1 -1 -1 -1 -1 0 0 -1 -1 -1 -1 
1 1 1 1 -1 -1 -1 -1 -1 0 0 -1 -1 -1 -1 
1 1 1 1 -1 -1 -1 -1 0 0 0 -1 -1 -1 -1 
-1 1 1 1 -1 -1 -1 -1 0 0 0 -1 -1 -1 -1 
-1 1 1 1 -1 -1 -1 -1 0 0 0 -1 -1 -1 -1 
-1 1 1 1 -1 -1 -1 -1 0 0 0 -1 -1 -1 -1 
-1 1 1 -1 -1 -1 -1 -1 0 0 0 -1 -1 -1 -1 
-1 1 1 -1 -1 -1 -1 -1 0 0 0 -1 -1 -1 -1 
-1 1 1 -1 -1 -1 -1 -1 0 0 0 -1 -1 -1 -1 
-1 1 1 -1 -1 -1 -1 -1 0 0 0 -1 -1 -1 -1 
-1 1 1 -1 -1 -1 -1 -1 0 0 0 -1 -1 -1 -1 
-1 1 1 -1 -1 -1 -1 -1 0 0 -1 -1 -1 -1 -1 
-1 1 1 -1 -1 -1 -1 -1 0 0 -1 -1 -1 -1 -1 
-1 1 1 -1 -1 -1 -1 -1 0 0 -1 -1 -1 -1 -1 
-1 1 1 -1 -1 -1 -1 -1 0 0 -1 -1 -1 -1 -1 
END
15 1
1 8
3 0
1 1 1 1 -1 -1 -1 -1 -1 0 0 -1 -1 -1 -1 
1 1 1 1 -1 -1 -1 -1 0 0 0 -1 -1 -1 -1 
1 1 1 1 -1 -1 -1 -1 0 0 0 -1 -1 -1 -1 
1 1 1 1 -1 -1 -1 -1 0 0 0 -1 -1 -1 -1 
-1 1 1 1 -1 -1 -1 -1 0 0 0 -1 -1 -1 -1 
-1 1 1 1 -1 -1 -1 -1 0 0 0 -1 -1 -1 -1 
-1 1 1 -1 -1 -1 -1 -1 0 0 0 -1 -1 -1 -1 
-1 1 1 -1 -1 -1 -1 -1 0 0 0 -1 -1 -1 -1 
-1 1 1 -1 -1 -1 -1 -1 0 0 0 -1 -1 -1 -1 
-1 1 1 -1 -1 -1 -1 -1 0 0 0 -1 -1 -1 -1 
-1 1 1 -1 -1 -1 -1 -1 0 0 0 -1 -1 -1 -1 
-1 1 1 -1 -1 -1 -1 -1 0 0 -1 -1 -1 -1 -1 
-1 1 1 -1 -1 -1 -1 -1 0 0 -1 -1 -1 -1 -1 
-1 1 1 -1 -1 -1 -1 -1 0 0 -1 -1 -1 -1 -1 
-1 1 1 -1 -1 -1 -1 -1 0 0 -1 -1 -1 -1 -1 
END
15 1
0 8
4 0
1 1 1 1 -1 -1 -1 -1 0 0 0 -1 -1 -1 -1 
1 1 1 1 -1 -1 -1 -1 0 0 0 -1 -1 -1 -1 
1 1 1 1 -1 -1 -1 -1 0 0 0 -1 -1 -1 -1 
1 1 1 1 -1 -1 -1 -1 0 0 0 -1 -1 -1 -1 
1 1 1 1 -1 -1 -1 -1 0 0 0 -1 -1 -1 -1 
-1 1 1 1 -1 -1 -1 -1 0 0 0 -1 -1 -1 -1 
-1 1 1 -1 -1 -1 -1 -1 0 0 0 -1 -1 -1 -1 
-1 1 1 -1 -1 -1 -1 -1 0 0 0 -1 -1 -1 -1 
-1 1 1 -1 -1 -1 -1 -1 0 0 0 -1 -1 -1 -1 
-1 1 1 -1 -1 -1 -1 -1 0 0 0 -1 -1 -1 -1 
-1 1 1 -1 -1 -1 -1 -1 0 0 0 -1 -1 -1 -1 
-1 1 1 -1 -1 -1 -1 -1 0 0 -1 -1 -1 -1 -1 
-1 1 1 -1 -1 -1 -1 -1 0 0 -1 -1 -1 -1 -1 
-1 1 1 -1 -1 -1 -1 -1 0 0 -1 -1 -1 -1 -1 
-1 1 1 -1 -1 -1 -1 -1 0 0 -1 -1 -1 -1 -1 
END
15 1
0 7
5 0
1 1 1 1 -1 -1 -1 0 0 0 0 -1 -1 -1 -1 
1 1 1 1 -1 -1 -1 -1 0 0 0 -1 -1 -1 -1 
1 1 1 1 -1 -1 -1 -1 0 0 0 -1 -1 -1 -1 
1 1 1 1 -1 -1 -1 -1 0 0 0 -1 -1 -1 -1 
1 1 1 1 -1 -1 -1 -1 0 0 0 -1 -1 -1 -1 
1 1 1 1 -1 -1 -1 -1 0 0 0 -1 -1 -1 -1 
-1 1 1 -1 -1 -1 -1 -1 0 0 0 -1 -1 -1 -1 
-1 1 1 -1 -1 -1 -1 -1 0 0 0 -1 -1 -1 -1 
-1 1 1 -1 -1 -1 -1 -1 0 0 0 -1 -1 -1 -1 
-1 1 1 -1 -1 -1 -1 -1 0 0 0 -1 -1 -1 -1 
-1 1 1 -1 -1 -1 -1 -1 0 0 0 -1 -1 -1 -1 
-1 1 1 -1 -1 -1 -1 -1 0 0 -1 -1 -1 -1 -1 
-1 1 1 -1 -1 -1 -1 -1 0 0 -1 -1 -1 -1 -1 
-1 1 1 -1 -1 -1 -1 -1 0 0 -1 -1 -1 -1 -1 
-1 1 1 -1 -1 -1 -1 -1 0 0 -1 -1 -1 -1 -1 
END
15 1
1 7
6 0
1 1 1 1 -1 -1 -1 0 0 0 0 -1 -1 -1 -1 
1 1 1 1 -1 -1 -1 0 0 0 0 -1 -1 -1 -1 
1 1 1 1 -1 -1 -1 -1 0 0 0 -1 -1 -1 -1 
1 1 1 1 -1 -1 -1 -1 0 0 0 -1 -1 -1 -1 
1 1 1 1 -1 -1 -1 -1 0 0 0 -1 -1 -1 -1 
1 1 1 1 -1 -1 -1 -1 0 0 0 -1 -1 -1 -1 
1 1 1 -1 -1 -1 -1 -1 0 0 0 -1 -1 -1 -1 
-1 1 1 -1 -1 -1 -1 -1 0 0 0 -1 -1 -1 -1 
-1 1 1 -1 -1 -1 -1 -1 0 0 0 -1 -1 -1 -1 
-1 1 1 -1 -1 -1 -1 -1 0 0 0 -1 -1 -1 -1 
-1 1 1 -1 -1 -1 -1 -1 0 0 0 -1 -1 -1 -1 
-1 1 1 -1 -1 -1 -1 -1 0 0 -1 -1 -1 -1 -1 
-1 1 1 -1 -1 -1 -1 -1 0 0 -1 -1 -1 -1 -1 
-1 1 1 -1 -1 -1 -1 -1 0 0 -1 -1 -1 -1 -1 
-1 1 1 -1 -1 -1 -1 -1 0 0 -1 -1 -1 -1 -1 
END
15 1
2 7
7 0
1 1 1 1 -1 -1 -1 0 0 0 0 -1 -1 -1 -1 
1 1 1 1 -1 -1 -1 0 0 0 0 -1 -1 -1 -1 
1 1 1 1 -1 -1 -1 0 0 0 0 -1 -1 -1 -1 
1 1 1 1 -1 -1 -1 -1 0 0 0 -1 -1 -1 -1 
1 1 1 1 -1 -1 -1 -1 0 0 0 -1 -1 -1 -1 
1 1 1 1 -1 -1 -1 -1 0 0 0 -1 -1 -1 -1 
1 1 1 -1 -1 -1 -1 -1 0 0 0 -1 -1 -1 -1 
1 1 1 -1 -1 -1 -1 -1 0 0 0 -1 -1 -1 -1 
-1 1 1 -1 -1 -1 -1 -1 0 0 0 -1 -1 -1 -1 
-1 1 1 -1 -1 -1 -1 -1 0 0 0 -1 -1 -1 -1 
-1 1 1 -1 -1 -1 -1 -1 0 0 0 -1 -1 -1 -1 
-1 1 1 -1 -1 -1 -1 -1 0 0 -1 -1 -1 -1 -1 
-1 1 1 -1 -1 -1 -1 -1 0 0 -1 -1 -1 -1 -1 
-1 1 1 -1 -1 -1 -1 -1 0 0 -1 -1 -1 -1 -1 
-1 1 1 -1 -1 -1 -1 -1 0 0 -1 -1 -1 -1 -1 
END
15 1
3 7
8 0
1 1 1 1 -1 -1 -1 0 0 0 0 -1 -1 -1 -1 
1 1 1 1 -1 -1 -1 0 0 0 0 -1 -1 -1 -1 
1 1 1 1 -1 -1 -1 0 0 0 0 -1 -1 -1 -1 
1 1 1 1 -1 -1 -1 0 0 0 0 -1 -1 -1 -1 
1 1 1 1 -1 -1 -1 -1 0 0 0 -1 -1 -1 -1 
1 1 1 1 -1 -1 -1 -1 0 0 0 -1 -1 -1 -1 
1 1 1 -1 -1 -1 -1 -1 0 0 0 -1 -1 -1 -1 
1 1 1 -1 -1 -1 -1 -1 0 0 0 -1 -1 -1 -1 
1 1 1 -1 -1 -1 -1 -1 0 0 0 -1 -1 -1 -1 
-1 1 1 -1 -1 -1 -1 -1 0 0 0 -1 -1 -1 -1 
-1 1 1 -1 -1 -1 -1 -1 0 0 0 -1 -1 -1 -1 
-1 1 1 -1 -1 -1 -1 -1 0 0 -1 -1 -1 -1 -1 
-1 1 1 -1 -1 -1 -1 -1 0 0 -1 -1 -1 -1 -1 
-1 1 1 -1 -1 -1 -1 -1 0 0 -1 -1 -1 -1 -1 
-1 1 1 -1 -1 -1 -1 -1 0 0 -1 -1 -1 -1 -1 
END
15 1
4 7
9 0
1 1 1 1 -1 -1 -1 0 0 0 0 -1 -1 -1 -1 
1 1 1 1 -1 -1 -1 0 0 0 0 -1 -1 -1 -1 
1 1 1 1 -1 -1 -1 0 0 0 0 -1 -1 -1 -1 
1 1 1 1 -1 -1 -1 0 0 0 0 -1 -1 -1 -1 
1 1 1 1 -1 -1 -1 0 0 0 0 -1 -1 -1 -1 
1 1 1 1 -1 -1 -1 -1 0 0 0 -1 -1 -1 -1 
1 1 1 -1 -1 -1 -1 -1 0 0 0 -1 -1 -1 -1 
1 1 1 -1 -1 -1 -1 -1 0 0 0 -1 -1 -1 -1 
1 1 1 -1 -1 -1 -1 -1 0 0 0 -1 -1 -1 -1 
1 1 1 -1 -1 -1 -1 -1 0 0 0 -1 -1 -1 -1 
-1 1 1 -1 -1 -1 -1 -1 0 0 0 -1 -1 -1 -1 
-1 1 1 -1 -1 -1 -1 -1 0 0 -1 -1 -1 -1 -1 
-1 1 1 -1 -1 -1 -1 -1 0 0 -1 -1 -1 -1 -1 
-1 1 1 -1 -1 -1 -1 -1 0 0 -1 -1 -1 -1 -1 
-1 1 1 -1 -1 -1 -1 -1 0 0 -1 -1 -1 -1 -1 
END
15 1
5 7
10 0
1 1 1 1 -1 -1 -1 0 0 0 0 -1 -1 -1 -1 
1 1 1 1 -1 -1 -1 0 0 0 0 -1 -1 -1 -1 
1 1 1 1 -1 -1 -1 0 0 0 0 -1 -1 -1 -1 
1 1 1 1 -1 -1 -1 0 0 0 0 -1 -1 -1 -1 
1 1 1 1 -1 -1 -1 0 0 0 0 -1 -1 -1 -1 
1 1 1 1 -1 -1 -1 0 0 0 0 -1 -1 -1 -1 
1 1 1 -1 -1 -1 -1 -1 0 0 0 -1 -1 -1 -1 
1 1 1 -1 -1 -1 -1 -1 0 0 0 -1 -1 -1 -1 
1 1 1 -1 -1 -1 -1 -1 0 0 0 -1 -1 -1 -1 
1 1 1 -1 -1 -1 -1 -1 0 0 0 -1 -1 -1 -1 
1 1 1 -1 -1 -1 -1 -1 0 0 0 -1 -1 -1 -1 
-1 1 1 -1 -1 -1 -1 -1 0 0 -1 -1 -1 -1 -1 
-1 1 1 -1 -1 -1 -1 -1 0 0 -1 -1 -1 -1 -1 
-1 1 1 -1 -1 -1 -1 -1 0 0 -1 -1 -1 -1 -1 
-1 1 1 -1 -1 -1 -1 -1 0 0 -1 -1 -1 -1 -1 
END
15 1
6 7
11 0
1 1 1 1 -1 -1 -1 0 0 0 0 -1 -1 -1 -1 
1 1 1 1 -1 -1 -1 0 0 0 0 -1 -1 -1 -1 
1 1 1 1 -1 -1 -1 0 0 0 0 -1 -1 -1 -1 
1 1 1 1 -1 -1 -1 0 0 0 0 -1 -1 -1 -1 
1 1 1 1 -1 -1 -1 0 0 0 0 -1 -1 -1 -1 
1 1 1 1 -1 -1 -1 0 0 0 0 -1 -1 -1 -1 
1 1 1 -1 -1 -1 -1 0 0 0 0 -1 -1 -1 -1 
1 1 1 -1 -1 -1 -1 -1 0 0 0 -1 -1 -1 -1 
1 1 1 -1 -1 -1 -1 -1 0 0 0 -1 -1 -1 -1 
1 1 1 -1 -1 -1 -1 -1 0 0 0 -1 -1 -1 -1 
1 1 1 -1 -1 -1 -1 -1 0 0 0 -1 -1 -1 -1 
1 1 1 -1 -1 -1 -1 -1 0 0 -1 -1 -1 -1 -1 
-1 1 1 -1 -1 -1 -1 -1 0 0 -1 -1 -1 -1 -1 
-1 1 1 -1 -1 -1 -1 -1 0 0 -1 -1 -1 -1 -1 
-1 1 1 -1 -1 -1 -1 -1 0 0 -1 -1 -1 -1 -1 
END
15 1
7 7
12 0
1 1 1 1 -1 -1 -1 0 0 0 0 -1 -1 -1 -1 
1 1 1 1 -1 -1 -1 0 0 0 0 -1 -1 -1 -1 
1 1 1 1 -1 -1 -1 0 0 0 0 -1 -1 -1 -1 
1 1 1 1 -1 -1 -1 0 0 0 0 -1 -1 -1 -1 
1 1 1 1 -1 -1 -1 0 0 0 0 -1 -1 -1 -1 
1 1 1 1 -1 -1 -1 0 0 0 0 -1 -1 -1 -1 
1 1 1 -1 -1 -1 -1 0 0 0 0 -1 -1 -1 -1 
1 1 1 -1 -1 -1 -1 0 0 0 0 -1 -1 -1 -1 
1 1 1 -1 -1 -1 -1 -1 0 0 0 -1 -1 -1 -1 
1 1 1 -1 -1 -1 -1 -1 0 0 0 -1 -1 -1 -1 
1 1 1 -1 -1 -1 -1 -1 0 0 0 -1 -1 -1 -1 
1 1 1 -1 -1 -1 -1 -1 0 0 -1 -1 -1 -1 -1 
1 1 1 -1 -1 -1 -1 -1 0 0 -1 -1 -1 -1 -1 
-1 1 1 -1 -1 -1 -1 -1 0 0 -1 -1 -1 -1 -1 
-1 1 1 -1 -1 -1 -1 -1 0 0 -1 -1 -1 -1 -1 
END
15 1
8 7
13 0
1 1 1 1 -1 -1 -1 0 0 0 0 -1 -1 -1 -1 
1 1 1 1 -1 -1 -1 0 0 0 0 -1 -1 -1 -1 
1 1 1 1 -1 -1 -1 0 0 0 0 -1 -1 -1 -1 
1 1 1 1 -1 -1 -1 0 0 0 0 -1 -1 -1 -1 
1 1 1 1 -1 -1 -1 0 0 0 0 -1 -1 -1 -1 
1 1 1 1 -1 -1 -1 0 0 0 0 -1 -1 -1 -1 
1 1 1 -1 -1 -1 -1 0 0 0 0 -1 -1 -1 -1 
1 1 1 -1 -1 -1 -1 0 0 0 0 -1 -1 -1 -1 
1 1 1 -1 -1 -1 -1 0 0 0 0 -1 -1 -1 -1 
1 1 1 -1 -1 -1 -1 -1 0 0 0 -1 -1 -1 -1 
1 1 1 -1 -1 -1 -1 -1 0 0 0 -1 -1 -1 -1 
1 1 1 -1 -1 -1 -1 -1 0 0 -1 -1 -1 -1 -1 
1 1 1 -1 -1 -1 -1 -1 0 0 -1 -1 -1 -1 -1 
1 1 1 -1 -1 -1 -1 -1 0 0 -1 -1 -1 -1 -1 
-1 1 1 -1 -1 -1 -1 -1 0 0 -1 -1 -1 -1 -1 
END
15 1
9 7
14 0
1 1 1 1 -1 -1 -1 0 0 0 0 -1 -1 -1 -1 
1 1 1 1 -1 -1 -1 0 0 0 0 -1 -1 -1 -1 
1 1 1 1 -1 -1 -1 0 0 0 0 -1 -1 -1 -1 
1 1 1 1 -1 -1 -1 0 0 0 0 -1 -1 -1 -1 
1 1 1 1 -1 -1 -1 0 0 0 0 -1 -1 -1 -1 
1 1 1 1 -1 -1 -1 0 0 0 0 -1 -1 -1 -1 
1 1 1 -1 -1 -1 -1 0 0 0 0 -1 -1 -1 -1 
1 1 1 -1 -1 -1 -1 0 0 0 0 -1 -1 -1 -1 
1 1 1 -1 -1 -1 -1 0 0 0 0 -1 -1 -1 -1 
1 1 1 -1 -1 -1 -1 0 0 0 0 -1 -1 -1 -1 
1 1 1 -1 -1 -1 -1 -1 0 0 0 -1 -1 -1 -1 
1 1 1 -1 -1 -1 -1 -1 0 0 -1 -1 -1 -1 -1 
1 1 1 -1 -1 -1 -1 -1 0 0 -1 -1 -1 -1 -1 
1 1 1 -1 -1 -1 -1 -1 0 0 -1 -1 -1 -1 -1 
1 1 1 -1 -1 -1 -1 -1 0 0 -1 -1 -1 -1 -1 
END
