15 1
0 1
7 9
-1 0 -1 -1 -1 -1 -1 -1 -1 -1 -1 -1 -1 -1 -1 
-1 -1 -1 -1 -1 -1 -1 -1 -1 -1 -1 -1 -1 -1 -1 
-1 -1 -1 -1 -1 -1 -1 -1 -1 -1 -1 -1 -1 -1 -1 
-1 -1 -1 -1 -1 -1 -1 -1 -1 -1 -1 -1 -1 -1 -1 
-1 -1 -1 -1 -1 -1 -1 -1 -1 -1 -1 -1 -1 -1 -1 
-1 -1 -1 -1 -1 -1 -1 -1 -1 -1 -1 -1 -1 -1 -1 
-1 -1 -1 -1 -1 -1 -1 -1 -1 -1 -1 -1 -1 -1 -1 
-1 -1 -1 -1 -1 -1 -1 -1 -1 1 -1 -1 -1 -1 -1 
-1 -1 -1 -1 -1 -1 -1 -1 -1 -1 -1 -1 -1 -1 -1 
-1 -1 -1 -1 -1 -1 -1 -1 -1 -1 -1 -1 -1 -1 -1 
-1 -1 -1 -1 -1 -1 -1 -1 -1 -1 -1 -1 -1 -1 -1 
-1 -1 -1 -1 -1 -1 -1 -1 -1 -1 -1 -1 -1 -1 -1 
-1 -1 -1 -1 -1 -1 -1 -1 -1 -1 -1 -1 -1 -1 -1 
-1 -1 -1 -1 -1 -1 -1 -1 -1 -1 -1 -1 -1 -1 -1 
-1 -1 -1 -1 -1 -1 -1 -1 -1 -1 -1 -1 -1 -1 -1 
END
15 1
1 1
6 9
-1 0 -1 -1 -1 -1 -1 -1 -1 -1 -1 -1 -1 -1 -1 
-1 0 -1 -1 -1 -1 -1 -1 -1 -1 -1 -1 -1 -1 -1 
-1 -1 -1 -1 -1 -1 -1 -1 -1 -1 -1 -1 -1 -1 -1 
-1 -1 -1 -1 -1 -1 -1 -1 -1 -1 -1 -1 -1 -1 -1 
-1 -1 -1 -1 -1 -1 -1 -1 -1 -1 -1 -1 -1 -1 -1 
-1 -1 -1 -1 -1 -1 -1 -1 -1 -1 -1 -1 -1 -1 -1 
-1 -1 -1 -1 -1 -1 -1 -1 -1 1 -1 -1 -1 -1 -1 
-1 -1 -1 -1 -1 -1 -1 -1 -1 1 -1 -1 -1 -1 -1 
-1 -1 -1 -1 -1 -1 -1 -1 -1 -1 -1 -1 -1 -1 -1 
-1 -1 -1 -1 -1 -1 -1 -1 -1 -1 -1 -1 -1 -1 -1 
-1 -1 -1 -1 -1 -1 -1 -1 -1 -1 -1 -1 -1 -1 -1 
-1 -1 -1 -1 -1 -1 -1 -1 -1 -1 -1 -1 -1 -1 -1 
-1 -1 -1 -1 -1 -1 -1 -1 -1 -1 -1 -1 -1 -1 -1 
-1 -1 -1 -1 -1 -1 -1 -1 -1 -1 -1 -1 -1 -1 -1 
-1 -1 -1 -1 -1 -1 -1 -1 -1 -1 -1 -1 -1 -1 -1 
END
15 1
2 1
5 9
-1 0 -1 -1 -1 -1 -1 -1 -1 -1 -1 -1 -1 -1 -1 
-1 0 -1 -1 -1 -1 -1 -1 -1 -1 -1 -1 -1 -1 -1 
-1 0 -1 -1 -1 -1 -1 -1 -1 -1 -1 -1 -1 -1 -1 
-1 -1 -1 -1 -1 -1 -1 -1 -1 -1 -1 -1 -1 -1 -1 
-1 -1 -1 -1 -1 -1 -1 -1 -1 -1 -1 -1 -1 -1 -1 
-1 -1 -1 -1 -1 -1 -1 -1 -1 1 -1 -1 -1 -1 -1 
-1 -1 -1 -1 -1 -1 -1 -1 -1 1 -1 -1 -1 -1 -1 
-1 -1 -1 -1 -1 -1 -1 -1 -1 1 -1 -1 -1 -1 -1 
-1 -1 -1 -1 -1 -1 -1 -1 -1 -1 -1 -1 -1 -1 -1 
-1 -1 -1 -1 -1 -1 -1 -1 -1 -1 -1 -1 -1 -1 -1 
-1 -1 -1 -1 -1 -1 -1 -1 -1 -1 -1 -1 -1 -1 -1 
-1 -1 -1 -1 -1 -1 -1 -1 -1 -1 -1 -1 -1 -1 -1 
-1 -1 -1 -1 -1 -1 -1 -1 -1 -1 -1 -1 -1 -1 -1 
-1 -1 -1 -1 -1 -1 -1 -1 -1 -1 -1 -1 -1 -1 -1 
-1 -1 -1 -1 -1 -1 -1 -1 -1 -1 -1 -1 -1 -1 -1 
END
15 1
3 1
4 9
-1 0 -1 -1 -1 -1 -1 -1 -1 -1 -1 -1 -1 -1 -1 
-1 0 -1 -1 -1 -1 -1 -1 -1 -1 -1 -1 -1 -1 -1 
-1 0 -1 -1 -1 -1 -1 -1 -1 -1 -1 -1 -1 -1 -1 
-1 0 -1 -1 -1 -1 -1 -1 -1 -1 -1 -1 -1 -1 -1 
-1 -1 -1 -1 -1 -1 -1 -1 -1 1 -1 -1 -1 -1 -1 
-1 -1 -1 -1 -1 -1 -1 -1 -1 1 -1 -1 -1 -1 -1 
-1 -1 -1 -1 -1 -1 -1 -1 -1 1 -1 -1 -1 -1 -1 
-1 -1 -1 -1 -1 -1 -1 -1 -1 1 -1 -1 -1 -1 -1 
-1 -1 -1 -1 -1 -1 -1 -1 -1 -1 -1 -1 -1 -1 -1 
-1 -1 -1 -1 -1 -1 -1 -1 -1 -1 -1 -1 -1 -1 -1 
-1 -1 -1 -1 -1 -1 -1 -1 -1 -1 -1 -1 -1 -1 -1 
-1 -1 -1 -1 -1 -1 -1 -1 -1 -1 -1 -1 -1 -1 -1 
-1 -1 -1 -1 -1 -1 -1 -1 -1 -1 -1 -1 -1 -1 -1 
-1 -1 -1 -1 -1 -1 -1 -1 -1 -1 -1 -1 -1 -1 -1 
-1 -1 -1 -1 -1 -1 -1 -1 -1 -1 -1 -1 -1 -1 -1 
END
15 1
4 1
3 9
-1 0 -1 -1 -1 -1 -1 -1 -1 -1 -1 -1 -1 -1 -1 
-1 0 -1 -1 -1 -1 -1 -1 -1 -1 -1 -1 -1 -1 -1 
-1 0 -1 -1 -1 -1 -1 -1 -1 -1 -1 -1 -1 -1 -1 
-1 0 -1 -1 -1 -1 -1 -1 -1 1 -1 -1 -1 -1 -1 
-1 0 -1 -1 -1 -1 -1 -1 -1 1 -1 -1 -1 -1 -1 
-1 -1 -1 -1 -1 -1 -1 -1 -1 1 -1 -1 -1 -1 -1 
-1 -1 -1 -1 -1 -1 -1 -1 -1 1 -1 -1 -1 -1 -1 
-1 -1 -1 -1 -1 -1 -1 -1 -1 1 -1 -1 -1 -1 -1 
-1 -1 -1 -1 -1 -1 -1 -1 -1 -1 -1 -1 -1 -1 -1 
-1 -1 -1 -1 -1 -1 -1 -1 -1 -1 -1 -1 -1 -1 -1 
-1 -1 -1 -1 -1 -1 -1 -1 -1 -1 -1 -1 -1 -1 -1 
-1 -1 -1 -1 -1 -1 -1 -1 -1 -1 -1 -1 -1 -1 -1 
-1 -1 -1 -1 -1 -1 -1 -1 -1 -1 -1 -1 -1 -1 -1 
-1 -1 -1 -1 -1 -1 -1 -1 -1 -1 -1 -1 -1 -1 -1 
-1 -1 -1 -1 -1 -1 -1 -1 -1 -1 -1 -1 -1 -1 -1 
END
15 1
5 1
2 9
-1 0 -1 -1 -1 -1 -1 -1 -1 -1 -1 -1 -1 -1 -1 
-1 0 -1 -1 -1 -1 -1 -1 -1 -1 -1 -1 -1 -1 -1 
-1 0 -1 -1 -1 -1 -1 -1 -1 1 -1 -1 -1 -1 -1 
-1 0 -1 -1 -1 -1 -1 -1 -1 1 -1 -1 -1 -1 -1 
-1 0 -1 -1 -1 -1 -1 -1 -1 1 -1 -1 -1 -1 -1 
-1 0 -1 -1 -1 -1 -1 -1 -1 1 -1 -1 -1 -1 -1 
-1 -1 -1 -1 -1 -1 -1 -1 -1 1 -1 -1 -1 -1 -1 
-1 -1 -1 -1 -1 -1 -1 -1 -1 1 -1 -1 -1 -1 -1 
-1 -1 -1 -1 -1 -1 -1 -1 -1 -1 -1 -1 -1 -1 -1 
-1 -1 -1 -1 -1 -1 -1 -1 -1 -1 -1 -1 -1 -1 -1 
-1 -1 -1 -1 -1 -1 -1 -1 -1 -1 -1 -1 -1 -1 -1 
-1 -1 -1 -1 -1 -1 -1 -1 -1 -1 -1 -1 -1 -1 -1 
-1 -1 -1 -1 -1 -1 -1 -1 -1 -1 -1 -1 -1 -1 -1 
-1 -1 -1 -1 -1 -1 -1 -1 -1 -1 -1 -1 -1 -1 -1 
-1 -1 -1 -1 -1 -1 -1 -1 -1 -1 -1 -1 -1 -1 -1 
END
15 1
6 1
1 9
-1 0 -1 -1 -1 -1 -1 -1 -1 -1 -1 -1 -1 -1 -1 
-1 0 -1 -1 -1 -1 -1 -1 -1 1 -1 -1 -1 -1 -1 
-1 0 -1 -1 -1 -1 -1 -1 -1 1 -1 -1 -1 -1 -1 
-1 0 -1 -1 -1 -1 -1 -1 -1 1 -1 -1 -1 -1 -1 
-1 0 -1 -1 -1 -1 -1 -1 -1 1 -1 -1 -1 -1 -1 
-1 0 -1 -1 -1 -1 -1 -1 -1 1 -1 -1 -1 -1 -1 
-1 0 -1 -1 -1 -1 -1 -1 -1 1 -1 -1 -1 -1 -1 
-1 -1 -1 -1 -1 -1 -1 -1 -1 1 -1 -1 -1 -1 -1 
-1 -1 -1 -1 -1 -1 -1 -1 -1 -1 -1 -1 -1 -1 -1 
-1 -1 -1 -1 -1 -1 -1 -1 -1 -1 -1 -1 -1 -1 -1 
-1 -1 -1 -1 -1 -1 -1 -1 -1 -1 -1 -1 -1 -1 -1 
-1 -1 -1 -1 -1 -1 -1 -1 -1 -1 -1 -1 -1 -1 -1 
-1 -1 -1 -1 -1 -1 -1 -1 -1 -1 -1 -1 -1 -1 -1 
-1 -1 -1 -1 -1 -1 -1 -1 -1 -1 -1 -1 -1 -1 -1 
-1 -1 -1 -1 -1 -1 -1 -1 -1 -1 -1 -1 -1 -1 -1 
END
15 1
7 1
0 9
-1 0 -1 -1 -1 -1 -1 -1 -1 1 -1 -1 -1 -1 -1 
-1 0 -1 -1 -1 -1 -1 -1 -1 1 -1 -1 -1 -1 -1 
-1 0 -1 -1 -1 -1 -1 -1 -1 1 -1 -1 -1 -1 -1 
-1 0 -1 -1 -1 -1 -1 -1 -1 1 -1 -1 -1 -1 -1 
-1 0 -1 -1 -1 -1 -1 -1 -1 1 -1 -1 -1 -1 -1 
-1 0 -1 -1 -1 -1 -1 -1 -1 1 -1 -1 -1 -1 -1 
-1 0 -1 -1 -1 -1 -1 -1 -1 1 -1 -1 -1 -1 -1 
-1 0 -1 -1 -1 -1 -1 -1 -1 1 -1 -1 -1 -1 -1 
-1 -1 -1 -1 -1 -1 -1 -1 -1 -1 -1 -1 -1 -1 -1 
-1 -1 -1 -1 -1 -1 -1 -1 -1 -1 -1 -1 -1 -1 -1 
-1 -1 -1 -1 -1 -1 -1 -1 -1 -1 -1 -1 -1 -1 -1 
-1 -1 -1 -1 -1 -1 -1 -1 -1 -1 -1 -1 -1 -1 -1 
-1 -1 -1 -1 -1 -1 -1 -1 -1 -1 -1 -1 -1 -1 -1 
-1 -1 -1 -1 -1 -1 -1 -1 -1 -1 -1 -1 -1 -1 -1 
-1 -1 -1 -1 -1 -1 -1 -1 -1 -1 -1 -1 -1 -1 -1 
END
15 1
8 1
0 8
-1 0 -1 -1 -1 -1 -1 -1 1 1 -1 -1 -1 -1 -1 
-1 0 -1 -1 -1 -1 -1 -1 -1 1 -1 -1 -1 -1 -1 
-1 0 -1 -1 -1 -1 -1 -1 -1 1 -1 -1 -1 -1 -1 
-1 0 -1 -1 -1 -1 -1 -1 -1 1 -1 -1 -1 -1 -1 
-1 0 -1 -1 -1 -1 -1 -1 -1 1 -1 -1 -1 -1 -1 
-1 0 -1 -1 -1 -1 -1 -1 -1 1 -1 -1 -1 -1 -1 
-1 0 -1 -1 -1 -1 -1 -1 -1 1 -1 -1 -1 -1 -1 
-1 0 -1 -1 -1 -1 -1 -1 -1 1 -1 -1 -1 -1 -1 
-1 0 -1 -1 -1 -1 -1 -1 -1 -1 -1 -1 -1 -1 -1 
-1 -1 -1 -1 -1 -1 -1 -1 -1 -1 -1 -1 -1 -1 -1 
-1 -1 -1 -1 -1 -1 -1 -1 -1 -1 -1 -1 -1 -1 -1 
-1 -1 -1 -1 -1 -1 -1 -1 -1 -1 -1 -1 -1 -1 -1 
-1 -1 -1 -1 -1 -1 -1 -1 -1 -1 -1 -1 -1 -1 -1 
-1 -1 -1 -1 -1 -1 -1 -1 -1 -1 -1 -1 -1 -1 -1 
-1 -1 -1 -1 -1 -1 -1 -1 -1 -1 -1 -1 -1 -1 -1 
END
15 1
9 1
1 8
-1 0 -1 -1 -1 -1 -1 -1 1 1 -1 -1 -1 -1 -1 
-1 0 -1 -1 -1 -1 -1 -1 1 1 -1 -1 -1 -1 -1 
-1 0 -1 -1 -1 -1 -1 -1 -1 1 -1 -1 -1 -1 -1 
-1 0 -1 -1 -1 -1 -1 -1 -1 1 -1 -1 -1 -1 -1 
-1 0 -1 -1 -1 -1 -1 -1 -1 1 -1 -1 -1 -1 -1 
-1 0 -1 -1 -1 -1 -1 -1 -1 1 -1 -1 -1 -1 -1 
-1 0 -1 -1 -1 -1 -1 -1 -1 1 -1 -1 -1 -1 -1 
-1 0 -1 -1 -1 -1 -1 -1 -1 1 -1 -1 -1 -1 -1 
-1 0 -1 -1 -1 -1 -1 -1 -1 -1 -1 -1 -1 -1 -1 
-1 0 -1 -1 -1 -1 -1 -1 -1 -1 -1 -1 -1 -1 -1 
-1 -1 -1 -1 -1 -1 -1 -1 -1 -1 -1 -1 -1 -1 -1 
-1 -1 -1 -1 -1 -1 -1 -1 -1 -1 -1 -1 -1 -1 -1 
-1 -1 -1 -1 -1 -1 -1 -1 -1 -1 -1 -1 -1 -1 -1 
-1 -1 -1 -1 -1 -1 -1 -1 -1 -1 -1 -1 -1 -1 -1 
-1 -1 -1 -1 -1 -1 -1 -1 -1 -1 -1 -1 -1 -1 -1 
END
15 1
10 1
2 8
-1 0 -1 -1 -1 -1 -1 -1 1 1 -1 -1 -1 -1 -1 
-1 0 -1 -1 -1 -1 -1 -1 1 1 -1 -1 -1 -1 -1 
-1 0 -1 -1 -1 -1 -1 -1 1 1 -1 -1 -1 -1 -1 
-1 0 -1 -1 -1 -1 -1 -1 -1 1 -1 -1 -1 -1 -1 
-1 0 -1 -1 -1 -1 -1 -1 -1 1 -1 -1 -1 -1 -1 
-1 0 -1 -1 -1 -1 -1 -1 -1 1 -1 -1 -1 -1 -1 
-1 0 -1 -1 -1 -1 -1 -1 -1 1 -1 -1 -1 -1 -1 
-1 0 -1 -1 -1 -1 -1 -1 -1 1 -1 -1 -1 -1 -1 
-1 0 -1 -1 -1 -1 -1 -1 -1 -1 -1 -1 -1 -1 -1 
-1 0 -1 -1 -1 -1 -1 -1 -1 -1 -1 -1 -1 -1 -1 
-1 0 -1 -1 -1 -1 -1 -1 -1 -1 -1 -1 -1 -1 -1 
-1 -1 -1 -1 -1 -1 -1 -1 -1 -1 -1 -1 -1 -1 -1 
-1 -1 -1 -1 -1 -1 -1 -1 -1 -1 -1 -1 -1 -1 -1 
-1 -1 -1 -1 -1 -1 -1 -1 -1 -1 -1 -1 -1 -1 -1 
-1 -1 -1 -1 -1 -1 -1 -1 -1 -1 -1 -1 -1 -1 -1 
END
15 1
11 1
3 8
-1 0 -1 -1 -1 -1 -1 -1 1 1 -1 -1 -1 -1 -1 
-1 0 -1 -1 -1 -1 -1 -1 1 1 -1 -1 -1 -1 -1 
-1 0 -1 -1 -1 -1 -1 -1 1 1 -1 -1 -1 -1 -1 
-1 0 -1 -1 -1 -1 -1 -1 1 1 -1 -1 -1 -1 -1 
-1 0 -1 -1 -1 -1 -1 -1 -1 1 -1 -1 -1 -1 -1 
-1 0 -1 -1 -1 -1 -1 -1 -1 1 -1 -1 -1 -1 -1 
-1 0 -1 -1 -1 -1 -1 -1 -1 1 -1 -1 -1 -1 -1 
-1 0 -1 -1 -1 -1 -1 -1 -1 1 -1 -1 -1 -1 -1 
-1 0 -1 -1 -1 -1 -1 -1 -1 -1 -1 -1 -1 -1 -1 
-1 0 -1 -1 -1 -1 -1 -1 -1 -1 -1 -1 -1 -1 -1 
-1 0 -1 -1 -1 -1 -1 -1 -1 -1 -1 -1 -1 -1 -1 
-1 0 -1 -1 -1 -1 -1 -1 -1 -1 -1 -1 -1 -1 -1 
-1 -1 -1 -1 -1 -1 -1 -1 -1 -1 -1 -1 -1 -1 -1 
-1 -1 -1 -1 -1 -1 -1 -1 -1 -1 -1 -1 -1 -1 -1 
-1 -1 -1 -1 -1 -1 -1 -1 -1 -1 -1 -1 -1 -1 -1 
END
15 1
12 1
4 8
-1 0 -1 -1 -1 -1 -1 -1 1 1 -1 -1 -1 -1 -1 
-1 0 -1 -1 -1 -1 -1 -1 1 1 -1 -1 -1 -1 -1 
-1 0 -1 -1 -1 -1 -1 -1 1 1 -1 -1 -1 -1 -1 
-1 0 -1 -1 -1 -1 -1 -1 1 1 -1 -1 -1 -1 -1 
-1 0 -1 -1 -1 -1 -1 -1 1 1 -1 -1 -1 -1 -1 
-1 0 -1 -1 -1 -1 -1 -1 -1 1 -1 -1 -1 -1 -1 
-1 0 -1 -1 -1 -1 -1 -1 -1 1 -1 -1 -1 -1 -1 
-1 0 -1 -1 -1 -1 -1 -1 -1 1 -1 -1 -1 -1 -1 
-1 0 -1 -1 -1 -1 -1 -1 -1 -1 -1 -1 -1 -1 -1 
-1 0 -1 -1 -1 -1 -1 -1 -1 -1 -1 -1 -1 -1 -1 
-1 0 -1 -1 -1 -1 -1 -1 -1 -1 -1 -1 -1 -1 -1 
-1 0 -1 -1 -1 -1 -1 -1 -1 -1 -1 -1 -1 -1 -1 
-1 0 -1 -1 -1 -1 -1 -1 -1 -1 -1 -1 -1 -1 -1 
-1 -1 -1 -1 -1 -1 -1 -1 -1 -1 -1 -1 -1 -1 -1 
-1 -1 -1 -1 -1 -1 -1 -1 -1 -1 -1 -1 -1 -1 -1 
END
15 1
13 1
5 8
-1 0 -1 -1 -1 -1 -1 -1 1 1 -1 -1 -1 -1 -1 
-1 0 -1 -1 -1 -1 -1 -1 1 1 -1 -1 -1 -1 -1 
-1 0 -1 -1 -1 -1 -1 -1 1 1 -1 -1 -1 -1 -1 
-1 0 -1 -1 -1 -1 -1 -1 1 1 -1 -1 -1 -1 -1 
-1 0 -1 -1 -1 -1 -1 -1 1 1 -1 -1 -1 -1 -1 
-1 0 -1 -1 -1 -1 -1 -1 1 1 -1 -1 -1 -1 -1 
-1 0 -1 -1 -1 -1 -1 -1 -1 1 -1 -1 -1 -1 -1 
-1 0 -1 -1 -1 -1 -1 -1 -1 1 -1 -1 -1 -1 -1 
-1 0 -1 -1 -1 -1 -1 -1 -1 -1 -1 -1 -1 -1 -1 
-1 0 -1 -1 -1 -1 -1 -1 -1 -1 -1 -1 -1 -1 -1 
-1 0 -1 -1 -1 -1 -1 -1 -1 -1 -1 -1 -1 -1 -1 
-1 0 -1 -1 -1 -1 -1 -1 -1 -1 -1 -1 -1 -1 -1 
-1 0 -1 -1 -1 -1 -1 -1 -1 -1 -1 -1 -1 -1 -1 
-1 0 -1 -1 -1 -1 -1 -1 -1 -1 -1 -1 -1 -1 -1 
-1 -1 -1 -1 -1 -1 -1 -1 -1 -1 -1 -1 -1 -1 -1 
END
15 1
14 1
6 8
-1 0 -1 -1 -1 -1 -1 -1 1 1 -1 -1 -1 -1 -1 
-1 0 -1 -1 -1 -1 -1 -1 1 1 -1 -1 -1 -1 -1 
-1 0 -1 -1 -1 -1 -1 -1 1 1 -1 -1 -1 -1 -1 
-1 0 -1 -1 -1 -1 -1 -1 1 1 -1 -1 -1 -1 -1 
-1 0 -1 -1 -1 -1 -1 -1 1 1 -1 -1 -1 -1 -1 
-1 0 -1 -1 -1 -1 -1 -1 1 1 -1 -1 -1 -1 -1 
-1 0 -1 -1 -1 -1 -1 -1 1 1 -1 -1 -1 -1 -1 
-1 0 -1 -1 -1 -1 -1 -1 -1 1 -1 -1 -1 -1 -1 
-1 0 -1 -1 -1 -1 -1 -1 -1 -1 -1 -1 -1 -1 -1 
-1 0 -1 -1 -1 -1 -1 -1 -1 -1 -1 -1 -1 -1 -1 
-1 0 -1 -1 -1 -1 -1 -1 -1 -1 -1 -1 -1 -1 -1 
-1 0 -1 -1 -1 -1 -1 -1 -1 -1 -1 -1 -1 -1 -1 
-1 0 -1 -1 -1 -1 -1 -1 -1 -1 -1 -1 -1 -1 -1 
-1 0 -1 -1 -1 -1 -1 -1 -1 -1 -1 -1 -1 -1 -1 
-1 0 -1 -1 -1 -1 -1 -1 -1 -1 -1 -1 -1 -1 -1 
END
15 1
14 0
7 8
-1 0 -1 -1 -1 -1 -1 -1 1 1 -1 -1 -1 -1 -1 
-1 0 -1 -1 -1 -1 -1 -1 1 1 -1 -1 -1 -1 -1 
-1 0 -1 -1 -1 -1 -1 -1 1 1 -1 -1 -1 -1 -1 
-1 0 -1 -1 -1 -1 -1 -1 1 1 -1 -1 -1 -1 -1 
-1 0 -1 -1 -1 -1 -1 -1 1 1 -1 -1 -1 -1 -1 
-1 0 -1 -1 -1 -1 -1 -1 1 1 -1 -1 -1 -1 -1 
-1 0 -1 -1 -1 -1 -1 -1 1 1 -1 -1 -1 -1 -1 
-1 0 -1 -1 -1 -1 -1 -1 1 1 -1 -1 -1 -1 -1 
-1 0 -1 -1 -1 -1 -1 -1 -1 -1 -1 -1 -1 -1 -1 
-1 0 -1 -1 -1 -1 -1 -1 -1 -1 -1 -1 -1 -1 -1 
-1 0 -1 -1 -1 -1 -1 -1 -1 -1 -1 -1 -1 -1 -1 
-1 0 -1 -1 -1 -1 -1 -1 -1 -1 -1 -1 -1 -1 -1 
-1 0 -1 -1 -1 -1 -1 -1 -1 -1 -1 -1 -1 -1 -1 
-1 0 -1 -1 -1 -1 -1 -1 -1 -1 -1 -1 -1 -1 -1 
0 0 -1 -1 -1 -1 -1 -1 -1 -1 -1 -1 -1 -1 -1 
END
15 1
13 0
8 8
-1 0 -1 -1 -1 -1 -1 -1 1 1 -1 -1 -1 -1 -1 
-1 0 -1 -1 -1 -1 -1 -1 1 1 -1 -1 -1 -1 -1 
-1 0 -1 -1 -1 -1 -1 -1 1 1 -1 -1 -1 -1 -1 
-1 0 -1 -1 -1 -1 -1 -1 1 1 -1 -1 -1 -1 -1 
-1 0 -1 -1 -1 -1 -1 -1 1 1 -1 -1 -1 -1 -1 
-1 0 -1 -1 -1 -1 -1 -1 1 1 -1 -1 -1 -1 -1 
-1 0 -1 -1 -1 -1 -1 -1 1 1 -1 -1 -1 -1 -1 
-1 0 -1 -1 -1 -1 -1 -1 1 1 -1 -1 -1 -1 -1 
-1 0 -1 -1 -1 -1 -1 -1 1 -1 -1 -1 -1 -1 -1 
-1 0 -1 -1 -1 -1 -1 -1 -1 -1 -1 -1 -1 -1 -1 
-1 0 -1 -1 -1 -1 -1 -1 -1 -1 -1 -1 -1 -1 -1 
-1 0 -1 -1 -1 -1 -1 -1 -1 -1 -1 -1 -1 -1 -1 
-1 0 -1 -1 -1 -1 -1 -1 -1 -1 -1 -1 -1 -1 -1 
0 0 -1 -1 -1 -1 -1 -1 -1 -1 -1 -1 -1 -1 -1 
0 0 -1 -1 -1 -1 -1 -1 -1 -1 -1 -1 -1 -1 -1 
END
15 1
12 0
9 8
-1 0 -1 -1 -1 -1 -1 -1 1 1 -1 -1 -1 -1 -1 
-1 0 -1 -1 -1 -1 -1 -1 1 1 -1 -1 -1 -1 -1 
-1 0 -1 -1 -1 -1 -1 -1 1 1 -1 -1 -1 -1 -1 
-1 0 -1 -1 -1 -1 -1 -1 1 1 -1 -1 -1 -1 -1 
-1 0 -1 -1 -1 -1 -1 -1 1 1 -1 -1 -1 -1 -1 
-1 0 -1 -1 -1 -1 -1 -1 1 1 -1 -1 -1 -1 -1 
-1 0 -1 -1 -1 -1 -1 -1 1 1 -1 -1 -1 -1 -1 
-1 0 -1 -1 -1 -1 -1 -1 1 1 -1 -1 -1 -1 -1 
-1 0 -1 -1 -1 -1 -1 -1 1 -1 -1 -1 -1 -1 -1 
-1 0 -1 -1 -1 -1 -1 -1 1 -1 -1 -1 -1 -1 -1 
-1 0 -1 -1 -1 -1 -1 -1 -1 -1 -1 -1 -1 -1 -1 
-1 0 -1 -1 -1 -1 -1 -1 -1 -1 -1 -1 -1 -1 -1 
0 0 -1 -1 -1 -1 -1 -1 -1 -1 -1 -1 -1 -1 -1 
0 0 -1 -1 -1 -1 -1 -1 -1 -1 -1 -1 -1 -1 -1 
0 0 -1 -1 -1 -1 -1 -1 -1 -1 -1 -1 -1 -1 -1 
END
15 1
11 0
10 8
-1 0 -1 -1 -1 -1 -1 -1 1 1 -1 -1 -1 -1 -1 
-1 0 -1 -1 -1 -1 -1 -1 1 1 -1 -1 -1 -1 -1 
-1 0 -1 -1 -1 -1 -1 -1 1 1 -1 -1 -1 -1 -1 
-1 0 -1 -1 -1 -1 -1 -1 1 1 -1 -1 -1 -1 -1 
-1 0 -1 -1 -1 -1 -1 -1 1 1 -1 -1 -1 -1 -1 
-1 0 -1 -1 -1 -1 -1 -1 1 1 -1 -1 -1 -1 -1 
-1 0 -1 -1 -1 -1 -1 -1 1 1 -1 -1 -1 -1 -1 
-1 0 -1 -1 -1 -1 -1 -1 1 1 -1 -1 -1 -1 -1 
-1 0 -1 -1 -1 -1 -1 -1 1 -1 -1 -1 -1 -1 -1 
-1 0 -1 -1 -1 -1 -1 -1 1 -1 -1 -1 -1 -1 -1 
-1 0 -1 -1 -1 -1 -1 -1 1 -1 -1 -1 -1 -1 -1 
0 0 -1 -1 -1 -1 -1 -1 -1 -1 -1 -1 -1 -1 -1 
0 0 -1 -1 -1 -1 -1 -1 -1 -1 -1 -1 -1 -1 -1 
0 0 -1 -1 -1 -1 -1 -1 -1 -1 -1 -1 -1 -1 -1 
0 0 -1 -1 -1 -1 -1 -1 -1 -1 -1 -1 -1 -1 -1 
END
15 1
10 0
11 8
-1 0 -1 -1 -1 -1 -1 -1 1 1 -1 -1 -1 -1 -1 
-1 0 -1 -1 -1 -1 -1 -1 1 1 -1 -1 -1 -1 -1 
-1 0 -1 -1 -1 -1 -1 -1 1 1 -1 -1 -1 -1 -1 
-1 0 -1 -1 -1 -1 -1 -1 1 1 -1 -1 -1 -1 -1 
-1 0 -1 -1 -1 -1 -1 -1 1 1 -1 -1 -1 -1 -1 
-1 0 -1 -1 -1 -1 -1 -1 1 1 -1 -1 -1 -1 -1 
-1 0 -1 -1 -1 -1 -1 -1 1 1 -1 -1 -1 -1 -1 
-1 0 -1 -1 -1 -1 -1 -1 1 1 -1 -1 -1 -1 -1 
-1 0 -1 -1 -1 -1 -1 -1 1 -1 -1 -1 -1 -1 -1 
-1 0 -1 -1 -1 -1 -1 -1 1 -1 -1 -1 -1 -1 -1 
0 0 -1 -1 -1 -1 -1 -1 1 -1 -1 -1 -1 -1 -1 
0 0 -1 -1 -1 -1 -1 -1 1 -1 -1 -1 -1 -1 -1 
0 0 -1 -1 -1 -1 -1 -1 -1 -1 -1 -1 -1 -1 -1 
0 0 -1 -1 -1 -1 -1 -1 -1 -1 -1 -1 -1 -1 -1 
0 0 -1 -1 -1 -1 -1 -1 -1 -1 -1 -1 -1 -1 -1 
END
15 1
9 0
12 8
-1 0 -1 -1 -1 -1 -1 -1 1 1 -1 -1 -1 -1 -1 
-1 0 -1 -1 -1 -1 -1 -1 1 1 -1 -1 -1 -1 -1 
-1 0 -1 -1 -1 -1 -1 -1 1 1 -1 -1 -1 -1 -1 
-1 0 -1 -1 -1 -1 -1 -1 1 1 -1 -1 -1 -1 -1 
-1 0 -1 -1 -1 -1 -1 -1 1 1 -1 -1 -1 -1 -1 
-1 0 -1 -1 -1 -1 -1 -1 1 1 -1 -1 -1 -1 -1 
-1 0 -1 -1 -1 -1 -1 -1 1 1 -1 -1 -1 -1 -1 
-1 0 -1 -1 -1 -1 -1 -1 1 1 -1 -1 -1 -1 -1 
-1 0 -1 -1 -1 -1 -1 -1 1 -1 -1 -1 -1 -1 -1 
0 0 -1 -1 -1 -1 -1 -1 1 -1 -1 -1 -1 -1 -1 
0 0 -1 -1 -1 -1 -1 -1 1 -1 -1 -1 -1 -1 -1 
0 0 -1 -1 -1 -1 -1 -1 1 -1 -1 -1 -1 -1 -1 
0 0 -1 -1 -1 -1 -1 -1 1 -1 -1 -1 -1 -1 -1 
0 0 -1 -1 -1 -1 -1 -1 -1 -1 -1 -1 -1 -1 -1 
0 0 -1 -1 -1 -1 -1 -1 -1 -1 -1 -1 -1 -1 -1 
END
15 1
8 0
13 8
-1 0 -1 -1 -1 -1 -1 -1 1 1 -1 -1 -1 -1 -1 
-1 0 -1 -1 -1 -1 -1 -1 1 1 -1 -1 -1 -1 -1 
-1 0 -1 -1 -1 -1 -1 -1 1 1 -1 -1 -1 -1 -1 
-1 0 -1 -1 -1 -1 -1 -1 1 1 -1 -1 -1 -1 -1 
-1 0 -1 -1 -1 -1 -1 -1 1 1 -1 -1 -1 -1 -1 
-1 0 -1 -1 -1 -1 -1 -1 1 1 -1 -1 -1 -1 -1 
-1 0 -1 -1 -1 -1 -1 -1 1 1 -1 -1 -1 -1 -1 
-1 0 -1 -1 -1 -1 -1 -1 1 1 -1 -1 -1 -1 -1 
0 0 -1 -1 -1 -1 -1 -1 1 -1 -1 -1 -1 -1 -1 
0 0 -1 -1 -1 -1 -1 -1 1 -1 -1 -1 -1 -1 -1 
0 0 -1 -1 -1 -1 -1 -1 1 -1 -1 -1 -1 -1 -1 
0 0 -1 -1 -1 -1 -1 -1 1 -1 -1 -1 -1 -1 -1 
0 0 -1 -1 -1 -1 -1 -1 1 -1 -1 -1 -1 -1 -1 
0 0 -1 -1 -1 -1 -1 -1 1 -1 -1 -1 -1 -1 -1 
0 0 -1 -1 -1 -1 -1 -1 -1 -1 -1 -1 -1 -1 -1 
END
15 1
7 0
14 8
-1 0 -1 -1 -1 -1 -1 -1 1 1 -1 -1 -1 -1 -1 
-1 0 -1 -1 -1 -1 -1 -1 1 1 -1 -1 -1 -1 -1 
-1 0 -1 -1 -1 -1 -1 -1 1 1 -1 -1 -1 -1 -1 
-1 0 -1 -1 -1 -1 -1 -1 1 1 -1 -1 -1 -1 -1 
-1 0 -1 -1 -1 -1 -1 -1 1 1 -1 -1 -1 -1 -1 
-1 0 -1 -1 -1 -1 -1 -1 1 1 -1 -1 -1 -1 -1 
-1 0 -1 -1 -1 -1 -1 -1 1 1 -1 -1 -1 -1 -1 
0 0 -1 -1 -1 -1 -1 -1 1 1 -1 -1 -1 -1 -1 
0 0 -1 -1 -1 -1 -1 -1 1 -1 -1 -1 -1 -1 -1 
0 0 -1 -1 -1 -1 -1 -1 1 -1 -1 -1 -1 -1 -1 
0 0 -1 -1 -1 -1 -1 -1 1 -1 -1 -1 -1 -1 -1 
0 0 -1 -1 -1 -1 -1 -1 1 -1 -1 -1 -1 -1 -1 
0 0 -1 -1 -1 -1 -1 -1 1 -1 -1 -1 -1 -1 -1 
0 0 -1 -1 -1 -1 -1 -1 1 -1 -1 -1 -1 -1 -1 
0 0 -1 -1 -1 -1 -1 -1 1 -1 -1 -1 -1 -1 -1 
END
15 1
6 0
14 7
-1 0 -1 -1 -1 -1 -1 -1 1 1 -1 -1 -1 -1 -1 
-1 0 -1 -1 -1 -1 -1 -1 1 1 -1 -1 -1 -1 -1 
-1 0 -1 -1 -1 -1 -1 -1 1 1 -1 -1 -1 -1 -1 
-1 0 -1 -1 -1 -1 -1 -1 1 1 -1 -1 -1 -1 -1 
-1 0 -1 -1 -1 -1 -1 -1 1 1 -1 -1 -1 -1 -1 
-1 0 -1 -1 -1 -1 -1 -1 1 1 -1 -1 -1 -1 -1 
0 0 -1 -1 -1 -1 -1 -1 1 1 -1 -1 -1 -1 -1 
0 0 -1 -1 -1 -1 -1 -1 1 1 -1 -1 -1 -1 -1 
0 0 -1 -1 -1 -1 -1 -1 1 -1 -1 -1 -1 -1 -1 
0 0 -1 -1 -1 -1 -1 -1 1 -1 -1 -1 -1 -1 -1 
0 0 -1 -1 -1 -1 -1 -1 1 -1 -1 -1 -1 -1 -1 
0 0 -1 -1 -1 -1 -1 -1 1 -1 -1 -1 -1 -1 -1 
0 0 -1 -1 -1 -1 -1 -1 1 -1 -1 -1 -1 -1 -1 
0 0 -1 -1 -1 -1 -1 -1 1 -1 -1 -1 -1 -1 -1 
0 0 -1 -1 -1 -1 -1 1 1 -1 -1 -1 -1 -1 -1 
END
15 1
5 0
13 7
-1 0 -1 -1 -1 -1 -1 -1 1 1 -1 -1 -1 -1 -1 
-1 0 -1 -1 -1 -1 -1 -1 1 1 -1 -1 -1 -1 -1 
-1 0 -1 -1 -1 -1 -1 -1 1 1 -1 -1 -1 -1 -1 
-1 0 -1 -1 -1 -1 -1 -1 1 1 -1 -1 -1 -1 -1 
-1 0 -1 -1 -1 -1 -1 -1 1 1 -1 -1 -1 -1 -1 
0 0 -1 -1 -1 -1 -1 -1 1 1 -1 -1 -1 -1 -1 
0 0 -1 -1 -1 -1 -1 -1 1 1 -1 -1 -1 -1 -1 
0 0 -1 -1 -1 -1 -1 -1 1 1 -1 -1 -1 -1 -1 
0 0 -1 -1 -1 -1 -1 -1 1 -1 -1 -1 -1 -1 -1 
0 0 -1 -1 -1 -1 -1 -1 1 -1 -1 -1 -1 -1 -1 
0 0 -1 -1 -1 -1 -1 -1 1 -1 -1 -1 -1 -1 -1 
0 0 -1 -1 -1 -1 -1 -1 1 -1 -1 -1 -1 -1 -1 
0 0 -1 -1 -1 -1 -1 -1 1 -1 -1 -1 -1 -1 -1 
0 0 -1 -1 -1 -1 -1 1 1 -1 -1 -1 -1 -1 -1 
0 0 -1 -1 -1 -1 -1 1 1 -1 -1 -1 -1 -1 -1 
END
15 1
4 0
12 7
-1 0 -1 -1 -1 -1 -1 -1 1 1 -1 -1 -1 -1 -1 
-1 0 -1 -1 -1 -1 -1 -1 1 1 -1 -1 -1 -1 -1 
-1 0 -1 -1 -1 -1 -1 -1 1 1 -1 -1 -1 -1 -1 
-1 0 -1 -1 -1 -1 -1 -1 1 1 -1 -1 -1 -1 -1 
0 0 -1 -1 -1 -1 -1 -1 1 1 -1 -1 -1 -1 -1 
0 0 -1 -1 -1 -1 -1 -1 1 1 -1 -1 -1 -1 -1 
0 0 -1 -1 -1 -1 -1 -1 1 1 -1 -1 -1 -1 -1 
0 0 -1 -1 -1 -1 -1 -1 1 1 -1 -1 -1 -1 -1 
0 0 -1 -1 -1 -1 -1 -1 1 -1 -1 -1 -1 -1 -1 
0 0 -1 -1 -1 -1 -1 -1 1 -1 -1 -1 -1 -1 -1 
0 0 -1 -1 -1 -1 -1 -1 1 -1 -1 -1 -1 -1 -1 
0 0 -1 -1 -1 -1 -1 -1 1 -1 -1 -1 -1 -1 -1 
0 0 -1 -1 -1 -1 -1 1 1 -1 -1 -1 -1 -1 -1 
0 0 -1 -1 -1 -1 -1 1 1 -1 -1 -1 -1 -1 -1 
0 0 -1 -1 -1 -1 -1 1 1 -1 -1 -1 -1 -1 -1 
END
15 1
3 0
11 7
-1 0 -1 -1 -1 -1 -1 -1 1 1 -1 -1 -1 -1 -1 
-1 0 -1 -1 -1 -1 -1 -1 1 1 -1 -1 -1 -1 -1 
-1 0 -1 -1 -1 -1 -1 -1 1 1 -1 -1 -1 -1 -1 
0 0 -1 -1 -1 -1 -1 -1 1 1 -1 -1 -1 -1 -1 
0 0 -1 -1 -1 -1 -1 -1 1 1 -1 -1 -1 -1 -1 
0 0 -1 -1 -1 -1 -1 -1 1 1 -1 -1 -1 -1 -1 
0 0 -1 -1 -1 -1 -1 -1 1 1 -1 -1 -1 -1 -1 
0 0 -1 -1 -1 -1 -1 -1 1 1 -1 -1 -1 -1 -1 
0 0 -1 -1 -1 -1 -1 -1 1 -1 -1 -1 -1 -1 -1 
0 0 -1 -1 -1 -1 -1 -1 1 -1 -1 -1 -1 -1 -1 
0 0 -1 -1 -1 -1 -1 -1 1 -1 -1 -1 -1 -1 -1 
0 0 -1 -1 -1 -1 -1 1 1 -1 -1 -1 -1 -1 -1 
0 0 -1 -1 -1 -1 -1 1 1 -1 -1 -1 -1 -1 -1 
0 0 -1 -1 -1 -1 -1 1 1 -1 -1 -1 -1 -1 -1 
0 0 -1 -1 -1 -1 -1 1 1 -1 -1 -1 -1 -1 -1 
END
15 1
2 0
10 7
-1 0 -1 -1 -1 -1 -1 -1 1 1 -1 -1 -1 -1 -1 
-1 0 -1 -1 -1 -1 -1 -1 1 1 -1 -1 -1 -1 -1 
0 0 -1 -1 -1 -1 -1 -1 1 1 -1 -1 -1 -1 -1 
0 0 -1 -1 -1 -1 -1 -1 1 1 -1 -1 -1 -1 -1 
0 0 -1 -1 -1 -1 -1 -1 1 1 -1 -1 -1 -1 -1 
0 0 -1 -1 -1 -1 -1 -1 1 1 -1 -1 -1 -1 -1 
0 0 -1 -1 -1 -1 -1 -1 1 1 -1 -1 -1 -1 -1 
0 0 -1 -1 -1 -1 -1 -1 1 1 -1 -1 -1 -1 -1 
0 0 -1 -1 -1 -1 -1 -1 1 -1 -1 -1 -1 -1 -1 
0 0 -1 -1 -1 -1 -1 -1 1 -1 -1 -1 -1 -1 -1 
0 0 -1 -1 -1 -1 -1 1 1 -1 -1 -1 -1 -1 -1 
0 0 -1 -1 -1 -1 -1 1 1 -1 -1 -1 -1 -1 -1 
0 0 -1 -1 -1 -1 -1 1 1 -1 -1 -1 -1 -1 -1 
0 0 -1 -1 -1 -1 -1 1 1 -1 -1 -1 -1 -1 -1 
0 0 -1 -1 -1 -1 -1 1 1 -1 -1 -1 -1 -1 -1 
END
15 1
1 0
9 7
-1 0 -1 -1 -1 -1 -1 -1 1 1 -1 -1 -1 -1 -1 
0 0 -1 -1 -1 -1 -1 -1 1 1 -1 -1 -1 -1 -1 
0 0 -1 -1 -1 -1 -1 -1 1 1 -1 -1 -1 -1 -1 
0 0 -1 -1 -1 -1 -1 -1 1 1 -1 -1 -1 -1 -1 
0 0 -1 -1 -1 -1 -1 -1 1 1 -1 -1 -1 -1 -1 
0 0 -1 -1 -1 -1 -1 -1 1 1 -1 -1 -1 -1 -1 
0 0 -1 -1 -1 -1 -1 -1 1 1 -1 -1 -1 -1 -1 
0 0 -1 -1 -1 -1 -1 -1 1 1 -1 -1 -1 -1 -1 
0 0 -1 -1 -1 -1 -1 -1 1 -1 -1 -1 -1 -1 -1 
0 0 -1 -1 -1 -1 -1 1 1 -1 -1 -1 -1 -1 -1 
0 0 -1 -1 -1 -1 -1 1 1 -1 -1 -1 -1 -1 -1 
0 0 -1 -1 -1 -1 -1 1 1 -1 -1 -1 -1 -1 -1 
0 0 -1 -1 -1 -1 -1 1 1 -1 -1 -1 -1 -1 -1 
0 0 -1 -1 -1 -1 -1 1 1 -1 -1 -1 -1 -1 -1 
0 0 -1 -1 -1 -1 -1 1 1 -1 -1 -1 -1 -1 -1 
END
15 1
0 0
8 7
0 0 -1 -1 -1 -1 -1 -1 1 1 -1 -1 -1 -1 -1 
0 0 -1 -1 -1 -1 -1 -1 1 1 -1 -1 -1 -1 -1 
0 0 -1 -1 -1 -1 -1 -1 1 1 -1 -1 -1 -1 -1 
0 0 -1 -1 -1 -1 -1 -1 1 1 -1 -1 -1 -1 -1 
0 0 -1 -1 -1 -1 -1 -1 1 1 -1 -1 -1 -1 -1 
0 0 -1 -1 -1 -1 -1 -1 1 1 -1 -1 -1 -1 -1 
0 0 -1 -1 -1 -1 -1 -1 1 1 -1 -1 -1 -1 -1 
0 0 -1 -1 -1 -1 -1 -1 1 1 -1 -1 -1 -1 -1 
0 0 -1 -1 -1 -1 -1 1 1 -1 -1 -1 -1 -1 -1 
0 0 -1 -1 -1 -1 -1 1 1 -1 -1 -1 -1 -1 -1 
0 0 -1 -1 -1 -1 -1 1 1 -1 -1 -1 -1 -1 -1 
0 0 -1 -1 -1 -1 -1 1 1 -1 -1 -1 -1 -1 -1 
0 0 -1 -1 -1 -1 -1 1 1 -1 -1 -1 -1 -1 -1 
0 0 -1 -1 -1 -1 -1 1 1 -1 -1 -1 -1 -1 -1 
0 0 -1 -1 -1 -1 -1 1 1 -1 -1 -1 -1 -1 -1 
END
