1.202761561441006710e-01
1.202761561441006710e-01
1.698590129359277834e-01
2.962553619706113084e-01
3.143494506759884066e-01
3.369006520375483760e-01
7.361949761838825212e-01
7.361949761838825212e-01
7.361949761838825212e-01
7.361949761838825212e-01
7.361949761838825212e-01
7.361949761838825212e-01
7.361949761838825212e-01
7.361949761838825212e-01
7.361949761838825212e-01
7.361949761838825212e-01
7.361949761838825212e-01
7.361949761838825212e-01
8.214815791861105332e-01
8.214815791861105332e-01
8.214815791861105332e-01
8.214815791861105332e-01
9.254629358180384013e-01
9.254629358180384013e-01
9.254629358180384013e-01
9.254629358180384013e-01
9.254629358180384013e-01
9.254629358180384013e-01
9.254629358180384013e-01
9.254629358180384013e-01
9.254629358180384013e-01
9.254629358180384013e-01
9.509284012075194248e-01
9.509284012075194248e-01
9.509284012075194248e-01
9.509284012075194248e-01
9.509284012075194248e-01
9.509284012075194248e-01
9.509284012075194248e-01
9.509284012075194248e-01
9.509284012075194248e-01
9.509284012075194248e-01
9.509284012075194248e-01
9.688388106459122628e-01
9.688388106459122628e-01
9.688388106459122628e-01
9.688388106459122628e-01
9.688388106459122628e-01
9.688388106459122628e-01
9.688388106459122628e-01
9.688388106459122628e-01
9.688388106459122628e-01
9.688388106459122628e-01
9.688388106459122628e-01
9.688388106459122628e-01
9.688388106459122628e-01
9.688388106459122628e-01
9.688388106459122628e-01
9.688388106459122628e-01
9.752633504522747465e-01
9.752633504522747465e-01
9.752633504522747465e-01
9.752633504522747465e-01
1.007155340237261498e+00
1.007155340237261498e+00
1.007155340237261498e+00
1.007155340237261498e+00
1.007155340237261498e+00
1.007155340237261498e+00
1.007155340237261498e+00
1.007155340237261498e+00
1.007155340237261498e+00
1.007155340237261498e+00
1.007155340237261498e+00
1.007155340237261498e+00
1.007155340237261498e+00
1.007155340237261498e+00
1.007155340237261498e+00
1.007155340237261498e+00
1.007155340237261498e+00
1.007155340237261498e+00
1.007155340237261498e+00
1.007155340237261498e+00
1.007155340237261498e+00
1.007155340237261498e+00
1.007155340237261498e+00
1.007155340237261498e+00
1.007155340237261498e+00
1.007155340237261498e+00
1.007155340237261498e+00
1.011883878488811783e+00
1.011883878488811783e+00
1.011883878488811783e+00
1.011883878488811783e+00
1.011883878488811783e+00
1.011883878488811783e+00
1.011883878488811783e+00
1.011883878488811783e+00
1.011883878488811783e+00
1.011883878488811783e+00
1.011883878488811783e+00
