15 1
1 12
2 3
-1 -1 -1 -1 -1 -1 -1 -1 -1 -1 -1 -1 -1 -1 -1 
-1 -1 -1 -1 -1 -1 -1 -1 -1 -1 -1 -1 0 -1 -1 
-1 -1 -1 1 -1 -1 -1 -1 -1 -1 -1 -1 -1 -1 -1 
-1 -1 -1 -1 -1 -1 -1 -1 -1 -1 -1 -1 -1 -1 -1 
-1 -1 -1 -1 -1 -1 -1 -1 -1 -1 -1 -1 -1 -1 -1 
-1 -1 -1 -1 -1 -1 -1 -1 -1 -1 -1 -1 -1 -1 -1 
-1 -1 -1 -1 -1 -1 -1 -1 -1 -1 -1 -1 -1 -1 -1 
-1 -1 -1 -1 -1 -1 -1 -1 -1 -1 -1 -1 -1 -1 -1 
-1 -1 -1 -1 -1 -1 -1 -1 -1 -1 -1 -1 -1 -1 -1 
-1 -1 -1 -1 -1 -1 -1 -1 -1 -1 -1 -1 -1 -1 -1 
-1 -1 -1 -1 -1 -1 -1 -1 -1 -1 -1 -1 -1 -1 -1 
-1 -1 -1 -1 -1 -1 -1 -1 -1 -1 -1 -1 -1 -1 -1 
-1 -1 -1 -1 -1 -1 -1 -1 -1 -1 -1 -1 -1 -1 -1 
-1 -1 -1 -1 -1 -1 -1 -1 -1 -1 -1 -1 -1 -1 -1 
-1 -1 -1 -1 -1 -1 -1 -1 -1 -1 -1 -1 -1 -1 -1 
END
15 1
0 12
1 3
-1 -1 -1 -1 -1 -1 -1 -1 -1 -1 -1 -1 0 -1 -1 
-1 -1 -1 1 -1 -1 -1 -1 -1 -1 -1 -1 0 -1 -1 
-1 -1 -1 1 -1 -1 -1 -1 -1 -1 -1 -1 -1 -1 -1 
-1 -1 -1 -1 -1 -1 -1 -1 -1 -1 -1 -1 -1 -1 -1 
-1 -1 -1 -1 -1 -1 -1 -1 -1 -1 -1 -1 -1 -1 -1 
-1 -1 -1 -1 -1 -1 -1 -1 -1 -1 -1 -1 -1 -1 -1 
-1 -1 -1 -1 -1 -1 -1 -1 -1 -1 -1 -1 -1 -1 -1 
-1 -1 -1 -1 -1 -1 -1 -1 -1 -1 -1 -1 -1 -1 -1 
-1 -1 -1 -1 -1 -1 -1 -1 -1 -1 -1 -1 -1 -1 -1 
-1 -1 -1 -1 -1 -1 -1 -1 -1 -1 -1 -1 -1 -1 -1 
-1 -1 -1 -1 -1 -1 -1 -1 -1 -1 -1 -1 -1 -1 -1 
-1 -1 -1 -1 -1 -1 -1 -1 -1 -1 -1 -1 -1 -1 -1 
-1 -1 -1 -1 -1 -1 -1 -1 -1 -1 -1 -1 -1 -1 -1 
-1 -1 -1 -1 -1 -1 -1 -1 -1 -1 -1 -1 -1 -1 -1 
-1 -1 -1 -1 -1 -1 -1 -1 -1 -1 -1 -1 -1 -1 -1 
END
15 1
0 11
0 3
-1 -1 -1 1 -1 -1 -1 -1 -1 -1 -1 0 0 -1 -1 
-1 -1 -1 1 -1 -1 -1 -1 -1 -1 -1 -1 0 -1 -1 
-1 -1 -1 1 -1 -1 -1 -1 -1 -1 -1 -1 -1 -1 -1 
-1 -1 -1 -1 -1 -1 -1 -1 -1 -1 -1 -1 -1 -1 -1 
-1 -1 -1 -1 -1 -1 -1 -1 -1 -1 -1 -1 -1 -1 -1 
-1 -1 -1 -1 -1 -1 -1 -1 -1 -1 -1 -1 -1 -1 -1 
-1 -1 -1 -1 -1 -1 -1 -1 -1 -1 -1 -1 -1 -1 -1 
-1 -1 -1 -1 -1 -1 -1 -1 -1 -1 -1 -1 -1 -1 -1 
-1 -1 -1 -1 -1 -1 -1 -1 -1 -1 -1 -1 -1 -1 -1 
-1 -1 -1 -1 -1 -1 -1 -1 -1 -1 -1 -1 -1 -1 -1 
-1 -1 -1 -1 -1 -1 -1 -1 -1 -1 -1 -1 -1 -1 -1 
-1 -1 -1 -1 -1 -1 -1 -1 -1 -1 -1 -1 -1 -1 -1 
-1 -1 -1 -1 -1 -1 -1 -1 -1 -1 -1 -1 -1 -1 -1 
-1 -1 -1 -1 -1 -1 -1 -1 -1 -1 -1 -1 -1 -1 -1 
-1 -1 -1 -1 -1 -1 -1 -1 -1 -1 -1 -1 -1 -1 -1 
END
15 1
1 11
0 2
-1 -1 1 1 -1 -1 -1 -1 -1 -1 -1 0 0 -1 -1 
-1 -1 -1 1 -1 -1 -1 -1 -1 -1 -1 0 0 -1 -1 
-1 -1 -1 1 -1 -1 -1 -1 -1 -1 -1 -1 -1 -1 -1 
-1 -1 -1 -1 -1 -1 -1 -1 -1 -1 -1 -1 -1 -1 -1 
-1 -1 -1 -1 -1 -1 -1 -1 -1 -1 -1 -1 -1 -1 -1 
-1 -1 -1 -1 -1 -1 -1 -1 -1 -1 -1 -1 -1 -1 -1 
-1 -1 -1 -1 -1 -1 -1 -1 -1 -1 -1 -1 -1 -1 -1 
-1 -1 -1 -1 -1 -1 -1 -1 -1 -1 -1 -1 -1 -1 -1 
-1 -1 -1 -1 -1 -1 -1 -1 -1 -1 -1 -1 -1 -1 -1 
-1 -1 -1 -1 -1 -1 -1 -1 -1 -1 -1 -1 -1 -1 -1 
-1 -1 -1 -1 -1 -1 -1 -1 -1 -1 -1 -1 -1 -1 -1 
-1 -1 -1 -1 -1 -1 -1 -1 -1 -1 -1 -1 -1 -1 -1 
-1 -1 -1 -1 -1 -1 -1 -1 -1 -1 -1 -1 -1 -1 -1 
-1 -1 -1 -1 -1 -1 -1 -1 -1 -1 -1 -1 -1 -1 -1 
-1 -1 -1 -1 -1 -1 -1 -1 -1 -1 -1 -1 -1 -1 -1 
END
15 1
2 11
1 2
-1 -1 1 1 -1 -1 -1 -1 -1 -1 -1 0 0 -1 -1 
-1 -1 1 1 -1 -1 -1 -1 -1 -1 -1 0 0 -1 -1 
-1 -1 -1 1 -1 -1 -1 -1 -1 -1 -1 0 -1 -1 -1 
-1 -1 -1 -1 -1 -1 -1 -1 -1 -1 -1 -1 -1 -1 -1 
-1 -1 -1 -1 -1 -1 -1 -1 -1 -1 -1 -1 -1 -1 -1 
-1 -1 -1 -1 -1 -1 -1 -1 -1 -1 -1 -1 -1 -1 -1 
-1 -1 -1 -1 -1 -1 -1 -1 -1 -1 -1 -1 -1 -1 -1 
-1 -1 -1 -1 -1 -1 -1 -1 -1 -1 -1 -1 -1 -1 -1 
-1 -1 -1 -1 -1 -1 -1 -1 -1 -1 -1 -1 -1 -1 -1 
-1 -1 -1 -1 -1 -1 -1 -1 -1 -1 -1 -1 -1 -1 -1 
-1 -1 -1 -1 -1 -1 -1 -1 -1 -1 -1 -1 -1 -1 -1 
-1 -1 -1 -1 -1 -1 -1 -1 -1 -1 -1 -1 -1 -1 -1 
-1 -1 -1 -1 -1 -1 -1 -1 -1 -1 -1 -1 -1 -1 -1 
-1 -1 -1 -1 -1 -1 -1 -1 -1 -1 -1 -1 -1 -1 -1 
-1 -1 -1 -1 -1 -1 -1 -1 -1 -1 -1 -1 -1 -1 -1 
END
15 1
3 11
2 2
-1 -1 1 1 -1 -1 -1 -1 -1 -1 -1 0 0 -1 -1 
-1 -1 1 1 -1 -1 -1 -1 -1 -1 -1 0 0 -1 -1 
-1 -1 1 1 -1 -1 -1 -1 -1 -1 -1 0 -1 -1 -1 
-1 -1 -1 -1 -1 -1 -1 -1 -1 -1 -1 0 -1 -1 -1 
-1 -1 -1 -1 -1 -1 -1 -1 -1 -1 -1 -1 -1 -1 -1 
-1 -1 -1 -1 -1 -1 -1 -1 -1 -1 -1 -1 -1 -1 -1 
-1 -1 -1 -1 -1 -1 -1 -1 -1 -1 -1 -1 -1 -1 -1 
-1 -1 -1 -1 -1 -1 -1 -1 -1 -1 -1 -1 -1 -1 -1 
-1 -1 -1 -1 -1 -1 -1 -1 -1 -1 -1 -1 -1 -1 -1 
-1 -1 -1 -1 -1 -1 -1 -1 -1 -1 -1 -1 -1 -1 -1 
-1 -1 -1 -1 -1 -1 -1 -1 -1 -1 -1 -1 -1 -1 -1 
-1 -1 -1 -1 -1 -1 -1 -1 -1 -1 -1 -1 -1 -1 -1 
-1 -1 -1 -1 -1 -1 -1 -1 -1 -1 -1 -1 -1 -1 -1 
-1 -1 -1 -1 -1 -1 -1 -1 -1 -1 -1 -1 -1 -1 -1 
-1 -1 -1 -1 -1 -1 -1 -1 -1 -1 -1 -1 -1 -1 -1 
END
15 1
4 11
3 2
-1 -1 1 1 -1 -1 -1 -1 -1 -1 -1 0 0 -1 -1 
-1 -1 1 1 -1 -1 -1 -1 -1 -1 -1 0 0 -1 -1 
-1 -1 1 1 -1 -1 -1 -1 -1 -1 -1 0 -1 -1 -1 
-1 -1 1 -1 -1 -1 -1 -1 -1 -1 -1 0 -1 -1 -1 
-1 -1 -1 -1 -1 -1 -1 -1 -1 -1 -1 0 -1 -1 -1 
-1 -1 -1 -1 -1 -1 -1 -1 -1 -1 -1 -1 -1 -1 -1 
-1 -1 -1 -1 -1 -1 -1 -1 -1 -1 -1 -1 -1 -1 -1 
-1 -1 -1 -1 -1 -1 -1 -1 -1 -1 -1 -1 -1 -1 -1 
-1 -1 -1 -1 -1 -1 -1 -1 -1 -1 -1 -1 -1 -1 -1 
-1 -1 -1 -1 -1 -1 -1 -1 -1 -1 -1 -1 -1 -1 -1 
-1 -1 -1 -1 -1 -1 -1 -1 -1 -1 -1 -1 -1 -1 -1 
-1 -1 -1 -1 -1 -1 -1 -1 -1 -1 -1 -1 -1 -1 -1 
-1 -1 -1 -1 -1 -1 -1 -1 -1 -1 -1 -1 -1 -1 -1 
-1 -1 -1 -1 -1 -1 -1 -1 -1 -1 -1 -1 -1 -1 -1 
-1 -1 -1 -1 -1 -1 -1 -1 -1 -1 -1 -1 -1 -1 -1 
END
15 1
5 11
4 2
-1 -1 1 1 -1 -1 -1 -1 -1 -1 -1 0 0 -1 -1 
-1 -1 1 1 -1 -1 -1 -1 -1 -1 -1 0 0 -1 -1 
-1 -1 1 1 -1 -1 -1 -1 -1 -1 -1 0 -1 -1 -1 
-1 -1 1 -1 -1 -1 -1 -1 -1 -1 -1 0 -1 -1 -1 
-1 -1 1 -1 -1 -1 -1 -1 -1 -1 -1 0 -1 -1 -1 
-1 -1 -1 -1 -1 -1 -1 -1 -1 -1 -1 0 -1 -1 -1 
-1 -1 -1 -1 -1 -1 -1 -1 -1 -1 -1 -1 -1 -1 -1 
-1 -1 -1 -1 -1 -1 -1 -1 -1 -1 -1 -1 -1 -1 -1 
-1 -1 -1 -1 -1 -1 -1 -1 -1 -1 -1 -1 -1 -1 -1 
-1 -1 -1 -1 -1 -1 -1 -1 -1 -1 -1 -1 -1 -1 -1 
-1 -1 -1 -1 -1 -1 -1 -1 -1 -1 -1 -1 -1 -1 -1 
-1 -1 -1 -1 -1 -1 -1 -1 -1 -1 -1 -1 -1 -1 -1 
-1 -1 -1 -1 -1 -1 -1 -1 -1 -1 -1 -1 -1 -1 -1 
-1 -1 -1 -1 -1 -1 -1 -1 -1 -1 -1 -1 -1 -1 -1 
-1 -1 -1 -1 -1 -1 -1 -1 -1 -1 -1 -1 -1 -1 -1 
END
15 1
6 11
5 2
-1 -1 1 1 -1 -1 -1 -1 -1 -1 -1 0 0 -1 -1 
-1 -1 1 1 -1 -1 -1 -1 -1 -1 -1 0 0 -1 -1 
-1 -1 1 1 -1 -1 -1 -1 -1 -1 -1 0 -1 -1 -1 
-1 -1 1 -1 -1 -1 -1 -1 -1 -1 -1 0 -1 -1 -1 
-1 -1 1 -1 -1 -1 -1 -1 -1 -1 -1 0 -1 -1 -1 
-1 -1 1 -1 -1 -1 -1 -1 -1 -1 -1 0 -1 -1 -1 
-1 -1 -1 -1 -1 -1 -1 -1 -1 -1 -1 0 -1 -1 -1 
-1 -1 -1 -1 -1 -1 -1 -1 -1 -1 -1 -1 -1 -1 -1 
-1 -1 -1 -1 -1 -1 -1 -1 -1 -1 -1 -1 -1 -1 -1 
-1 -1 -1 -1 -1 -1 -1 -1 -1 -1 -1 -1 -1 -1 -1 
-1 -1 -1 -1 -1 -1 -1 -1 -1 -1 -1 -1 -1 -1 -1 
-1 -1 -1 -1 -1 -1 -1 -1 -1 -1 -1 -1 -1 -1 -1 
-1 -1 -1 -1 -1 -1 -1 -1 -1 -1 -1 -1 -1 -1 -1 
-1 -1 -1 -1 -1 -1 -1 -1 -1 -1 -1 -1 -1 -1 -1 
-1 -1 -1 -1 -1 -1 -1 -1 -1 -1 -1 -1 -1 -1 -1 
END
15 1
7 11
6 2
-1 -1 1 1 -1 -1 -1 -1 -1 -1 -1 0 0 -1 -1 
-1 -1 1 1 -1 -1 -1 -1 -1 -1 -1 0 0 -1 -1 
-1 -1 1 1 -1 -1 -1 -1 -1 -1 -1 0 -1 -1 -1 
-1 -1 1 -1 -1 -1 -1 -1 -1 -1 -1 0 -1 -1 -1 
-1 -1 1 -1 -1 -1 -1 -1 -1 -1 -1 0 -1 -1 -1 
-1 -1 1 -1 -1 -1 -1 -1 -1 -1 -1 0 -1 -1 -1 
-1 -1 1 -1 -1 -1 -1 -1 -1 -1 -1 0 -1 -1 -1 
-1 -1 -1 -1 -1 -1 -1 -1 -1 -1 -1 0 -1 -1 -1 
-1 -1 -1 -1 -1 -1 -1 -1 -1 -1 -1 -1 -1 -1 -1 
-1 -1 -1 -1 -1 -1 -1 -1 -1 -1 -1 -1 -1 -1 -1 
-1 -1 -1 -1 -1 -1 -1 -1 -1 -1 -1 -1 -1 -1 -1 
-1 -1 -1 -1 -1 -1 -1 -1 -1 -1 -1 -1 -1 -1 -1 
-1 -1 -1 -1 -1 -1 -1 -1 -1 -1 -1 -1 -1 -1 -1 
-1 -1 -1 -1 -1 -1 -1 -1 -1 -1 -1 -1 -1 -1 -1 
-1 -1 -1 -1 -1 -1 -1 -1 -1 -1 -1 -1 -1 -1 -1 
END
15 1
8 11
7 2
-1 -1 1 1 -1 -1 -1 -1 -1 -1 -1 0 0 -1 -1 
-1 -1 1 1 -1 -1 -1 -1 -1 -1 -1 0 0 -1 -1 
-1 -1 1 1 -1 -1 -1 -1 -1 -1 -1 0 -1 -1 -1 
-1 -1 1 -1 -1 -1 -1 -1 -1 -1 -1 0 -1 -1 -1 
-1 -1 1 -1 -1 -1 -1 -1 -1 -1 -1 0 -1 -1 -1 
-1 -1 1 -1 -1 -1 -1 -1 -1 -1 -1 0 -1 -1 -1 
-1 -1 1 -1 -1 -1 -1 -1 -1 -1 -1 0 -1 -1 -1 
-1 -1 1 -1 -1 -1 -1 -1 -1 -1 -1 0 -1 -1 -1 
-1 -1 -1 -1 -1 -1 -1 -1 -1 -1 -1 0 -1 -1 -1 
-1 -1 -1 -1 -1 -1 -1 -1 -1 -1 -1 -1 -1 -1 -1 
-1 -1 -1 -1 -1 -1 -1 -1 -1 -1 -1 -1 -1 -1 -1 
-1 -1 -1 -1 -1 -1 -1 -1 -1 -1 -1 -1 -1 -1 -1 
-1 -1 -1 -1 -1 -1 -1 -1 -1 -1 -1 -1 -1 -1 -1 
-1 -1 -1 -1 -1 -1 -1 -1 -1 -1 -1 -1 -1 -1 -1 
-1 -1 -1 -1 -1 -1 -1 -1 -1 -1 -1 -1 -1 -1 -1 
END
15 1
9 11
8 2
-1 -1 1 1 -1 -1 -1 -1 -1 -1 -1 0 0 -1 -1 
-1 -1 1 1 -1 -1 -1 -1 -1 -1 -1 0 0 -1 -1 
-1 -1 1 1 -1 -1 -1 -1 -1 -1 -1 0 -1 -1 -1 
-1 -1 1 -1 -1 -1 -1 -1 -1 -1 -1 0 -1 -1 -1 
-1 -1 1 -1 -1 -1 -1 -1 -1 -1 -1 0 -1 -1 -1 
-1 -1 1 -1 -1 -1 -1 -1 -1 -1 -1 0 -1 -1 -1 
-1 -1 1 -1 -1 -1 -1 -1 -1 -1 -1 0 -1 -1 -1 
-1 -1 1 -1 -1 -1 -1 -1 -1 -1 -1 0 -1 -1 -1 
-1 -1 1 -1 -1 -1 -1 -1 -1 -1 -1 0 -1 -1 -1 
-1 -1 -1 -1 -1 -1 -1 -1 -1 -1 -1 0 -1 -1 -1 
-1 -1 -1 -1 -1 -1 -1 -1 -1 -1 -1 -1 -1 -1 -1 
-1 -1 -1 -1 -1 -1 -1 -1 -1 -1 -1 -1 -1 -1 -1 
-1 -1 -1 -1 -1 -1 -1 -1 -1 -1 -1 -1 -1 -1 -1 
-1 -1 -1 -1 -1 -1 -1 -1 -1 -1 -1 -1 -1 -1 -1 
-1 -1 -1 -1 -1 -1 -1 -1 -1 -1 -1 -1 -1 -1 -1 
END
15 1
10 11
9 2
-1 -1 1 1 -1 -1 -1 -1 -1 -1 -1 0 0 -1 -1 
-1 -1 1 1 -1 -1 -1 -1 -1 -1 -1 0 0 -1 -1 
-1 -1 1 1 -1 -1 -1 -1 -1 -1 -1 0 -1 -1 -1 
-1 -1 1 -1 -1 -1 -1 -1 -1 -1 -1 0 -1 -1 -1 
-1 -1 1 -1 -1 -1 -1 -1 -1 -1 -1 0 -1 -1 -1 
-1 -1 1 -1 -1 -1 -1 -1 -1 -1 -1 0 -1 -1 -1 
-1 -1 1 -1 -1 -1 -1 -1 -1 -1 -1 0 -1 -1 -1 
-1 -1 1 -1 -1 -1 -1 -1 -1 -1 -1 0 -1 -1 -1 
-1 -1 1 -1 -1 -1 -1 -1 -1 -1 -1 0 -1 -1 -1 
-1 -1 1 -1 -1 -1 -1 -1 -1 -1 -1 0 -1 -1 -1 
-1 -1 -1 -1 -1 -1 -1 -1 -1 -1 -1 0 -1 -1 -1 
-1 -1 -1 -1 -1 -1 -1 -1 -1 -1 -1 -1 -1 -1 -1 
-1 -1 -1 -1 -1 -1 -1 -1 -1 -1 -1 -1 -1 -1 -1 
-1 -1 -1 -1 -1 -1 -1 -1 -1 -1 -1 -1 -1 -1 -1 
-1 -1 -1 -1 -1 -1 -1 -1 -1 -1 -1 -1 -1 -1 -1 
END
15 1
11 11
10 2
-1 -1 1 1 -1 -1 -1 -1 -1 -1 -1 0 0 -1 -1 
-1 -1 1 1 -1 -1 -1 -1 -1 -1 -1 0 0 -1 -1 
-1 -1 1 1 -1 -1 -1 -1 -1 -1 -1 0 -1 -1 -1 
-1 -1 1 -1 -1 -1 -1 -1 -1 -1 -1 0 -1 -1 -1 
-1 -1 1 -1 -1 -1 -1 -1 -1 -1 -1 0 -1 -1 -1 
-1 -1 1 -1 -1 -1 -1 -1 -1 -1 -1 0 -1 -1 -1 
-1 -1 1 -1 -1 -1 -1 -1 -1 -1 -1 0 -1 -1 -1 
-1 -1 1 -1 -1 -1 -1 -1 -1 -1 -1 0 -1 -1 -1 
-1 -1 1 -1 -1 -1 -1 -1 -1 -1 -1 0 -1 -1 -1 
-1 -1 1 -1 -1 -1 -1 -1 -1 -1 -1 0 -1 -1 -1 
-1 -1 1 -1 -1 -1 -1 -1 -1 -1 -1 0 -1 -1 -1 
-1 -1 -1 -1 -1 -1 -1 -1 -1 -1 -1 0 -1 -1 -1 
-1 -1 -1 -1 -1 -1 -1 -1 -1 -1 -1 -1 -1 -1 -1 
-1 -1 -1 -1 -1 -1 -1 -1 -1 -1 -1 -1 -1 -1 -1 
-1 -1 -1 -1 -1 -1 -1 -1 -1 -1 -1 -1 -1 -1 -1 
END
15 1
12 11
11 2
-1 -1 1 1 -1 -1 -1 -1 -1 -1 -1 0 0 -1 -1 
-1 -1 1 1 -1 -1 -1 -1 -1 -1 -1 0 0 -1 -1 
-1 -1 1 1 -1 -1 -1 -1 -1 -1 -1 0 -1 -1 -1 
-1 -1 1 -1 -1 -1 -1 -1 -1 -1 -1 0 -1 -1 -1 
-1 -1 1 -1 -1 -1 -1 -1 -1 -1 -1 0 -1 -1 -1 
-1 -1 1 -1 -1 -1 -1 -1 -1 -1 -1 0 -1 -1 -1 
-1 -1 1 -1 -1 -1 -1 -1 -1 -1 -1 0 -1 -1 -1 
-1 -1 1 -1 -1 -1 -1 -1 -1 -1 -1 0 -1 -1 -1 
-1 -1 1 -1 -1 -1 -1 -1 -1 -1 -1 0 -1 -1 -1 
-1 -1 1 -1 -1 -1 -1 -1 -1 -1 -1 0 -1 -1 -1 
-1 -1 1 -1 -1 -1 -1 -1 -1 -1 -1 0 -1 -1 -1 
-1 -1 1 -1 -1 -1 -1 -1 -1 -1 -1 0 -1 -1 -1 
-1 -1 -1 -1 -1 -1 -1 -1 -1 -1 -1 0 -1 -1 -1 
-1 -1 -1 -1 -1 -1 -1 -1 -1 -1 -1 -1 -1 -1 -1 
-1 -1 -1 -1 -1 -1 -1 -1 -1 -1 -1 -1 -1 -1 -1 
END
15 1
13 11
12 2
-1 -1 1 1 -1 -1 -1 -1 -1 -1 -1 0 0 -1 -1 
-1 -1 1 1 -1 -1 -1 -1 -1 -1 -1 0 0 -1 -1 
-1 -1 1 1 -1 -1 -1 -1 -1 -1 -1 0 -1 -1 -1 
-1 -1 1 -1 -1 -1 -1 -1 -1 -1 -1 0 -1 -1 -1 
-1 -1 1 -1 -1 -1 -1 -1 -1 -1 -1 0 -1 -1 -1 
-1 -1 1 -1 -1 -1 -1 -1 -1 -1 -1 0 -1 -1 -1 
-1 -1 1 -1 -1 -1 -1 -1 -1 -1 -1 0 -1 -1 -1 
-1 -1 1 -1 -1 -1 -1 -1 -1 -1 -1 0 -1 -1 -1 
-1 -1 1 -1 -1 -1 -1 -1 -1 -1 -1 0 -1 -1 -1 
-1 -1 1 -1 -1 -1 -1 -1 -1 -1 -1 0 -1 -1 -1 
-1 -1 1 -1 -1 -1 -1 -1 -1 -1 -1 0 -1 -1 -1 
-1 -1 1 -1 -1 -1 -1 -1 -1 -1 -1 0 -1 -1 -1 
-1 -1 1 -1 -1 -1 -1 -1 -1 -1 -1 0 -1 -1 -1 
-1 -1 -1 -1 -1 -1 -1 -1 -1 -1 -1 0 -1 -1 -1 
-1 -1 -1 -1 -1 -1 -1 -1 -1 -1 -1 -1 -1 -1 -1 
END
15 1
14 11
13 2
-1 -1 1 1 -1 -1 -1 -1 -1 -1 -1 0 0 -1 -1 
-1 -1 1 1 -1 -1 -1 -1 -1 -1 -1 0 0 -1 -1 
-1 -1 1 1 -1 -1 -1 -1 -1 -1 -1 0 -1 -1 -1 
-1 -1 1 -1 -1 -1 -1 -1 -1 -1 -1 0 -1 -1 -1 
-1 -1 1 -1 -1 -1 -1 -1 -1 -1 -1 0 -1 -1 -1 
-1 -1 1 -1 -1 -1 -1 -1 -1 -1 -1 0 -1 -1 -1 
-1 -1 1 -1 -1 -1 -1 -1 -1 -1 -1 0 -1 -1 -1 
-1 -1 1 -1 -1 -1 -1 -1 -1 -1 -1 0 -1 -1 -1 
-1 -1 1 -1 -1 -1 -1 -1 -1 -1 -1 0 -1 -1 -1 
-1 -1 1 -1 -1 -1 -1 -1 -1 -1 -1 0 -1 -1 -1 
-1 -1 1 -1 -1 -1 -1 -1 -1 -1 -1 0 -1 -1 -1 
-1 -1 1 -1 -1 -1 -1 -1 -1 -1 -1 0 -1 -1 -1 
-1 -1 1 -1 -1 -1 -1 -1 -1 -1 -1 0 -1 -1 -1 
-1 -1 1 -1 -1 -1 -1 -1 -1 -1 -1 0 -1 -1 -1 
-1 -1 -1 -1 -1 -1 -1 -1 -1 -1 -1 0 -1 -1 -1 
END
15 1
14 10
14 2
-1 -1 1 1 -1 -1 -1 -1 -1 -1 -1 0 0 -1 -1 
-1 -1 1 1 -1 -1 -1 -1 -1 -1 -1 0 0 -1 -1 
-1 -1 1 1 -1 -1 -1 -1 -1 -1 -1 0 -1 -1 -1 
-1 -1 1 -1 -1 -1 -1 -1 -1 -1 -1 0 -1 -1 -1 
-1 -1 1 -1 -1 -1 -1 -1 -1 -1 -1 0 -1 -1 -1 
-1 -1 1 -1 -1 -1 -1 -1 -1 -1 -1 0 -1 -1 -1 
-1 -1 1 -1 -1 -1 -1 -1 -1 -1 -1 0 -1 -1 -1 
-1 -1 1 -1 -1 -1 -1 -1 -1 -1 -1 0 -1 -1 -1 
-1 -1 1 -1 -1 -1 -1 -1 -1 -1 -1 0 -1 -1 -1 
-1 -1 1 -1 -1 -1 -1 -1 -1 -1 -1 0 -1 -1 -1 
-1 -1 1 -1 -1 -1 -1 -1 -1 -1 -1 0 -1 -1 -1 
-1 -1 1 -1 -1 -1 -1 -1 -1 -1 -1 0 -1 -1 -1 
-1 -1 1 -1 -1 -1 -1 -1 -1 -1 -1 0 -1 -1 -1 
-1 -1 1 -1 -1 -1 -1 -1 -1 -1 -1 0 -1 -1 -1 
-1 -1 1 -1 -1 -1 -1 -1 -1 -1 0 0 -1 -1 -1 
END
15 1
13 10
14 1
-1 -1 1 1 -1 -1 -1 -1 -1 -1 -1 0 0 -1 -1 
-1 -1 1 1 -1 -1 -1 -1 -1 -1 -1 0 0 -1 -1 
-1 -1 1 1 -1 -1 -1 -1 -1 -1 -1 0 -1 -1 -1 
-1 -1 1 -1 -1 -1 -1 -1 -1 -1 -1 0 -1 -1 -1 
-1 -1 1 -1 -1 -1 -1 -1 -1 -1 -1 0 -1 -1 -1 
-1 -1 1 -1 -1 -1 -1 -1 -1 -1 -1 0 -1 -1 -1 
-1 -1 1 -1 -1 -1 -1 -1 -1 -1 -1 0 -1 -1 -1 
-1 -1 1 -1 -1 -1 -1 -1 -1 -1 -1 0 -1 -1 -1 
-1 -1 1 -1 -1 -1 -1 -1 -1 -1 -1 0 -1 -1 -1 
-1 -1 1 -1 -1 -1 -1 -1 -1 -1 -1 0 -1 -1 -1 
-1 -1 1 -1 -1 -1 -1 -1 -1 -1 -1 0 -1 -1 -1 
-1 -1 1 -1 -1 -1 -1 -1 -1 -1 -1 0 -1 -1 -1 
-1 -1 1 -1 -1 -1 -1 -1 -1 -1 -1 0 -1 -1 -1 
-1 -1 1 -1 -1 -1 -1 -1 -1 -1 0 0 -1 -1 -1 
-1 1 1 -1 -1 -1 -1 -1 -1 -1 0 0 -1 -1 -1 
END
15 1
12 10
13 1
-1 -1 1 1 -1 -1 -1 -1 -1 -1 -1 0 0 -1 -1 
-1 -1 1 1 -1 -1 -1 -1 -1 -1 -1 0 0 -1 -1 
-1 -1 1 1 -1 -1 -1 -1 -1 -1 -1 0 -1 -1 -1 
-1 -1 1 -1 -1 -1 -1 -1 -1 -1 -1 0 -1 -1 -1 
-1 -1 1 -1 -1 -1 -1 -1 -1 -1 -1 0 -1 -1 -1 
-1 -1 1 -1 -1 -1 -1 -1 -1 -1 -1 0 -1 -1 -1 
-1 -1 1 -1 -1 -1 -1 -1 -1 -1 -1 0 -1 -1 -1 
-1 -1 1 -1 -1 -1 -1 -1 -1 -1 -1 0 -1 -1 -1 
-1 -1 1 -1 -1 -1 -1 -1 -1 -1 -1 0 -1 -1 -1 
-1 -1 1 -1 -1 -1 -1 -1 -1 -1 -1 0 -1 -1 -1 
-1 -1 1 -1 -1 -1 -1 -1 -1 -1 -1 0 -1 -1 -1 
-1 -1 1 -1 -1 -1 -1 -1 -1 -1 -1 0 -1 -1 -1 
-1 -1 1 -1 -1 -1 -1 -1 -1 -1 0 0 -1 -1 -1 
-1 1 1 -1 -1 -1 -1 -1 -1 -1 0 0 -1 -1 -1 
-1 1 1 -1 -1 -1 -1 -1 -1 -1 0 0 -1 -1 -1 
END
15 1
11 10
12 1
-1 -1 1 1 -1 -1 -1 -1 -1 -1 -1 0 0 -1 -1 
-1 -1 1 1 -1 -1 -1 -1 -1 -1 -1 0 0 -1 -1 
-1 -1 1 1 -1 -1 -1 -1 -1 -1 -1 0 -1 -1 -1 
-1 -1 1 -1 -1 -1 -1 -1 -1 -1 -1 0 -1 -1 -1 
-1 -1 1 -1 -1 -1 -1 -1 -1 -1 -1 0 -1 -1 -1 
-1 -1 1 -1 -1 -1 -1 -1 -1 -1 -1 0 -1 -1 -1 
-1 -1 1 -1 -1 -1 -1 -1 -1 -1 -1 0 -1 -1 -1 
-1 -1 1 -1 -1 -1 -1 -1 -1 -1 -1 0 -1 -1 -1 
-1 -1 1 -1 -1 -1 -1 -1 -1 -1 -1 0 -1 -1 -1 
-1 -1 1 -1 -1 -1 -1 -1 -1 -1 -1 0 -1 -1 -1 
-1 -1 1 -1 -1 -1 -1 -1 -1 -1 -1 0 -1 -1 -1 
-1 -1 1 -1 -1 -1 -1 -1 -1 -1 0 0 -1 -1 -1 
-1 1 1 -1 -1 -1 -1 -1 -1 -1 0 0 -1 -1 -1 
-1 1 1 -1 -1 -1 -1 -1 -1 -1 0 0 -1 -1 -1 
-1 1 1 -1 -1 -1 -1 -1 -1 -1 0 0 -1 -1 -1 
END
15 1
10 10
11 1
-1 -1 1 1 -1 -1 -1 -1 -1 -1 -1 0 0 -1 -1 
-1 -1 1 1 -1 -1 -1 -1 -1 -1 -1 0 0 -1 -1 
-1 -1 1 1 -1 -1 -1 -1 -1 -1 -1 0 -1 -1 -1 
-1 -1 1 -1 -1 -1 -1 -1 -1 -1 -1 0 -1 -1 -1 
-1 -1 1 -1 -1 -1 -1 -1 -1 -1 -1 0 -1 -1 -1 
-1 -1 1 -1 -1 -1 -1 -1 -1 -1 -1 0 -1 -1 -1 
-1 -1 1 -1 -1 -1 -1 -1 -1 -1 -1 0 -1 -1 -1 
-1 -1 1 -1 -1 -1 -1 -1 -1 -1 -1 0 -1 -1 -1 
-1 -1 1 -1 -1 -1 -1 -1 -1 -1 -1 0 -1 -1 -1 
-1 -1 1 -1 -1 -1 -1 -1 -1 -1 -1 0 -1 -1 -1 
-1 -1 1 -1 -1 -1 -1 -1 -1 -1 0 0 -1 -1 -1 
-1 1 1 -1 -1 -1 -1 -1 -1 -1 0 0 -1 -1 -1 
-1 1 1 -1 -1 -1 -1 -1 -1 -1 0 0 -1 -1 -1 
-1 1 1 -1 -1 -1 -1 -1 -1 -1 0 0 -1 -1 -1 
-1 1 1 -1 -1 -1 -1 -1 -1 -1 0 0 -1 -1 -1 
END
15 1
9 10
10 1
-1 -1 1 1 -1 -1 -1 -1 -1 -1 -1 0 0 -1 -1 
-1 -1 1 1 -1 -1 -1 -1 -1 -1 -1 0 0 -1 -1 
-1 -1 1 1 -1 -1 -1 -1 -1 -1 -1 0 -1 -1 -1 
-1 -1 1 -1 -1 -1 -1 -1 -1 -1 -1 0 -1 -1 -1 
-1 -1 1 -1 -1 -1 -1 -1 -1 -1 -1 0 -1 -1 -1 
-1 -1 1 -1 -1 -1 -1 -1 -1 -1 -1 0 -1 -1 -1 
-1 -1 1 -1 -1 -1 -1 -1 -1 -1 -1 0 -1 -1 -1 
-1 -1 1 -1 -1 -1 -1 -1 -1 -1 -1 0 -1 -1 -1 
-1 -1 1 -1 -1 -1 -1 -1 -1 -1 -1 0 -1 -1 -1 
-1 -1 1 -1 -1 -1 -1 -1 -1 -1 0 0 -1 -1 -1 
-1 1 1 -1 -1 -1 -1 -1 -1 -1 0 0 -1 -1 -1 
-1 1 1 -1 -1 -1 -1 -1 -1 -1 0 0 -1 -1 -1 
-1 1 1 -1 -1 -1 -1 -1 -1 -1 0 0 -1 -1 -1 
-1 1 1 -1 -1 -1 -1 -1 -1 -1 0 0 -1 -1 -1 
-1 1 1 -1 -1 -1 -1 -1 -1 -1 0 0 -1 -1 -1 
END
15 1
8 10
9 1
-1 -1 1 1 -1 -1 -1 -1 -1 -1 -1 0 0 -1 -1 
-1 -1 1 1 -1 -1 -1 -1 -1 -1 -1 0 0 -1 -1 
-1 -1 1 1 -1 -1 -1 -1 -1 -1 -1 0 -1 -1 -1 
-1 -1 1 -1 -1 -1 -1 -1 -1 -1 -1 0 -1 -1 -1 
-1 -1 1 -1 -1 -1 -1 -1 -1 -1 -1 0 -1 -1 -1 
-1 -1 1 -1 -1 -1 -1 -1 -1 -1 -1 0 -1 -1 -1 
-1 -1 1 -1 -1 -1 -1 -1 -1 -1 -1 0 -1 -1 -1 
-1 -1 1 -1 -1 -1 -1 -1 -1 -1 -1 0 -1 -1 -1 
-1 -1 1 -1 -1 -1 -1 -1 -1 -1 0 0 -1 -1 -1 
-1 1 1 -1 -1 -1 -1 -1 -1 -1 0 0 -1 -1 -1 
-1 1 1 -1 -1 -1 -1 -1 -1 -1 0 0 -1 -1 -1 
-1 1 1 -1 -1 -1 -1 -1 -1 -1 0 0 -1 -1 -1 
-1 1 1 -1 -1 -1 -1 -1 -1 -1 0 0 -1 -1 -1 
-1 1 1 -1 -1 -1 -1 -1 -1 -1 0 0 -1 -1 -1 
-1 1 1 -1 -1 -1 -1 -1 -1 -1 0 0 -1 -1 -1 
END
15 1
7 10
8 1
-1 -1 1 1 -1 -1 -1 -1 -1 -1 -1 0 0 -1 -1 
-1 -1 1 1 -1 -1 -1 -1 -1 -1 -1 0 0 -1 -1 
-1 -1 1 1 -1 -1 -1 -1 -1 -1 -1 0 -1 -1 -1 
-1 -1 1 -1 -1 -1 -1 -1 -1 -1 -1 0 -1 -1 -1 
-1 -1 1 -1 -1 -1 -1 -1 -1 -1 -1 0 -1 -1 -1 
-1 -1 1 -1 -1 -1 -1 -1 -1 -1 -1 0 -1 -1 -1 
-1 -1 1 -1 -1 -1 -1 -1 -1 -1 -1 0 -1 -1 -1 
-1 -1 1 -1 -1 -1 -1 -1 -1 -1 0 0 -1 -1 -1 
-1 1 1 -1 -1 -1 -1 -1 -1 -1 0 0 -1 -1 -1 
-1 1 1 -1 -1 -1 -1 -1 -1 -1 0 0 -1 -1 -1 
-1 1 1 -1 -1 -1 -1 -1 -1 -1 0 0 -1 -1 -1 
-1 1 1 -1 -1 -1 -1 -1 -1 -1 0 0 -1 -1 -1 
-1 1 1 -1 -1 -1 -1 -1 -1 -1 0 0 -1 -1 -1 
-1 1 1 -1 -1 -1 -1 -1 -1 -1 0 0 -1 -1 -1 
-1 1 1 -1 -1 -1 -1 -1 -1 -1 0 0 -1 -1 -1 
END
15 1
6 10
7 1
-1 -1 1 1 -1 -1 -1 -1 -1 -1 -1 0 0 -1 -1 
-1 -1 1 1 -1 -1 -1 -1 -1 -1 -1 0 0 -1 -1 
-1 -1 1 1 -1 -1 -1 -1 -1 -1 -1 0 -1 -1 -1 
-1 -1 1 -1 -1 -1 -1 -1 -1 -1 -1 0 -1 -1 -1 
-1 -1 1 -1 -1 -1 -1 -1 -1 -1 -1 0 -1 -1 -1 
-1 -1 1 -1 -1 -1 -1 -1 -1 -1 -1 0 -1 -1 -1 
-1 -1 1 -1 -1 -1 -1 -1 -1 -1 0 0 -1 -1 -1 
-1 1 1 -1 -1 -1 -1 -1 -1 -1 0 0 -1 -1 -1 
-1 1 1 -1 -1 -1 -1 -1 -1 -1 0 0 -1 -1 -1 
-1 1 1 -1 -1 -1 -1 -1 -1 -1 0 0 -1 -1 -1 
-1 1 1 -1 -1 -1 -1 -1 -1 -1 0 0 -1 -1 -1 
-1 1 1 -1 -1 -1 -1 -1 -1 -1 0 0 -1 -1 -1 
-1 1 1 -1 -1 -1 -1 -1 -1 -1 0 0 -1 -1 -1 
-1 1 1 -1 -1 -1 -1 -1 -1 -1 0 0 -1 -1 -1 
-1 1 1 -1 -1 -1 -1 -1 -1 -1 0 0 -1 -1 -1 
END
15 1
5 10
6 1
-1 -1 1 1 -1 -1 -1 -1 -1 -1 -1 0 0 -1 -1 
-1 -1 1 1 -1 -1 -1 -1 -1 -1 -1 0 0 -1 -1 
-1 -1 1 1 -1 -1 -1 -1 -1 -1 -1 0 -1 -1 -1 
-1 -1 1 -1 -1 -1 -1 -1 -1 -1 -1 0 -1 -1 -1 
-1 -1 1 -1 -1 -1 -1 -1 -1 -1 -1 0 -1 -1 -1 
-1 -1 1 -1 -1 -1 -1 -1 -1 -1 0 0 -1 -1 -1 
-1 1 1 -1 -1 -1 -1 -1 -1 -1 0 0 -1 -1 -1 
-1 1 1 -1 -1 -1 -1 -1 -1 -1 0 0 -1 -1 -1 
-1 1 1 -1 -1 -1 -1 -1 -1 -1 0 0 -1 -1 -1 
-1 1 1 -1 -1 -1 -1 -1 -1 -1 0 0 -1 -1 -1 
-1 1 1 -1 -1 -1 -1 -1 -1 -1 0 0 -1 -1 -1 
-1 1 1 -1 -1 -1 -1 -1 -1 -1 0 0 -1 -1 -1 
-1 1 1 -1 -1 -1 -1 -1 -1 -1 0 0 -1 -1 -1 
-1 1 1 -1 -1 -1 -1 -1 -1 -1 0 0 -1 -1 -1 
-1 1 1 -1 -1 -1 -1 -1 -1 -1 0 0 -1 -1 -1 
END
15 1
4 10
5 1
-1 -1 1 1 -1 -1 -1 -1 -1 -1 -1 0 0 -1 -1 
-1 -1 1 1 -1 -1 -1 -1 -1 -1 -1 0 0 -1 -1 
-1 -1 1 1 -1 -1 -1 -1 -1 -1 -1 0 -1 -1 -1 
-1 -1 1 -1 -1 -1 -1 -1 -1 -1 -1 0 -1 -1 -1 
-1 -1 1 -1 -1 -1 -1 -1 -1 -1 0 0 -1 -1 -1 
-1 1 1 -1 -1 -1 -1 -1 -1 -1 0 0 -1 -1 -1 
-1 1 1 -1 -1 -1 -1 -1 -1 -1 0 0 -1 -1 -1 
-1 1 1 -1 -1 -1 -1 -1 -1 -1 0 0 -1 -1 -1 
-1 1 1 -1 -1 -1 -1 -1 -1 -1 0 0 -1 -1 -1 
-1 1 1 -1 -1 -1 -1 -1 -1 -1 0 0 -1 -1 -1 
-1 1 1 -1 -1 -1 -1 -1 -1 -1 0 0 -1 -1 -1 
-1 1 1 -1 -1 -1 -1 -1 -1 -1 0 0 -1 -1 -1 
-1 1 1 -1 -1 -1 -1 -1 -1 -1 0 0 -1 -1 -1 
-1 1 1 -1 -1 -1 -1 -1 -1 -1 0 0 -1 -1 -1 
-1 1 1 -1 -1 -1 -1 -1 -1 -1 0 0 -1 -1 -1 
END
15 1
3 10
4 1
-1 -1 1 1 -1 -1 -1 -1 -1 -1 -1 0 0 -1 -1 
-1 -1 1 1 -1 -1 -1 -1 -1 -1 -1 0 0 -1 -1 
-1 -1 1 1 -1 -1 -1 -1 -1 -1 -1 0 -1 -1 -1 
-1 -1 1 -1 -1 -1 -1 -1 -1 -1 0 0 -1 -1 -1 
-1 1 1 -1 -1 -1 -1 -1 -1 -1 0 0 -1 -1 -1 
-1 1 1 -1 -1 -1 -1 -1 -1 -1 0 0 -1 -1 -1 
-1 1 1 -1 -1 -1 -1 -1 -1 -1 0 0 -1 -1 -1 
-1 1 1 -1 -1 -1 -1 -1 -1 -1 0 0 -1 -1 -1 
-1 1 1 -1 -1 -1 -1 -1 -1 -1 0 0 -1 -1 -1 
-1 1 1 -1 -1 -1 -1 -1 -1 -1 0 0 -1 -1 -1 
-1 1 1 -1 -1 -1 -1 -1 -1 -1 0 0 -1 -1 -1 
-1 1 1 -1 -1 -1 -1 -1 -1 -1 0 0 -1 -1 -1 
-1 1 1 -1 -1 -1 -1 -1 -1 -1 0 0 -1 -1 -1 
-1 1 1 -1 -1 -1 -1 -1 -1 -1 0 0 -1 -1 -1 
-1 1 1 -1 -1 -1 -1 -1 -1 -1 0 0 -1 -1 -1 
END
15 1
2 10
3 1
-1 -1 1 1 -1 -1 -1 -1 -1 -1 -1 0 0 -1 -1 
-1 -1 1 1 -1 -1 -1 -1 -1 -1 -1 0 0 -1 -1 
-1 -1 1 1 -1 -1 -1 -1 -1 -1 0 0 -1 -1 -1 
-1 1 1 -1 -1 -1 -1 -1 -1 -1 0 0 -1 -1 -1 
-1 1 1 -1 -1 -1 -1 -1 -1 -1 0 0 -1 -1 -1 
-1 1 1 -1 -1 -1 -1 -1 -1 -1 0 0 -1 -1 -1 
-1 1 1 -1 -1 -1 -1 -1 -1 -1 0 0 -1 -1 -1 
-1 1 1 -1 -1 -1 -1 -1 -1 -1 0 0 -1 -1 -1 
-1 1 1 -1 -1 -1 -1 -1 -1 -1 0 0 -1 -1 -1 
-1 1 1 -1 -1 -1 -1 -1 -1 -1 0 0 -1 -1 -1 
-1 1 1 -1 -1 -1 -1 -1 -1 -1 0 0 -1 -1 -1 
-1 1 1 -1 -1 -1 -1 -1 -1 -1 0 0 -1 -1 -1 
-1 1 1 -1 -1 -1 -1 -1 -1 -1 0 0 -1 -1 -1 
-1 1 1 -1 -1 -1 -1 -1 -1 -1 0 0 -1 -1 -1 
-1 1 1 -1 -1 -1 -1 -1 -1 -1 0 0 -1 -1 -1 
END
15 1
1 10
2 1
-1 -1 1 1 -1 -1 -1 -1 -1 -1 -1 0 0 -1 -1 
-1 -1 1 1 -1 -1 -1 -1 -1 -1 0 0 0 -1 -1 
-1 1 1 1 -1 -1 -1 -1 -1 -1 0 0 -1 -1 -1 
-1 1 1 -1 -1 -1 -1 -1 -1 -1 0 0 -1 -1 -1 
-1 1 1 -1 -1 -1 -1 -1 -1 -1 0 0 -1 -1 -1 
-1 1 1 -1 -1 -1 -1 -1 -1 -1 0 0 -1 -1 -1 
-1 1 1 -1 -1 -1 -1 -1 -1 -1 0 0 -1 -1 -1 
-1 1 1 -1 -1 -1 -1 -1 -1 -1 0 0 -1 -1 -1 
-1 1 1 -1 -1 -1 -1 -1 -1 -1 0 0 -1 -1 -1 
-1 1 1 -1 -1 -1 -1 -1 -1 -1 0 0 -1 -1 -1 
-1 1 1 -1 -1 -1 -1 -1 -1 -1 0 0 -1 -1 -1 
-1 1 1 -1 -1 -1 -1 -1 -1 -1 0 0 -1 -1 -1 
-1 1 1 -1 -1 -1 -1 -1 -1 -1 0 0 -1 -1 -1 
-1 1 1 -1 -1 -1 -1 -1 -1 -1 0 0 -1 -1 -1 
-1 1 1 -1 -1 -1 -1 -1 -1 -1 0 0 -1 -1 -1 
END
15 1
0 10
1 1
-1 -1 1 1 -1 -1 -1 -1 -1 -1 0 0 0 -1 -1 
-1 1 1 1 -1 -1 -1 -1 -1 -1 0 0 0 -1 -1 
-1 1 1 1 -1 -1 -1 -1 -1 -1 0 0 -1 -1 -1 
-1 1 1 -1 -1 -1 -1 -1 -1 -1 0 0 -1 -1 -1 
-1 1 1 -1 -1 -1 -1 -1 -1 -1 0 0 -1 -1 -1 
-1 1 1 -1 -1 -1 -1 -1 -1 -1 0 0 -1 -1 -1 
-1 1 1 -1 -1 -1 -1 -1 -1 -1 0 0 -1 -1 -1 
-1 1 1 -1 -1 -1 -1 -1 -1 -1 0 0 -1 -1 -1 
-1 1 1 -1 -1 -1 -1 -1 -1 -1 0 0 -1 -1 -1 
-1 1 1 -1 -1 -1 -1 -1 -1 -1 0 0 -1 -1 -1 
-1 1 1 -1 -1 -1 -1 -1 -1 -1 0 0 -1 -1 -1 
-1 1 1 -1 -1 -1 -1 -1 -1 -1 0 0 -1 -1 -1 
-1 1 1 -1 -1 -1 -1 -1 -1 -1 0 0 -1 -1 -1 
-1 1 1 -1 -1 -1 -1 -1 -1 -1 0 0 -1 -1 -1 
-1 1 1 -1 -1 -1 -1 -1 -1 -1 0 0 -1 -1 -1 
END
15 1
0 9
0 1
-1 1 1 1 -1 -1 -1 -1 -1 0 0 0 0 -1 -1 
-1 1 1 1 -1 -1 -1 -1 -1 -1 0 0 0 -1 -1 
-1 1 1 1 -1 -1 -1 -1 -1 -1 0 0 -1 -1 -1 
-1 1 1 -1 -1 -1 -1 -1 -1 -1 0 0 -1 -1 -1 
-1 1 1 -1 -1 -1 -1 -1 -1 -1 0 0 -1 -1 -1 
-1 1 1 -1 -1 -1 -1 -1 -1 -1 0 0 -1 -1 -1 
-1 1 1 -1 -1 -1 -1 -1 -1 -1 0 0 -1 -1 -1 
-1 1 1 -1 -1 -1 -1 -1 -1 -1 0 0 -1 -1 -1 
-1 1 1 -1 -1 -1 -1 -1 -1 -1 0 0 -1 -1 -1 
-1 1 1 -1 -1 -1 -1 -1 -1 -1 0 0 -1 -1 -1 
-1 1 1 -1 -1 -1 -1 -1 -1 -1 0 0 -1 -1 -1 
-1 1 1 -1 -1 -1 -1 -1 -1 -1 0 0 -1 -1 -1 
-1 1 1 -1 -1 -1 -1 -1 -1 -1 0 0 -1 -1 -1 
-1 1 1 -1 -1 -1 -1 -1 -1 -1 0 0 -1 -1 -1 
-1 1 1 -1 -1 -1 -1 -1 -1 -1 0 0 -1 -1 -1 
END
15 1
1 9
0 0
1 1 1 1 -1 -1 -1 -1 -1 0 0 0 0 -1 -1 
-1 1 1 1 -1 -1 -1 -1 -1 0 0 0 0 -1 -1 
-1 1 1 1 -1 -1 -1 -1 -1 -1 0 0 -1 -1 -1 
-1 1 1 -1 -1 -1 -1 -1 -1 -1 0 0 -1 -1 -1 
-1 1 1 -1 -1 -1 -1 -1 -1 -1 0 0 -1 -1 -1 
-1 1 1 -1 -1 -1 -1 -1 -1 -1 0 0 -1 -1 -1 
-1 1 1 -1 -1 -1 -1 -1 -1 -1 0 0 -1 -1 -1 
-1 1 1 -1 -1 -1 -1 -1 -1 -1 0 0 -1 -1 -1 
-1 1 1 -1 -1 -1 -1 -1 -1 -1 0 0 -1 -1 -1 
-1 1 1 -1 -1 -1 -1 -1 -1 -1 0 0 -1 -1 -1 
-1 1 1 -1 -1 -1 -1 -1 -1 -1 0 0 -1 -1 -1 
-1 1 1 -1 -1 -1 -1 -1 -1 -1 0 0 -1 -1 -1 
-1 1 1 -1 -1 -1 -1 -1 -1 -1 0 0 -1 -1 -1 
-1 1 1 -1 -1 -1 -1 -1 -1 -1 0 0 -1 -1 -1 
-1 1 1 -1 -1 -1 -1 -1 -1 -1 0 0 -1 -1 -1 
END
15 1
2 9
1 0
1 1 1 1 -1 -1 -1 -1 -1 0 0 0 0 -1 -1 
1 1 1 1 -1 -1 -1 -1 -1 0 0 0 0 -1 -1 
-1 1 1 1 -1 -1 -1 -1 -1 0 0 0 -1 -1 -1 
-1 1 1 -1 -1 -1 -1 -1 -1 -1 0 0 -1 -1 -1 
-1 1 1 -1 -1 -1 -1 -1 -1 -1 0 0 -1 -1 -1 
-1 1 1 -1 -1 -1 -1 -1 -1 -1 0 0 -1 -1 -1 
-1 1 1 -1 -1 -1 -1 -1 -1 -1 0 0 -1 -1 -1 
-1 1 1 -1 -1 -1 -1 -1 -1 -1 0 0 -1 -1 -1 
-1 1 1 -1 -1 -1 -1 -1 -1 -1 0 0 -1 -1 -1 
-1 1 1 -1 -1 -1 -1 -1 -1 -1 0 0 -1 -1 -1 
-1 1 1 -1 -1 -1 -1 -1 -1 -1 0 0 -1 -1 -1 
-1 1 1 -1 -1 -1 -1 -1 -1 -1 0 0 -1 -1 -1 
-1 1 1 -1 -1 -1 -1 -1 -1 -1 0 0 -1 -1 -1 
-1 1 1 -1 -1 -1 -1 -1 -1 -1 0 0 -1 -1 -1 
-1 1 1 -1 -1 -1 -1 -1 -1 -1 0 0 -1 -1 -1 
END
15 1
3 9
2 0
1 1 1 1 -1 -1 -1 -1 -1 0 0 0 0 -1 -1 
1 1 1 1 -1 -1 -1 -1 -1 0 0 0 0 -1 -1 
1 1 1 1 -1 -1 -1 -1 -1 0 0 0 -1 -1 -1 
-1 1 1 -1 -1 -1 -1 -1 -1 0 0 0 -1 -1 -1 
-1 1 1 -1 -1 -1 -1 -1 -1 -1 0 0 -1 -1 -1 
-1 1 1 -1 -1 -1 -1 -1 -1 -1 0 0 -1 -1 -1 
-1 1 1 -1 -1 -1 -1 -1 -1 -1 0 0 -1 -1 -1 
-1 1 1 -1 -1 -1 -1 -1 -1 -1 0 0 -1 -1 -1 
-1 1 1 -1 -1 -1 -1 -1 -1 -1 0 0 -1 -1 -1 
-1 1 1 -1 -1 -1 -1 -1 -1 -1 0 0 -1 -1 -1 
-1 1 1 -1 -1 -1 -1 -1 -1 -1 0 0 -1 -1 -1 
-1 1 1 -1 -1 -1 -1 -1 -1 -1 0 0 -1 -1 -1 
-1 1 1 -1 -1 -1 -1 -1 -1 -1 0 0 -1 -1 -1 
-1 1 1 -1 -1 -1 -1 -1 -1 -1 0 0 -1 -1 -1 
-1 1 1 -1 -1 -1 -1 -1 -1 -1 0 0 -1 -1 -1 
END
15 1
4 9
3 0
1 1 1 1 -1 -1 -1 -1 -1 0 0 0 0 -1 -1 
1 1 1 1 -1 -1 -1 -1 -1 0 0 0 0 -1 -1 
1 1 1 1 -1 -1 -1 -1 -1 0 0 0 -1 -1 -1 
1 1 1 -1 -1 -1 -1 -1 -1 0 0 0 -1 -1 -1 
-1 1 1 -1 -1 -1 -1 -1 -1 0 0 0 -1 -1 -1 
-1 1 1 -1 -1 -1 -1 -1 -1 -1 0 0 -1 -1 -1 
-1 1 1 -1 -1 -1 -1 -1 -1 -1 0 0 -1 -1 -1 
-1 1 1 -1 -1 -1 -1 -1 -1 -1 0 0 -1 -1 -1 
-1 1 1 -1 -1 -1 -1 -1 -1 -1 0 0 -1 -1 -1 
-1 1 1 -1 -1 -1 -1 -1 -1 -1 0 0 -1 -1 -1 
-1 1 1 -1 -1 -1 -1 -1 -1 -1 0 0 -1 -1 -1 
-1 1 1 -1 -1 -1 -1 -1 -1 -1 0 0 -1 -1 -1 
-1 1 1 -1 -1 -1 -1 -1 -1 -1 0 0 -1 -1 -1 
-1 1 1 -1 -1 -1 -1 -1 -1 -1 0 0 -1 -1 -1 
-1 1 1 -1 -1 -1 -1 -1 -1 -1 0 0 -1 -1 -1 
END
15 1
5 9
4 0
1 1 1 1 -1 -1 -1 -1 -1 0 0 0 0 -1 -1 
1 1 1 1 -1 -1 -1 -1 -1 0 0 0 0 -1 -1 
1 1 1 1 -1 -1 -1 -1 -1 0 0 0 -1 -1 -1 
1 1 1 -1 -1 -1 -1 -1 -1 0 0 0 -1 -1 -1 
1 1 1 -1 -1 -1 -1 -1 -1 0 0 0 -1 -1 -1 
-1 1 1 -1 -1 -1 -1 -1 -1 0 0 0 -1 -1 -1 
-1 1 1 -1 -1 -1 -1 -1 -1 -1 0 0 -1 -1 -1 
-1 1 1 -1 -1 -1 -1 -1 -1 -1 0 0 -1 -1 -1 
-1 1 1 -1 -1 -1 -1 -1 -1 -1 0 0 -1 -1 -1 
-1 1 1 -1 -1 -1 -1 -1 -1 -1 0 0 -1 -1 -1 
-1 1 1 -1 -1 -1 -1 -1 -1 -1 0 0 -1 -1 -1 
-1 1 1 -1 -1 -1 -1 -1 -1 -1 0 0 -1 -1 -1 
-1 1 1 -1 -1 -1 -1 -1 -1 -1 0 0 -1 -1 -1 
-1 1 1 -1 -1 -1 -1 -1 -1 -1 0 0 -1 -1 -1 
-1 1 1 -1 -1 -1 -1 -1 -1 -1 0 0 -1 -1 -1 
END
15 1
6 9
5 0
1 1 1 1 -1 -1 -1 -1 -1 0 0 0 0 -1 -1 
1 1 1 1 -1 -1 -1 -1 -1 0 0 0 0 -1 -1 
1 1 1 1 -1 -1 -1 -1 -1 0 0 0 -1 -1 -1 
1 1 1 -1 -1 -1 -1 -1 -1 0 0 0 -1 -1 -1 
1 1 1 -1 -1 -1 -1 -1 -1 0 0 0 -1 -1 -1 
1 1 1 -1 -1 -1 -1 -1 -1 0 0 0 -1 -1 -1 
-1 1 1 -1 -1 -1 -1 -1 -1 0 0 0 -1 -1 -1 
-1 1 1 -1 -1 -1 -1 -1 -1 -1 0 0 -1 -1 -1 
-1 1 1 -1 -1 -1 -1 -1 -1 -1 0 0 -1 -1 -1 
-1 1 1 -1 -1 -1 -1 -1 -1 -1 0 0 -1 -1 -1 
-1 1 1 -1 -1 -1 -1 -1 -1 -1 0 0 -1 -1 -1 
-1 1 1 -1 -1 -1 -1 -1 -1 -1 0 0 -1 -1 -1 
-1 1 1 -1 -1 -1 -1 -1 -1 -1 0 0 -1 -1 -1 
-1 1 1 -1 -1 -1 -1 -1 -1 -1 0 0 -1 -1 -1 
-1 1 1 -1 -1 -1 -1 -1 -1 -1 0 0 -1 -1 -1 
END
15 1
7 9
6 0
1 1 1 1 -1 -1 -1 -1 -1 0 0 0 0 -1 -1 
1 1 1 1 -1 -1 -1 -1 -1 0 0 0 0 -1 -1 
1 1 1 1 -1 -1 -1 -1 -1 0 0 0 -1 -1 -1 
1 1 1 -1 -1 -1 -1 -1 -1 0 0 0 -1 -1 -1 
1 1 1 -1 -1 -1 -1 -1 -1 0 0 0 -1 -1 -1 
1 1 1 -1 -1 -1 -1 -1 -1 0 0 0 -1 -1 -1 
1 1 1 -1 -1 -1 -1 -1 -1 0 0 0 -1 -1 -1 
-1 1 1 -1 -1 -1 -1 -1 -1 0 0 0 -1 -1 -1 
-1 1 1 -1 -1 -1 -1 -1 -1 -1 0 0 -1 -1 -1 
-1 1 1 -1 -1 -1 -1 -1 -1 -1 0 0 -1 -1 -1 
-1 1 1 -1 -1 -1 -1 -1 -1 -1 0 0 -1 -1 -1 
-1 1 1 -1 -1 -1 -1 -1 -1 -1 0 0 -1 -1 -1 
-1 1 1 -1 -1 -1 -1 -1 -1 -1 0 0 -1 -1 -1 
-1 1 1 -1 -1 -1 -1 -1 -1 -1 0 0 -1 -1 -1 
-1 1 1 -1 -1 -1 -1 -1 -1 -1 0 0 -1 -1 -1 
END
15 1
8 9
7 0
1 1 1 1 -1 -1 -1 -1 -1 0 0 0 0 -1 -1 
1 1 1 1 -1 -1 -1 -1 -1 0 0 0 0 -1 -1 
1 1 1 1 -1 -1 -1 -1 -1 0 0 0 -1 -1 -1 
1 1 1 -1 -1 -1 -1 -1 -1 0 0 0 -1 -1 -1 
1 1 1 -1 -1 -1 -1 -1 -1 0 0 0 -1 -1 -1 
1 1 1 -1 -1 -1 -1 -1 -1 0 0 0 -1 -1 -1 
1 1 1 -1 -1 -1 -1 -1 -1 0 0 0 -1 -1 -1 
1 1 1 -1 -1 -1 -1 -1 -1 0 0 0 -1 -1 -1 
-1 1 1 -1 -1 -1 -1 -1 -1 0 0 0 -1 -1 -1 
-1 1 1 -1 -1 -1 -1 -1 -1 -1 0 0 -1 -1 -1 
-1 1 1 -1 -1 -1 -1 -1 -1 -1 0 0 -1 -1 -1 
-1 1 1 -1 -1 -1 -1 -1 -1 -1 0 0 -1 -1 -1 
-1 1 1 -1 -1 -1 -1 -1 -1 -1 0 0 -1 -1 -1 
-1 1 1 -1 -1 -1 -1 -1 -1 -1 0 0 -1 -1 -1 
-1 1 1 -1 -1 -1 -1 -1 -1 -1 0 0 -1 -1 -1 
END
15 1
9 9
8 0
1 1 1 1 -1 -1 -1 -1 -1 0 0 0 0 -1 -1 
1 1 1 1 -1 -1 -1 -1 -1 0 0 0 0 -1 -1 
1 1 1 1 -1 -1 -1 -1 -1 0 0 0 -1 -1 -1 
1 1 1 -1 -1 -1 -1 -1 -1 0 0 0 -1 -1 -1 
1 1 1 -1 -1 -1 -1 -1 -1 0 0 0 -1 -1 -1 
1 1 1 -1 -1 -1 -1 -1 -1 0 0 0 -1 -1 -1 
1 1 1 -1 -1 -1 -1 -1 -1 0 0 0 -1 -1 -1 
1 1 1 -1 -1 -1 -1 -1 -1 0 0 0 -1 -1 -1 
1 1 1 -1 -1 -1 -1 -1 -1 0 0 0 -1 -1 -1 
-1 1 1 -1 -1 -1 -1 -1 -1 0 0 0 -1 -1 -1 
-1 1 1 -1 -1 -1 -1 -1 -1 -1 0 0 -1 -1 -1 
-1 1 1 -1 -1 -1 -1 -1 -1 -1 0 0 -1 -1 -1 
-1 1 1 -1 -1 -1 -1 -1 -1 -1 0 0 -1 -1 -1 
-1 1 1 -1 -1 -1 -1 -1 -1 -1 0 0 -1 -1 -1 
-1 1 1 -1 -1 -1 -1 -1 -1 -1 0 0 -1 -1 -1 
END
15 1
10 9
9 0
1 1 1 1 -1 -1 -1 -1 -1 0 0 0 0 -1 -1 
1 1 1 1 -1 -1 -1 -1 -1 0 0 0 0 -1 -1 
1 1 1 1 -1 -1 -1 -1 -1 0 0 0 -1 -1 -1 
1 1 1 -1 -1 -1 -1 -1 -1 0 0 0 -1 -1 -1 
1 1 1 -1 -1 -1 -1 -1 -1 0 0 0 -1 -1 -1 
1 1 1 -1 -1 -1 -1 -1 -1 0 0 0 -1 -1 -1 
1 1 1 -1 -1 -1 -1 -1 -1 0 0 0 -1 -1 -1 
1 1 1 -1 -1 -1 -1 -1 -1 0 0 0 -1 -1 -1 
1 1 1 -1 -1 -1 -1 -1 -1 0 0 0 -1 -1 -1 
1 1 1 -1 -1 -1 -1 -1 -1 0 0 0 -1 -1 -1 
-1 1 1 -1 -1 -1 -1 -1 -1 0 0 0 -1 -1 -1 
-1 1 1 -1 -1 -1 -1 -1 -1 -1 0 0 -1 -1 -1 
-1 1 1 -1 -1 -1 -1 -1 -1 -1 0 0 -1 -1 -1 
-1 1 1 -1 -1 -1 -1 -1 -1 -1 0 0 -1 -1 -1 
-1 1 1 -1 -1 -1 -1 -1 -1 -1 0 0 -1 -1 -1 
END
15 1
11 9
10 0
1 1 1 1 -1 -1 -1 -1 -1 0 0 0 0 -1 -1 
1 1 1 1 -1 -1 -1 -1 -1 0 0 0 0 -1 -1 
1 1 1 1 -1 -1 -1 -1 -1 0 0 0 -1 -1 -1 
1 1 1 -1 -1 -1 -1 -1 -1 0 0 0 -1 -1 -1 
1 1 1 -1 -1 -1 -1 -1 -1 0 0 0 -1 -1 -1 
1 1 1 -1 -1 -1 -1 -1 -1 0 0 0 -1 -1 -1 
1 1 1 -1 -1 -1 -1 -1 -1 0 0 0 -1 -1 -1 
1 1 1 -1 -1 -1 -1 -1 -1 0 0 0 -1 -1 -1 
1 1 1 -1 -1 -1 -1 -1 -1 0 0 0 -1 -1 -1 
1 1 1 -1 -1 -1 -1 -1 -1 0 0 0 -1 -1 -1 
1 1 1 -1 -1 -1 -1 -1 -1 0 0 0 -1 -1 -1 
-1 1 1 -1 -1 -1 -1 -1 -1 0 0 0 -1 -1 -1 
-1 1 1 -1 -1 -1 -1 -1 -1 -1 0 0 -1 -1 -1 
-1 1 1 -1 -1 -1 -1 -1 -1 -1 0 0 -1 -1 -1 
-1 1 1 -1 -1 -1 -1 -1 -1 -1 0 0 -1 -1 -1 
END
15 1
12 9
11 0
1 1 1 1 -1 -1 -1 -1 -1 0 0 0 0 -1 -1 
1 1 1 1 -1 -1 -1 -1 -1 0 0 0 0 -1 -1 
1 1 1 1 -1 -1 -1 -1 -1 0 0 0 -1 -1 -1 
1 1 1 -1 -1 -1 -1 -1 -1 0 0 0 -1 -1 -1 
1 1 1 -1 -1 -1 -1 -1 -1 0 0 0 -1 -1 -1 
1 1 1 -1 -1 -1 -1 -1 -1 0 0 0 -1 -1 -1 
1 1 1 -1 -1 -1 -1 -1 -1 0 0 0 -1 -1 -1 
1 1 1 -1 -1 -1 -1 -1 -1 0 0 0 -1 -1 -1 
1 1 1 -1 -1 -1 -1 -1 -1 0 0 0 -1 -1 -1 
1 1 1 -1 -1 -1 -1 -1 -1 0 0 0 -1 -1 -1 
1 1 1 -1 -1 -1 -1 -1 -1 0 0 0 -1 -1 -1 
1 1 1 -1 -1 -1 -1 -1 -1 0 0 0 -1 -1 -1 
-1 1 1 -1 -1 -1 -1 -1 -1 0 0 0 -1 -1 -1 
-1 1 1 -1 -1 -1 -1 -1 -1 -1 0 0 -1 -1 -1 
-1 1 1 -1 -1 -1 -1 -1 -1 -1 0 0 -1 -1 -1 
END
15 1
13 9
12 0
1 1 1 1 -1 -1 -1 -1 -1 0 0 0 0 -1 -1 
1 1 1 1 -1 -1 -1 -1 -1 0 0 0 0 -1 -1 
1 1 1 1 -1 -1 -1 -1 -1 0 0 0 -1 -1 -1 
1 1 1 -1 -1 -1 -1 -1 -1 0 0 0 -1 -1 -1 
1 1 1 -1 -1 -1 -1 -1 -1 0 0 0 -1 -1 -1 
1 1 1 -1 -1 -1 -1 -1 -1 0 0 0 -1 -1 -1 
1 1 1 -1 -1 -1 -1 -1 -1 0 0 0 -1 -1 -1 
1 1 1 -1 -1 -1 -1 -1 -1 0 0 0 -1 -1 -1 
1 1 1 -1 -1 -1 -1 -1 -1 0 0 0 -1 -1 -1 
1 1 1 -1 -1 -1 -1 -1 -1 0 0 0 -1 -1 -1 
1 1 1 -1 -1 -1 -1 -1 -1 0 0 0 -1 -1 -1 
1 1 1 -1 -1 -1 -1 -1 -1 0 0 0 -1 -1 -1 
1 1 1 -1 -1 -1 -1 -1 -1 0 0 0 -1 -1 -1 
-1 1 1 -1 -1 -1 -1 -1 -1 0 0 0 -1 -1 -1 
-1 1 1 -1 -1 -1 -1 -1 -1 -1 0 0 -1 -1 -1 
END
15 1
14 9
13 0
1 1 1 1 -1 -1 -1 -1 -1 0 0 0 0 -1 -1 
1 1 1 1 -1 -1 -1 -1 -1 0 0 0 0 -1 -1 
1 1 1 1 -1 -1 -1 -1 -1 0 0 0 -1 -1 -1 
1 1 1 -1 -1 -1 -1 -1 -1 0 0 0 -1 -1 -1 
1 1 1 -1 -1 -1 -1 -1 -1 0 0 0 -1 -1 -1 
1 1 1 -1 -1 -1 -1 -1 -1 0 0 0 -1 -1 -1 
1 1 1 -1 -1 -1 -1 -1 -1 0 0 0 -1 -1 -1 
1 1 1 -1 -1 -1 -1 -1 -1 0 0 0 -1 -1 -1 
1 1 1 -1 -1 -1 -1 -1 -1 0 0 0 -1 -1 -1 
1 1 1 -1 -1 -1 -1 -1 -1 0 0 0 -1 -1 -1 
1 1 1 -1 -1 -1 -1 -1 -1 0 0 0 -1 -1 -1 
1 1 1 -1 -1 -1 -1 -1 -1 0 0 0 -1 -1 -1 
1 1 1 -1 -1 -1 -1 -1 -1 0 0 0 -1 -1 -1 
1 1 1 -1 -1 -1 -1 -1 -1 0 0 0 -1 -1 -1 
-1 1 1 -1 -1 -1 -1 -1 -1 0 0 0 -1 -1 -1 
END
15 1
14 8
14 0
1 1 1 1 -1 -1 -1 -1 -1 0 0 0 0 -1 -1 
1 1 1 1 -1 -1 -1 -1 -1 0 0 0 0 -1 -1 
1 1 1 1 -1 -1 -1 -1 -1 0 0 0 -1 -1 -1 
1 1 1 -1 -1 -1 -1 -1 -1 0 0 0 -1 -1 -1 
1 1 1 -1 -1 -1 -1 -1 -1 0 0 0 -1 -1 -1 
1 1 1 -1 -1 -1 -1 -1 -1 0 0 0 -1 -1 -1 
1 1 1 -1 -1 -1 -1 -1 -1 0 0 0 -1 -1 -1 
1 1 1 -1 -1 -1 -1 -1 -1 0 0 0 -1 -1 -1 
1 1 1 -1 -1 -1 -1 -1 -1 0 0 0 -1 -1 -1 
1 1 1 -1 -1 -1 -1 -1 -1 0 0 0 -1 -1 -1 
1 1 1 -1 -1 -1 -1 -1 -1 0 0 0 -1 -1 -1 
1 1 1 -1 -1 -1 -1 -1 -1 0 0 0 -1 -1 -1 
1 1 1 -1 -1 -1 -1 -1 -1 0 0 0 -1 -1 -1 
1 1 1 -1 -1 -1 -1 -1 -1 0 0 0 -1 -1 -1 
1 1 1 -1 -1 -1 -1 -1 0 0 0 0 -1 -1 -1 
END
