15 0
12 4
7 8
-1 -1 -1 -1 -1 -1 -1 -1 -1 -1 -1 -1 -1 -1 -1 
-1 -1 -1 -1 -1 -1 -1 -1 -1 -1 -1 -1 -1 -1 -1 
-1 -1 -1 -1 -1 -1 -1 -1 -1 -1 -1 -1 -1 -1 -1 
-1 -1 -1 -1 -1 -1 -1 -1 -1 -1 -1 -1 -1 -1 -1 
-1 -1 -1 -1 -1 -1 -1 -1 -1 -1 -1 -1 -1 -1 -1 
-1 -1 -1 -1 -1 -1 -1 -1 -1 -1 -1 -1 -1 -1 -1 
-1 -1 -1 -1 -1 -1 -1 -1 -1 -1 -1 -1 -1 -1 -1 
-1 -1 -1 -1 -1 -1 -1 -1 1 -1 -1 -1 -1 -1 -1 
-1 -1 -1 -1 -1 -1 -1 -1 -1 -1 -1 -1 -1 -1 -1 
-1 -1 -1 -1 -1 -1 -1 -1 -1 -1 -1 -1 -1 -1 -1 
-1 -1 -1 -1 -1 -1 -1 -1 -1 -1 -1 -1 -1 -1 -1 
-1 -1 -1 -1 -1 -1 -1 -1 -1 -1 -1 -1 -1 -1 -1 
-1 -1 -1 -1 0 -1 -1 -1 -1 -1 -1 -1 -1 -1 -1 
-1 -1 -1 -1 -1 -1 -1 -1 -1 -1 -1 -1 -1 -1 -1 
-1 -1 -1 -1 -1 -1 -1 -1 -1 -1 -1 -1 -1 -1 -1 
END
15 0
11 4
6 8
-1 -1 -1 -1 -1 -1 -1 -1 -1 -1 -1 -1 -1 -1 -1 
-1 -1 -1 -1 -1 -1 -1 -1 -1 -1 -1 -1 -1 -1 -1 
-1 -1 -1 -1 -1 -1 -1 -1 -1 -1 -1 -1 -1 -1 -1 
-1 -1 -1 -1 -1 -1 -1 -1 -1 -1 -1 -1 -1 -1 -1 
-1 -1 -1 -1 -1 -1 -1 -1 -1 -1 -1 -1 -1 -1 -1 
-1 -1 -1 -1 -1 -1 -1 -1 -1 -1 -1 -1 -1 -1 -1 
-1 -1 -1 -1 -1 -1 -1 -1 1 -1 -1 -1 -1 -1 -1 
-1 -1 -1 -1 -1 -1 -1 -1 1 -1 -1 -1 -1 -1 -1 
-1 -1 -1 -1 -1 -1 -1 -1 -1 -1 -1 -1 -1 -1 -1 
-1 -1 -1 -1 -1 -1 -1 -1 -1 -1 -1 -1 -1 -1 -1 
-1 -1 -1 -1 -1 -1 -1 -1 -1 -1 -1 -1 -1 -1 -1 
-1 -1 -1 -1 0 -1 -1 -1 -1 -1 -1 -1 -1 -1 -1 
-1 -1 -1 -1 0 -1 -1 -1 -1 -1 -1 -1 -1 -1 -1 
-1 -1 -1 -1 -1 -1 -1 -1 -1 -1 -1 -1 -1 -1 -1 
-1 -1 -1 -1 -1 -1 -1 -1 -1 -1 -1 -1 -1 -1 -1 
END
15 0
10 4
5 8
-1 -1 -1 -1 -1 -1 -1 -1 -1 -1 -1 -1 -1 -1 -1 
-1 -1 -1 -1 -1 -1 -1 -1 -1 -1 -1 -1 -1 -1 -1 
-1 -1 -1 -1 -1 -1 -1 -1 -1 -1 -1 -1 -1 -1 -1 
-1 -1 -1 -1 -1 -1 -1 -1 -1 -1 -1 -1 -1 -1 -1 
-1 -1 -1 -1 -1 -1 -1 -1 -1 -1 -1 -1 -1 -1 -1 
-1 -1 -1 -1 -1 -1 -1 -1 1 -1 -1 -1 -1 -1 -1 
-1 -1 -1 -1 -1 -1 -1 -1 1 -1 -1 -1 -1 -1 -1 
-1 -1 -1 -1 -1 -1 -1 -1 1 -1 -1 -1 -1 -1 -1 
-1 -1 -1 -1 -1 -1 -1 -1 -1 -1 -1 -1 -1 -1 -1 
-1 -1 -1 -1 -1 -1 -1 -1 -1 -1 -1 -1 -1 -1 -1 
-1 -1 -1 -1 0 -1 -1 -1 -1 -1 -1 -1 -1 -1 -1 
-1 -1 -1 -1 0 -1 -1 -1 -1 -1 -1 -1 -1 -1 -1 
-1 -1 -1 -1 0 -1 -1 -1 -1 -1 -1 -1 -1 -1 -1 
-1 -1 -1 -1 -1 -1 -1 -1 -1 -1 -1 -1 -1 -1 -1 
-1 -1 -1 -1 -1 -1 -1 -1 -1 -1 -1 -1 -1 -1 -1 
END
15 0
9 4
4 8
-1 -1 -1 -1 -1 -1 -1 -1 -1 -1 -1 -1 -1 -1 -1 
-1 -1 -1 -1 -1 -1 -1 -1 -1 -1 -1 -1 -1 -1 -1 
-1 -1 -1 -1 -1 -1 -1 -1 -1 -1 -1 -1 -1 -1 -1 
-1 -1 -1 -1 -1 -1 -1 -1 -1 -1 -1 -1 -1 -1 -1 
-1 -1 -1 -1 -1 -1 -1 -1 1 -1 -1 -1 -1 -1 -1 
-1 -1 -1 -1 -1 -1 -1 -1 1 -1 -1 -1 -1 -1 -1 
-1 -1 -1 -1 -1 -1 -1 -1 1 -1 -1 -1 -1 -1 -1 
-1 -1 -1 -1 -1 -1 -1 -1 1 -1 -1 -1 -1 -1 -1 
-1 -1 -1 -1 -1 -1 -1 -1 -1 -1 -1 -1 -1 -1 -1 
-1 -1 -1 -1 0 -1 -1 -1 -1 -1 -1 -1 -1 -1 -1 
-1 -1 -1 -1 0 -1 -1 -1 -1 -1 -1 -1 -1 -1 -1 
-1 -1 -1 -1 0 -1 -1 -1 -1 -1 -1 -1 -1 -1 -1 
-1 -1 -1 -1 0 -1 -1 -1 -1 -1 -1 -1 -1 -1 -1 
-1 -1 -1 -1 -1 -1 -1 -1 -1 -1 -1 -1 -1 -1 -1 
-1 -1 -1 -1 -1 -1 -1 -1 -1 -1 -1 -1 -1 -1 -1 
END
15 0
8 4
3 8
-1 -1 -1 -1 -1 -1 -1 -1 -1 -1 -1 -1 -1 -1 -1 
-1 -1 -1 -1 -1 -1 -1 -1 -1 -1 -1 -1 -1 -1 -1 
-1 -1 -1 -1 -1 -1 -1 -1 -1 -1 -1 -1 -1 -1 -1 
-1 -1 -1 -1 -1 -1 -1 -1 1 -1 -1 -1 -1 -1 -1 
-1 -1 -1 -1 -1 -1 -1 -1 1 -1 -1 -1 -1 -1 -1 
-1 -1 -1 -1 -1 -1 -1 -1 1 -1 -1 -1 -1 -1 -1 
-1 -1 -1 -1 -1 -1 -1 -1 1 -1 -1 -1 -1 -1 -1 
-1 -1 -1 -1 -1 -1 -1 -1 1 -1 -1 -1 -1 -1 -1 
-1 -1 -1 -1 0 -1 -1 -1 -1 -1 -1 -1 -1 -1 -1 
-1 -1 -1 -1 0 -1 -1 -1 -1 -1 -1 -1 -1 -1 -1 
-1 -1 -1 -1 0 -1 -1 -1 -1 -1 -1 -1 -1 -1 -1 
-1 -1 -1 -1 0 -1 -1 -1 -1 -1 -1 -1 -1 -1 -1 
-1 -1 -1 -1 0 -1 -1 -1 -1 -1 -1 -1 -1 -1 -1 
-1 -1 -1 -1 -1 -1 -1 -1 -1 -1 -1 -1 -1 -1 -1 
-1 -1 -1 -1 -1 -1 -1 -1 -1 -1 -1 -1 -1 -1 -1 
END
15 0
7 4
2 8
-1 -1 -1 -1 -1 -1 -1 -1 -1 -1 -1 -1 -1 -1 -1 
-1 -1 -1 -1 -1 -1 -1 -1 -1 -1 -1 -1 -1 -1 -1 
-1 -1 -1 -1 -1 -1 -1 -1 1 -1 -1 -1 -1 -1 -1 
-1 -1 -1 -1 -1 -1 -1 -1 1 -1 -1 -1 -1 -1 -1 
-1 -1 -1 -1 -1 -1 -1 -1 1 -1 -1 -1 -1 -1 -1 
-1 -1 -1 -1 -1 -1 -1 -1 1 -1 -1 -1 -1 -1 -1 
-1 -1 -1 -1 -1 -1 -1 -1 1 -1 -1 -1 -1 -1 -1 
-1 -1 -1 -1 0 -1 -1 -1 1 -1 -1 -1 -1 -1 -1 
-1 -1 -1 -1 0 -1 -1 -1 -1 -1 -1 -1 -1 -1 -1 
-1 -1 -1 -1 0 -1 -1 -1 -1 -1 -1 -1 -1 -1 -1 
-1 -1 -1 -1 0 -1 -1 -1 -1 -1 -1 -1 -1 -1 -1 
-1 -1 -1 -1 0 -1 -1 -1 -1 -1 -1 -1 -1 -1 -1 
-1 -1 -1 -1 0 -1 -1 -1 -1 -1 -1 -1 -1 -1 -1 
-1 -1 -1 -1 -1 -1 -1 -1 -1 -1 -1 -1 -1 -1 -1 
-1 -1 -1 -1 -1 -1 -1 -1 -1 -1 -1 -1 -1 -1 -1 
END
15 0
6 4
1 8
-1 -1 -1 -1 -1 -1 -1 -1 -1 -1 -1 -1 -1 -1 -1 
-1 -1 -1 -1 -1 -1 -1 -1 1 -1 -1 -1 -1 -1 -1 
-1 -1 -1 -1 -1 -1 -1 -1 1 -1 -1 -1 -1 -1 -1 
-1 -1 -1 -1 -1 -1 -1 -1 1 -1 -1 -1 -1 -1 -1 
-1 -1 -1 -1 -1 -1 -1 -1 1 -1 -1 -1 -1 -1 -1 
-1 -1 -1 -1 -1 -1 -1 -1 1 -1 -1 -1 -1 -1 -1 
-1 -1 -1 -1 0 -1 -1 -1 1 -1 -1 -1 -1 -1 -1 
-1 -1 -1 -1 0 -1 -1 -1 1 -1 -1 -1 -1 -1 -1 
-1 -1 -1 -1 0 -1 -1 -1 -1 -1 -1 -1 -1 -1 -1 
-1 -1 -1 -1 0 -1 -1 -1 -1 -1 -1 -1 -1 -1 -1 
-1 -1 -1 -1 0 -1 -1 -1 -1 -1 -1 -1 -1 -1 -1 
-1 -1 -1 -1 0 -1 -1 -1 -1 -1 -1 -1 -1 -1 -1 
-1 -1 -1 -1 0 -1 -1 -1 -1 -1 -1 -1 -1 -1 -1 
-1 -1 -1 -1 -1 -1 -1 -1 -1 -1 -1 -1 -1 -1 -1 
-1 -1 -1 -1 -1 -1 -1 -1 -1 -1 -1 -1 -1 -1 -1 
END
15 0
5 4
0 8
-1 -1 -1 -1 -1 -1 -1 -1 1 -1 -1 -1 -1 -1 -1 
-1 -1 -1 -1 -1 -1 -1 -1 1 -1 -1 -1 -1 -1 -1 
-1 -1 -1 -1 -1 -1 -1 -1 1 -1 -1 -1 -1 -1 -1 
-1 -1 -1 -1 -1 -1 -1 -1 1 -1 -1 -1 -1 -1 -1 
-1 -1 -1 -1 -1 -1 -1 -1 1 -1 -1 -1 -1 -1 -1 
-1 -1 -1 -1 0 -1 -1 -1 1 -1 -1 -1 -1 -1 -1 
-1 -1 -1 -1 0 -1 -1 -1 1 -1 -1 -1 -1 -1 -1 
-1 -1 -1 -1 0 -1 -1 -1 1 -1 -1 -1 -1 -1 -1 
-1 -1 -1 -1 0 -1 -1 -1 -1 -1 -1 -1 -1 -1 -1 
-1 -1 -1 -1 0 -1 -1 -1 -1 -1 -1 -1 -1 -1 -1 
-1 -1 -1 -1 0 -1 -1 -1 -1 -1 -1 -1 -1 -1 -1 
-1 -1 -1 -1 0 -1 -1 -1 -1 -1 -1 -1 -1 -1 -1 
-1 -1 -1 -1 0 -1 -1 -1 -1 -1 -1 -1 -1 -1 -1 
-1 -1 -1 -1 -1 -1 -1 -1 -1 -1 -1 -1 -1 -1 -1 
-1 -1 -1 -1 -1 -1 -1 -1 -1 -1 -1 -1 -1 -1 -1 
END
15 0
4 4
0 7
-1 -1 -1 -1 -1 -1 -1 1 1 -1 -1 -1 -1 -1 -1 
-1 -1 -1 -1 -1 -1 -1 -1 1 -1 -1 -1 -1 -1 -1 
-1 -1 -1 -1 -1 -1 -1 -1 1 -1 -1 -1 -1 -1 -1 
-1 -1 -1 -1 -1 -1 -1 -1 1 -1 -1 -1 -1 -1 -1 
-1 -1 -1 -1 0 -1 -1 -1 1 -1 -1 -1 -1 -1 -1 
-1 -1 -1 -1 0 -1 -1 -1 1 -1 -1 -1 -1 -1 -1 
-1 -1 -1 -1 0 -1 -1 -1 1 -1 -1 -1 -1 -1 -1 
-1 -1 -1 -1 0 -1 -1 -1 1 -1 -1 -1 -1 -1 -1 
-1 -1 -1 -1 0 -1 -1 -1 -1 -1 -1 -1 -1 -1 -1 
-1 -1 -1 -1 0 -1 -1 -1 -1 -1 -1 -1 -1 -1 -1 
-1 -1 -1 -1 0 -1 -1 -1 -1 -1 -1 -1 -1 -1 -1 
-1 -1 -1 -1 0 -1 -1 -1 -1 -1 -1 -1 -1 -1 -1 
-1 -1 -1 -1 0 -1 -1 -1 -1 -1 -1 -1 -1 -1 -1 
-1 -1 -1 -1 -1 -1 -1 -1 -1 -1 -1 -1 -1 -1 -1 
-1 -1 -1 -1 -1 -1 -1 -1 -1 -1 -1 -1 -1 -1 -1 
END
15 0
3 4
1 7
-1 -1 -1 -1 -1 -1 -1 1 1 -1 -1 -1 -1 -1 -1 
-1 -1 -1 -1 -1 -1 -1 1 1 -1 -1 -1 -1 -1 -1 
-1 -1 -1 -1 -1 -1 -1 -1 1 -1 -1 -1 -1 -1 -1 
-1 -1 -1 -1 0 -1 -1 -1 1 -1 -1 -1 -1 -1 -1 
-1 -1 -1 -1 0 -1 -1 -1 1 -1 -1 -1 -1 -1 -1 
-1 -1 -1 -1 0 -1 -1 -1 1 -1 -1 -1 -1 -1 -1 
-1 -1 -1 -1 0 -1 -1 -1 1 -1 -1 -1 -1 -1 -1 
-1 -1 -1 -1 0 -1 -1 -1 1 -1 -1 -1 -1 -1 -1 
-1 -1 -1 -1 0 -1 -1 -1 -1 -1 -1 -1 -1 -1 -1 
-1 -1 -1 -1 0 -1 -1 -1 -1 -1 -1 -1 -1 -1 -1 
-1 -1 -1 -1 0 -1 -1 -1 -1 -1 -1 -1 -1 -1 -1 
-1 -1 -1 -1 0 -1 -1 -1 -1 -1 -1 -1 -1 -1 -1 
-1 -1 -1 -1 0 -1 -1 -1 -1 -1 -1 -1 -1 -1 -1 
-1 -1 -1 -1 -1 -1 -1 -1 -1 -1 -1 -1 -1 -1 -1 
-1 -1 -1 -1 -1 -1 -1 -1 -1 -1 -1 -1 -1 -1 -1 
END
15 0
2 4
2 7
-1 -1 -1 -1 -1 -1 -1 1 1 -1 -1 -1 -1 -1 -1 
-1 -1 -1 -1 -1 -1 -1 1 1 -1 -1 -1 -1 -1 -1 
-1 -1 -1 -1 0 -1 -1 1 1 -1 -1 -1 -1 -1 -1 
-1 -1 -1 -1 0 -1 -1 -1 1 -1 -1 -1 -1 -1 -1 
-1 -1 -1 -1 0 -1 -1 -1 1 -1 -1 -1 -1 -1 -1 
-1 -1 -1 -1 0 -1 -1 -1 1 -1 -1 -1 -1 -1 -1 
-1 -1 -1 -1 0 -1 -1 -1 1 -1 -1 -1 -1 -1 -1 
-1 -1 -1 -1 0 -1 -1 -1 1 -1 -1 -1 -1 -1 -1 
-1 -1 -1 -1 0 -1 -1 -1 -1 -1 -1 -1 -1 -1 -1 
-1 -1 -1 -1 0 -1 -1 -1 -1 -1 -1 -1 -1 -1 -1 
-1 -1 -1 -1 0 -1 -1 -1 -1 -1 -1 -1 -1 -1 -1 
-1 -1 -1 -1 0 -1 -1 -1 -1 -1 -1 -1 -1 -1 -1 
-1 -1 -1 -1 0 -1 -1 -1 -1 -1 -1 -1 -1 -1 -1 
-1 -1 -1 -1 -1 -1 -1 -1 -1 -1 -1 -1 -1 -1 -1 
-1 -1 -1 -1 -1 -1 -1 -1 -1 -1 -1 -1 -1 -1 -1 
END
15 0
1 4
3 7
-1 -1 -1 -1 -1 -1 -1 1 1 -1 -1 -1 -1 -1 -1 
-1 -1 -1 -1 0 -1 -1 1 1 -1 -1 -1 -1 -1 -1 
-1 -1 -1 -1 0 -1 -1 1 1 -1 -1 -1 -1 -1 -1 
-1 -1 -1 -1 0 -1 -1 1 1 -1 -1 -1 -1 -1 -1 
-1 -1 -1 -1 0 -1 -1 -1 1 -1 -1 -1 -1 -1 -1 
-1 -1 -1 -1 0 -1 -1 -1 1 -1 -1 -1 -1 -1 -1 
-1 -1 -1 -1 0 -1 -1 -1 1 -1 -1 -1 -1 -1 -1 
-1 -1 -1 -1 0 -1 -1 -1 1 -1 -1 -1 -1 -1 -1 
-1 -1 -1 -1 0 -1 -1 -1 -1 -1 -1 -1 -1 -1 -1 
-1 -1 -1 -1 0 -1 -1 -1 -1 -1 -1 -1 -1 -1 -1 
-1 -1 -1 -1 0 -1 -1 -1 -1 -1 -1 -1 -1 -1 -1 
-1 -1 -1 -1 0 -1 -1 -1 -1 -1 -1 -1 -1 -1 -1 
-1 -1 -1 -1 0 -1 -1 -1 -1 -1 -1 -1 -1 -1 -1 
-1 -1 -1 -1 -1 -1 -1 -1 -1 -1 -1 -1 -1 -1 -1 
-1 -1 -1 -1 -1 -1 -1 -1 -1 -1 -1 -1 -1 -1 -1 
END
15 0
0 4
4 7
-1 -1 -1 -1 0 -1 -1 1 1 -1 -1 -1 -1 -1 -1 
-1 -1 -1 -1 0 -1 -1 1 1 -1 -1 -1 -1 -1 -1 
-1 -1 -1 -1 0 -1 -1 1 1 -1 -1 -1 -1 -1 -1 
-1 -1 -1 -1 0 -1 -1 1 1 -1 -1 -1 -1 -1 -1 
-1 -1 -1 -1 0 -1 -1 1 1 -1 -1 -1 -1 -1 -1 
-1 -1 -1 -1 0 -1 -1 -1 1 -1 -1 -1 -1 -1 -1 
-1 -1 -1 -1 0 -1 -1 -1 1 -1 -1 -1 -1 -1 -1 
-1 -1 -1 -1 0 -1 -1 -1 1 -1 -1 -1 -1 -1 -1 
-1 -1 -1 -1 0 -1 -1 -1 -1 -1 -1 -1 -1 -1 -1 
-1 -1 -1 -1 0 -1 -1 -1 -1 -1 -1 -1 -1 -1 -1 
-1 -1 -1 -1 0 -1 -1 -1 -1 -1 -1 -1 -1 -1 -1 
-1 -1 -1 -1 0 -1 -1 -1 -1 -1 -1 -1 -1 -1 -1 
-1 -1 -1 -1 0 -1 -1 -1 -1 -1 -1 -1 -1 -1 -1 
-1 -1 -1 -1 -1 -1 -1 -1 -1 -1 -1 -1 -1 -1 -1 
-1 -1 -1 -1 -1 -1 -1 -1 -1 -1 -1 -1 -1 -1 -1 
END
15 0
0 3
5 7
-1 -1 -1 0 0 -1 -1 1 1 -1 -1 -1 -1 -1 -1 
-1 -1 -1 -1 0 -1 -1 1 1 -1 -1 -1 -1 -1 -1 
-1 -1 -1 -1 0 -1 -1 1 1 -1 -1 -1 -1 -1 -1 
-1 -1 -1 -1 0 -1 -1 1 1 -1 -1 -1 -1 -1 -1 
-1 -1 -1 -1 0 -1 -1 1 1 -1 -1 -1 -1 -1 -1 
-1 -1 -1 -1 0 -1 -1 1 1 -1 -1 -1 -1 -1 -1 
-1 -1 -1 -1 0 -1 -1 -1 1 -1 -1 -1 -1 -1 -1 
-1 -1 -1 -1 0 -1 -1 -1 1 -1 -1 -1 -1 -1 -1 
-1 -1 -1 -1 0 -1 -1 -1 -1 -1 -1 -1 -1 -1 -1 
-1 -1 -1 -1 0 -1 -1 -1 -1 -1 -1 -1 -1 -1 -1 
-1 -1 -1 -1 0 -1 -1 -1 -1 -1 -1 -1 -1 -1 -1 
-1 -1 -1 -1 0 -1 -1 -1 -1 -1 -1 -1 -1 -1 -1 
-1 -1 -1 -1 0 -1 -1 -1 -1 -1 -1 -1 -1 -1 -1 
-1 -1 -1 -1 -1 -1 -1 -1 -1 -1 -1 -1 -1 -1 -1 
-1 -1 -1 -1 -1 -1 -1 -1 -1 -1 -1 -1 -1 -1 -1 
END
15 0
1 3
6 7
-1 -1 -1 0 0 -1 -1 1 1 -1 -1 -1 -1 -1 -1 
-1 -1 -1 0 0 -1 -1 1 1 -1 -1 -1 -1 -1 -1 
-1 -1 -1 -1 0 -1 -1 1 1 -1 -1 -1 -1 -1 -1 
-1 -1 -1 -1 0 -1 -1 1 1 -1 -1 -1 -1 -1 -1 
-1 -1 -1 -1 0 -1 -1 1 1 -1 -1 -1 -1 -1 -1 
-1 -1 -1 -1 0 -1 -1 1 1 -1 -1 -1 -1 -1 -1 
-1 -1 -1 -1 0 -1 -1 1 1 -1 -1 -1 -1 -1 -1 
-1 -1 -1 -1 0 -1 -1 -1 1 -1 -1 -1 -1 -1 -1 
-1 -1 -1 -1 0 -1 -1 -1 -1 -1 -1 -1 -1 -1 -1 
-1 -1 -1 -1 0 -1 -1 -1 -1 -1 -1 -1 -1 -1 -1 
-1 -1 -1 -1 0 -1 -1 -1 -1 -1 -1 -1 -1 -1 -1 
-1 -1 -1 -1 0 -1 -1 -1 -1 -1 -1 -1 -1 -1 -1 
-1 -1 -1 -1 0 -1 -1 -1 -1 -1 -1 -1 -1 -1 -1 
-1 -1 -1 -1 -1 -1 -1 -1 -1 -1 -1 -1 -1 -1 -1 
-1 -1 -1 -1 -1 -1 -1 -1 -1 -1 -1 -1 -1 -1 -1 
END
15 0
2 3
7 7
-1 -1 -1 0 0 -1 -1 1 1 -1 -1 -1 -1 -1 -1 
-1 -1 -1 0 0 -1 -1 1 1 -1 -1 -1 -1 -1 -1 
-1 -1 -1 0 0 -1 -1 1 1 -1 -1 -1 -1 -1 -1 
-1 -1 -1 -1 0 -1 -1 1 1 -1 -1 -1 -1 -1 -1 
-1 -1 -1 -1 0 -1 -1 1 1 -1 -1 -1 -1 -1 -1 
-1 -1 -1 -1 0 -1 -1 1 1 -1 -1 -1 -1 -1 -1 
-1 -1 -1 -1 0 -1 -1 1 1 -1 -1 -1 -1 -1 -1 
-1 -1 -1 -1 0 -1 -1 1 1 -1 -1 -1 -1 -1 -1 
-1 -1 -1 -1 0 -1 -1 -1 -1 -1 -1 -1 -1 -1 -1 
-1 -1 -1 -1 0 -1 -1 -1 -1 -1 -1 -1 -1 -1 -1 
-1 -1 -1 -1 0 -1 -1 -1 -1 -1 -1 -1 -1 -1 -1 
-1 -1 -1 -1 0 -1 -1 -1 -1 -1 -1 -1 -1 -1 -1 
-1 -1 -1 -1 0 -1 -1 -1 -1 -1 -1 -1 -1 -1 -1 
-1 -1 -1 -1 -1 -1 -1 -1 -1 -1 -1 -1 -1 -1 -1 
-1 -1 -1 -1 -1 -1 -1 -1 -1 -1 -1 -1 -1 -1 -1 
END
15 0
3 3
8 7
-1 -1 -1 0 0 -1 -1 1 1 -1 -1 -1 -1 -1 -1 
-1 -1 -1 0 0 -1 -1 1 1 -1 -1 -1 -1 -1 -1 
-1 -1 -1 0 0 -1 -1 1 1 -1 -1 -1 -1 -1 -1 
-1 -1 -1 0 0 -1 -1 1 1 -1 -1 -1 -1 -1 -1 
-1 -1 -1 -1 0 -1 -1 1 1 -1 -1 -1 -1 -1 -1 
-1 -1 -1 -1 0 -1 -1 1 1 -1 -1 -1 -1 -1 -1 
-1 -1 -1 -1 0 -1 -1 1 1 -1 -1 -1 -1 -1 -1 
-1 -1 -1 -1 0 -1 -1 1 1 -1 -1 -1 -1 -1 -1 
-1 -1 -1 -1 0 -1 -1 1 -1 -1 -1 -1 -1 -1 -1 
-1 -1 -1 -1 0 -1 -1 -1 -1 -1 -1 -1 -1 -1 -1 
-1 -1 -1 -1 0 -1 -1 -1 -1 -1 -1 -1 -1 -1 -1 
-1 -1 -1 -1 0 -1 -1 -1 -1 -1 -1 -1 -1 -1 -1 
-1 -1 -1 -1 0 -1 -1 -1 -1 -1 -1 -1 -1 -1 -1 
-1 -1 -1 -1 -1 -1 -1 -1 -1 -1 -1 -1 -1 -1 -1 
-1 -1 -1 -1 -1 -1 -1 -1 -1 -1 -1 -1 -1 -1 -1 
END
15 0
4 3
9 7
-1 -1 -1 0 0 -1 -1 1 1 -1 -1 -1 -1 -1 -1 
-1 -1 -1 0 0 -1 -1 1 1 -1 -1 -1 -1 -1 -1 
-1 -1 -1 0 0 -1 -1 1 1 -1 -1 -1 -1 -1 -1 
-1 -1 -1 0 0 -1 -1 1 1 -1 -1 -1 -1 -1 -1 
-1 -1 -1 0 0 -1 -1 1 1 -1 -1 -1 -1 -1 -1 
-1 -1 -1 -1 0 -1 -1 1 1 -1 -1 -1 -1 -1 -1 
-1 -1 -1 -1 0 -1 -1 1 1 -1 -1 -1 -1 -1 -1 
-1 -1 -1 -1 0 -1 -1 1 1 -1 -1 -1 -1 -1 -1 
-1 -1 -1 -1 0 -1 -1 1 -1 -1 -1 -1 -1 -1 -1 
-1 -1 -1 -1 0 -1 -1 1 -1 -1 -1 -1 -1 -1 -1 
-1 -1 -1 -1 0 -1 -1 -1 -1 -1 -1 -1 -1 -1 -1 
-1 -1 -1 -1 0 -1 -1 -1 -1 -1 -1 -1 -1 -1 -1 
-1 -1 -1 -1 0 -1 -1 -1 -1 -1 -1 -1 -1 -1 -1 
-1 -1 -1 -1 -1 -1 -1 -1 -1 -1 -1 -1 -1 -1 -1 
-1 -1 -1 -1 -1 -1 -1 -1 -1 -1 -1 -1 -1 -1 -1 
END
15 0
5 3
10 7
-1 -1 -1 0 0 -1 -1 1 1 -1 -1 -1 -1 -1 -1 
-1 -1 -1 0 0 -1 -1 1 1 -1 -1 -1 -1 -1 -1 
-1 -1 -1 0 0 -1 -1 1 1 -1 -1 -1 -1 -1 -1 
-1 -1 -1 0 0 -1 -1 1 1 -1 -1 -1 -1 -1 -1 
-1 -1 -1 0 0 -1 -1 1 1 -1 -1 -1 -1 -1 -1 
-1 -1 -1 0 0 -1 -1 1 1 -1 -1 -1 -1 -1 -1 
-1 -1 -1 -1 0 -1 -1 1 1 -1 -1 -1 -1 -1 -1 
-1 -1 -1 -1 0 -1 -1 1 1 -1 -1 -1 -1 -1 -1 
-1 -1 -1 -1 0 -1 -1 1 -1 -1 -1 -1 -1 -1 -1 
-1 -1 -1 -1 0 -1 -1 1 -1 -1 -1 -1 -1 -1 -1 
-1 -1 -1 -1 0 -1 -1 1 -1 -1 -1 -1 -1 -1 -1 
-1 -1 -1 -1 0 -1 -1 -1 -1 -1 -1 -1 -1 -1 -1 
-1 -1 -1 -1 0 -1 -1 -1 -1 -1 -1 -1 -1 -1 -1 
-1 -1 -1 -1 -1 -1 -1 -1 -1 -1 -1 -1 -1 -1 -1 
-1 -1 -1 -1 -1 -1 -1 -1 -1 -1 -1 -1 -1 -1 -1 
END
15 0
6 3
11 7
-1 -1 -1 0 0 -1 -1 1 1 -1 -1 -1 -1 -1 -1 
-1 -1 -1 0 0 -1 -1 1 1 -1 -1 -1 -1 -1 -1 
-1 -1 -1 0 0 -1 -1 1 1 -1 -1 -1 -1 -1 -1 
-1 -1 -1 0 0 -1 -1 1 1 -1 -1 -1 -1 -1 -1 
-1 -1 -1 0 0 -1 -1 1 1 -1 -1 -1 -1 -1 -1 
-1 -1 -1 0 0 -1 -1 1 1 -1 -1 -1 -1 -1 -1 
-1 -1 -1 0 0 -1 -1 1 1 -1 -1 -1 -1 -1 -1 
-1 -1 -1 -1 0 -1 -1 1 1 -1 -1 -1 -1 -1 -1 
-1 -1 -1 -1 0 -1 -1 1 -1 -1 -1 -1 -1 -1 -1 
-1 -1 -1 -1 0 -1 -1 1 -1 -1 -1 -1 -1 -1 -1 
-1 -1 -1 -1 0 -1 -1 1 -1 -1 -1 -1 -1 -1 -1 
-1 -1 -1 -1 0 -1 -1 1 -1 -1 -1 -1 -1 -1 -1 
-1 -1 -1 -1 0 -1 -1 -1 -1 -1 -1 -1 -1 -1 -1 
-1 -1 -1 -1 -1 -1 -1 -1 -1 -1 -1 -1 -1 -1 -1 
-1 -1 -1 -1 -1 -1 -1 -1 -1 -1 -1 -1 -1 -1 -1 
END
15 0
7 3
12 7
-1 -1 -1 0 0 -1 -1 1 1 -1 -1 -1 -1 -1 -1 
-1 -1 -1 0 0 -1 -1 1 1 -1 -1 -1 -1 -1 -1 
-1 -1 -1 0 0 -1 -1 1 1 -1 -1 -1 -1 -1 -1 
-1 -1 -1 0 0 -1 -1 1 1 -1 -1 -1 -1 -1 -1 
-1 -1 -1 0 0 -1 -1 1 1 -1 -1 -1 -1 -1 -1 
-1 -1 -1 0 0 -1 -1 1 1 -1 -1 -1 -1 -1 -1 
-1 -1 -1 0 0 -1 -1 1 1 -1 -1 -1 -1 -1 -1 
-1 -1 -1 0 0 -1 -1 1 1 -1 -1 -1 -1 -1 -1 
-1 -1 -1 -1 0 -1 -1 1 -1 -1 -1 -1 -1 -1 -1 
-1 -1 -1 -1 0 -1 -1 1 -1 -1 -1 -1 -1 -1 -1 
-1 -1 -1 -1 0 -1 -1 1 -1 -1 -1 -1 -1 -1 -1 
-1 -1 -1 -1 0 -1 -1 1 -1 -1 -1 -1 -1 -1 -1 
-1 -1 -1 -1 0 -1 -1 1 -1 -1 -1 -1 -1 -1 -1 
-1 -1 -1 -1 -1 -1 -1 -1 -1 -1 -1 -1 -1 -1 -1 
-1 -1 -1 -1 -1 -1 -1 -1 -1 -1 -1 -1 -1 -1 -1 
END
15 0
8 3
13 7
-1 -1 -1 0 0 -1 -1 1 1 -1 -1 -1 -1 -1 -1 
-1 -1 -1 0 0 -1 -1 1 1 -1 -1 -1 -1 -1 -1 
-1 -1 -1 0 0 -1 -1 1 1 -1 -1 -1 -1 -1 -1 
-1 -1 -1 0 0 -1 -1 1 1 -1 -1 -1 -1 -1 -1 
-1 -1 -1 0 0 -1 -1 1 1 -1 -1 -1 -1 -1 -1 
-1 -1 -1 0 0 -1 -1 1 1 -1 -1 -1 -1 -1 -1 
-1 -1 -1 0 0 -1 -1 1 1 -1 -1 -1 -1 -1 -1 
-1 -1 -1 0 0 -1 -1 1 1 -1 -1 -1 -1 -1 -1 
-1 -1 -1 0 0 -1 -1 1 -1 -1 -1 -1 -1 -1 -1 
-1 -1 -1 -1 0 -1 -1 1 -1 -1 -1 -1 -1 -1 -1 
-1 -1 -1 -1 0 -1 -1 1 -1 -1 -1 -1 -1 -1 -1 
-1 -1 -1 -1 0 -1 -1 1 -1 -1 -1 -1 -1 -1 -1 
-1 -1 -1 -1 0 -1 -1 1 -1 -1 -1 -1 -1 -1 -1 
-1 -1 -1 -1 -1 -1 -1 1 -1 -1 -1 -1 -1 -1 -1 
-1 -1 -1 -1 -1 -1 -1 -1 -1 -1 -1 -1 -1 -1 -1 
END
15 0
9 3
14 7
-1 -1 -1 0 0 -1 -1 1 1 -1 -1 -1 -1 -1 -1 
-1 -1 -1 0 0 -1 -1 1 1 -1 -1 -1 -1 -1 -1 
-1 -1 -1 0 0 -1 -1 1 1 -1 -1 -1 -1 -1 -1 
-1 -1 -1 0 0 -1 -1 1 1 -1 -1 -1 -1 -1 -1 
-1 -1 -1 0 0 -1 -1 1 1 -1 -1 -1 -1 -1 -1 
-1 -1 -1 0 0 -1 -1 1 1 -1 -1 -1 -1 -1 -1 
-1 -1 -1 0 0 -1 -1 1 1 -1 -1 -1 -1 -1 -1 
-1 -1 -1 0 0 -1 -1 1 1 -1 -1 -1 -1 -1 -1 
-1 -1 -1 0 0 -1 -1 1 -1 -1 -1 -1 -1 -1 -1 
-1 -1 -1 0 0 -1 -1 1 -1 -1 -1 -1 -1 -1 -1 
-1 -1 -1 -1 0 -1 -1 1 -1 -1 -1 -1 -1 -1 -1 
-1 -1 -1 -1 0 -1 -1 1 -1 -1 -1 -1 -1 -1 -1 
-1 -1 -1 -1 0 -1 -1 1 -1 -1 -1 -1 -1 -1 -1 
-1 -1 -1 -1 -1 -1 -1 1 -1 -1 -1 -1 -1 -1 -1 
-1 -1 -1 -1 -1 -1 -1 1 -1 -1 -1 -1 -1 -1 -1 
END
15 0
10 3
14 6
-1 -1 -1 0 0 -1 -1 1 1 -1 -1 -1 -1 -1 -1 
-1 -1 -1 0 0 -1 -1 1 1 -1 -1 -1 -1 -1 -1 
-1 -1 -1 0 0 -1 -1 1 1 -1 -1 -1 -1 -1 -1 
-1 -1 -1 0 0 -1 -1 1 1 -1 -1 -1 -1 -1 -1 
-1 -1 -1 0 0 -1 -1 1 1 -1 -1 -1 -1 -1 -1 
-1 -1 -1 0 0 -1 -1 1 1 -1 -1 -1 -1 -1 -1 
-1 -1 -1 0 0 -1 -1 1 1 -1 -1 -1 -1 -1 -1 
-1 -1 -1 0 0 -1 -1 1 1 -1 -1 -1 -1 -1 -1 
-1 -1 -1 0 0 -1 -1 1 -1 -1 -1 -1 -1 -1 -1 
-1 -1 -1 0 0 -1 -1 1 -1 -1 -1 -1 -1 -1 -1 
-1 -1 -1 0 0 -1 -1 1 -1 -1 -1 -1 -1 -1 -1 
-1 -1 -1 -1 0 -1 -1 1 -1 -1 -1 -1 -1 -1 -1 
-1 -1 -1 -1 0 -1 -1 1 -1 -1 -1 -1 -1 -1 -1 
-1 -1 -1 -1 -1 -1 -1 1 -1 -1 -1 -1 -1 -1 -1 
-1 -1 -1 -1 -1 -1 1 1 -1 -1 -1 -1 -1 -1 -1 
END
15 0
11 3
13 6
-1 -1 -1 0 0 -1 -1 1 1 -1 -1 -1 -1 -1 -1 
-1 -1 -1 0 0 -1 -1 1 1 -1 -1 -1 -1 -1 -1 
-1 -1 -1 0 0 -1 -1 1 1 -1 -1 -1 -1 -1 -1 
-1 -1 -1 0 0 -1 -1 1 1 -1 -1 -1 -1 -1 -1 
-1 -1 -1 0 0 -1 -1 1 1 -1 -1 -1 -1 -1 -1 
-1 -1 -1 0 0 -1 -1 1 1 -1 -1 -1 -1 -1 -1 
-1 -1 -1 0 0 -1 -1 1 1 -1 -1 -1 -1 -1 -1 
-1 -1 -1 0 0 -1 -1 1 1 -1 -1 -1 -1 -1 -1 
-1 -1 -1 0 0 -1 -1 1 -1 -1 -1 -1 -1 -1 -1 
-1 -1 -1 0 0 -1 -1 1 -1 -1 -1 -1 -1 -1 -1 
-1 -1 -1 0 0 -1 -1 1 -1 -1 -1 -1 -1 -1 -1 
-1 -1 -1 0 0 -1 -1 1 -1 -1 -1 -1 -1 -1 -1 
-1 -1 -1 -1 0 -1 -1 1 -1 -1 -1 -1 -1 -1 -1 
-1 -1 -1 -1 -1 -1 1 1 -1 -1 -1 -1 -1 -1 -1 
-1 -1 -1 -1 -1 -1 1 1 -1 -1 -1 -1 -1 -1 -1 
END
15 0
12 3
12 6
-1 -1 -1 0 0 -1 -1 1 1 -1 -1 -1 -1 -1 -1 
-1 -1 -1 0 0 -1 -1 1 1 -1 -1 -1 -1 -1 -1 
-1 -1 -1 0 0 -1 -1 1 1 -1 -1 -1 -1 -1 -1 
-1 -1 -1 0 0 -1 -1 1 1 -1 -1 -1 -1 -1 -1 
-1 -1 -1 0 0 -1 -1 1 1 -1 -1 -1 -1 -1 -1 
-1 -1 -1 0 0 -1 -1 1 1 -1 -1 -1 -1 -1 -1 
-1 -1 -1 0 0 -1 -1 1 1 -1 -1 -1 -1 -1 -1 
-1 -1 -1 0 0 -1 -1 1 1 -1 -1 -1 -1 -1 -1 
-1 -1 -1 0 0 -1 -1 1 -1 -1 -1 -1 -1 -1 -1 
-1 -1 -1 0 0 -1 -1 1 -1 -1 -1 -1 -1 -1 -1 
-1 -1 -1 0 0 -1 -1 1 -1 -1 -1 -1 -1 -1 -1 
-1 -1 -1 0 0 -1 -1 1 -1 -1 -1 -1 -1 -1 -1 
-1 -1 -1 0 0 -1 1 1 -1 -1 -1 -1 -1 -1 -1 
-1 -1 -1 -1 -1 -1 1 1 -1 -1 -1 -1 -1 -1 -1 
-1 -1 -1 -1 -1 -1 1 1 -1 -1 -1 -1 -1 -1 -1 
END
15 0
13 3
11 6
-1 -1 -1 0 0 -1 -1 1 1 -1 -1 -1 -1 -1 -1 
-1 -1 -1 0 0 -1 -1 1 1 -1 -1 -1 -1 -1 -1 
-1 -1 -1 0 0 -1 -1 1 1 -1 -1 -1 -1 -1 -1 
-1 -1 -1 0 0 -1 -1 1 1 -1 -1 -1 -1 -1 -1 
-1 -1 -1 0 0 -1 -1 1 1 -1 -1 -1 -1 -1 -1 
-1 -1 -1 0 0 -1 -1 1 1 -1 -1 -1 -1 -1 -1 
-1 -1 -1 0 0 -1 -1 1 1 -1 -1 -1 -1 -1 -1 
-1 -1 -1 0 0 -1 -1 1 1 -1 -1 -1 -1 -1 -1 
-1 -1 -1 0 0 -1 -1 1 -1 -1 -1 -1 -1 -1 -1 
-1 -1 -1 0 0 -1 -1 1 -1 -1 -1 -1 -1 -1 -1 
-1 -1 -1 0 0 -1 -1 1 -1 -1 -1 -1 -1 -1 -1 
-1 -1 -1 0 0 -1 1 1 -1 -1 -1 -1 -1 -1 -1 
-1 -1 -1 0 0 -1 1 1 -1 -1 -1 -1 -1 -1 -1 
-1 -1 -1 0 -1 -1 1 1 -1 -1 -1 -1 -1 -1 -1 
-1 -1 -1 -1 -1 -1 1 1 -1 -1 -1 -1 -1 -1 -1 
END
15 0
14 3
10 6
-1 -1 -1 0 0 -1 -1 1 1 -1 -1 -1 -1 -1 -1 
-1 -1 -1 0 0 -1 -1 1 1 -1 -1 -1 -1 -1 -1 
-1 -1 -1 0 0 -1 -1 1 1 -1 -1 -1 -1 -1 -1 
-1 -1 -1 0 0 -1 -1 1 1 -1 -1 -1 -1 -1 -1 
-1 -1 -1 0 0 -1 -1 1 1 -1 -1 -1 -1 -1 -1 
-1 -1 -1 0 0 -1 -1 1 1 -1 -1 -1 -1 -1 -1 
-1 -1 -1 0 0 -1 -1 1 1 -1 -1 -1 -1 -1 -1 
-1 -1 -1 0 0 -1 -1 1 1 -1 -1 -1 -1 -1 -1 
-1 -1 -1 0 0 -1 -1 1 -1 -1 -1 -1 -1 -1 -1 
-1 -1 -1 0 0 -1 -1 1 -1 -1 -1 -1 -1 -1 -1 
-1 -1 -1 0 0 -1 1 1 -1 -1 -1 -1 -1 -1 -1 
-1 -1 -1 0 0 -1 1 1 -1 -1 -1 -1 -1 -1 -1 
-1 -1 -1 0 0 -1 1 1 -1 -1 -1 -1 -1 -1 -1 
-1 -1 -1 0 -1 -1 1 1 -1 -1 -1 -1 -1 -1 -1 
-1 -1 -1 0 -1 -1 1 1 -1 -1 -1 -1 -1 -1 -1 
END
15 0
14 2
9 6
-1 -1 -1 0 0 -1 -1 1 1 -1 -1 -1 -1 -1 -1 
-1 -1 -1 0 0 -1 -1 1 1 -1 -1 -1 -1 -1 -1 
-1 -1 -1 0 0 -1 -1 1 1 -1 -1 -1 -1 -1 -1 
-1 -1 -1 0 0 -1 -1 1 1 -1 -1 -1 -1 -1 -1 
-1 -1 -1 0 0 -1 -1 1 1 -1 -1 -1 -1 -1 -1 
-1 -1 -1 0 0 -1 -1 1 1 -1 -1 -1 -1 -1 -1 
-1 -1 -1 0 0 -1 -1 1 1 -1 -1 -1 -1 -1 -1 
-1 -1 -1 0 0 -1 -1 1 1 -1 -1 -1 -1 -1 -1 
-1 -1 -1 0 0 -1 -1 1 -1 -1 -1 -1 -1 -1 -1 
-1 -1 -1 0 0 -1 1 1 -1 -1 -1 -1 -1 -1 -1 
-1 -1 -1 0 0 -1 1 1 -1 -1 -1 -1 -1 -1 -1 
-1 -1 -1 0 0 -1 1 1 -1 -1 -1 -1 -1 -1 -1 
-1 -1 -1 0 0 -1 1 1 -1 -1 -1 -1 -1 -1 -1 
-1 -1 -1 0 -1 -1 1 1 -1 -1 -1 -1 -1 -1 -1 
-1 -1 0 0 -1 -1 1 1 -1 -1 -1 -1 -1 -1 -1 
END
15 0
13 2
8 6
-1 -1 -1 0 0 -1 -1 1 1 -1 -1 -1 -1 -1 -1 
-1 -1 -1 0 0 -1 -1 1 1 -1 -1 -1 -1 -1 -1 
-1 -1 -1 0 0 -1 -1 1 1 -1 -1 -1 -1 -1 -1 
-1 -1 -1 0 0 -1 -1 1 1 -1 -1 -1 -1 -1 -1 
-1 -1 -1 0 0 -1 -1 1 1 -1 -1 -1 -1 -1 -1 
-1 -1 -1 0 0 -1 -1 1 1 -1 -1 -1 -1 -1 -1 
-1 -1 -1 0 0 -1 -1 1 1 -1 -1 -1 -1 -1 -1 
-1 -1 -1 0 0 -1 -1 1 1 -1 -1 -1 -1 -1 -1 
-1 -1 -1 0 0 -1 1 1 -1 -1 -1 -1 -1 -1 -1 
-1 -1 -1 0 0 -1 1 1 -1 -1 -1 -1 -1 -1 -1 
-1 -1 -1 0 0 -1 1 1 -1 -1 -1 -1 -1 -1 -1 
-1 -1 -1 0 0 -1 1 1 -1 -1 -1 -1 -1 -1 -1 
-1 -1 -1 0 0 -1 1 1 -1 -1 -1 -1 -1 -1 -1 
-1 -1 0 0 -1 -1 1 1 -1 -1 -1 -1 -1 -1 -1 
-1 -1 0 0 -1 -1 1 1 -1 -1 -1 -1 -1 -1 -1 
END
15 0
12 2
7 6
-1 -1 -1 0 0 -1 -1 1 1 -1 -1 -1 -1 -1 -1 
-1 -1 -1 0 0 -1 -1 1 1 -1 -1 -1 -1 -1 -1 
-1 -1 -1 0 0 -1 -1 1 1 -1 -1 -1 -1 -1 -1 
-1 -1 -1 0 0 -1 -1 1 1 -1 -1 -1 -1 -1 -1 
-1 -1 -1 0 0 -1 -1 1 1 -1 -1 -1 -1 -1 -1 
-1 -1 -1 0 0 -1 -1 1 1 -1 -1 -1 -1 -1 -1 
-1 -1 -1 0 0 -1 -1 1 1 -1 -1 -1 -1 -1 -1 
-1 -1 -1 0 0 -1 1 1 1 -1 -1 -1 -1 -1 -1 
-1 -1 -1 0 0 -1 1 1 -1 -1 -1 -1 -1 -1 -1 
-1 -1 -1 0 0 -1 1 1 -1 -1 -1 -1 -1 -1 -1 
-1 -1 -1 0 0 -1 1 1 -1 -1 -1 -1 -1 -1 -1 
-1 -1 -1 0 0 -1 1 1 -1 -1 -1 -1 -1 -1 -1 
-1 -1 0 0 0 -1 1 1 -1 -1 -1 -1 -1 -1 -1 
-1 -1 0 0 -1 -1 1 1 -1 -1 -1 -1 -1 -1 -1 
-1 -1 0 0 -1 -1 1 1 -1 -1 -1 -1 -1 -1 -1 
END
15 0
11 2
6 6
-1 -1 -1 0 0 -1 -1 1 1 -1 -1 -1 -1 -1 -1 
-1 -1 -1 0 0 -1 -1 1 1 -1 -1 -1 -1 -1 -1 
-1 -1 -1 0 0 -1 -1 1 1 -1 -1 -1 -1 -1 -1 
-1 -1 -1 0 0 -1 -1 1 1 -1 -1 -1 -1 -1 -1 
-1 -1 -1 0 0 -1 -1 1 1 -1 -1 -1 -1 -1 -1 
-1 -1 -1 0 0 -1 -1 1 1 -1 -1 -1 -1 -1 -1 
-1 -1 -1 0 0 -1 1 1 1 -1 -1 -1 -1 -1 -1 
-1 -1 -1 0 0 -1 1 1 1 -1 -1 -1 -1 -1 -1 
-1 -1 -1 0 0 -1 1 1 -1 -1 -1 -1 -1 -1 -1 
-1 -1 -1 0 0 -1 1 1 -1 -1 -1 -1 -1 -1 -1 
-1 -1 -1 0 0 -1 1 1 -1 -1 -1 -1 -1 -1 -1 
-1 -1 0 0 0 -1 1 1 -1 -1 -1 -1 -1 -1 -1 
-1 -1 0 0 0 -1 1 1 -1 -1 -1 -1 -1 -1 -1 
-1 -1 0 0 -1 -1 1 1 -1 -1 -1 -1 -1 -1 -1 
-1 -1 0 0 -1 -1 1 1 -1 -1 -1 -1 -1 -1 -1 
END
15 0
10 2
5 6
-1 -1 -1 0 0 -1 -1 1 1 -1 -1 -1 -1 -1 -1 
-1 -1 -1 0 0 -1 -1 1 1 -1 -1 -1 -1 -1 -1 
-1 -1 -1 0 0 -1 -1 1 1 -1 -1 -1 -1 -1 -1 
-1 -1 -1 0 0 -1 -1 1 1 -1 -1 -1 -1 -1 -1 
-1 -1 -1 0 0 -1 -1 1 1 -1 -1 -1 -1 -1 -1 
-1 -1 -1 0 0 -1 1 1 1 -1 -1 -1 -1 -1 -1 
-1 -1 -1 0 0 -1 1 1 1 -1 -1 -1 -1 -1 -1 
-1 -1 -1 0 0 -1 1 1 1 -1 -1 -1 -1 -1 -1 
-1 -1 -1 0 0 -1 1 1 -1 -1 -1 -1 -1 -1 -1 
-1 -1 -1 0 0 -1 1 1 -1 -1 -1 -1 -1 -1 -1 
-1 -1 0 0 0 -1 1 1 -1 -1 -1 -1 -1 -1 -1 
-1 -1 0 0 0 -1 1 1 -1 -1 -1 -1 -1 -1 -1 
-1 -1 0 0 0 -1 1 1 -1 -1 -1 -1 -1 -1 -1 
-1 -1 0 0 -1 -1 1 1 -1 -1 -1 -1 -1 -1 -1 
-1 -1 0 0 -1 -1 1 1 -1 -1 -1 -1 -1 -1 -1 
END
15 0
9 2
4 6
-1 -1 -1 0 0 -1 -1 1 1 -1 -1 -1 -1 -1 -1 
-1 -1 -1 0 0 -1 -1 1 1 -1 -1 -1 -1 -1 -1 
-1 -1 -1 0 0 -1 -1 1 1 -1 -1 -1 -1 -1 -1 
-1 -1 -1 0 0 -1 -1 1 1 -1 -1 -1 -1 -1 -1 
-1 -1 -1 0 0 -1 1 1 1 -1 -1 -1 -1 -1 -1 
-1 -1 -1 0 0 -1 1 1 1 -1 -1 -1 -1 -1 -1 
-1 -1 -1 0 0 -1 1 1 1 -1 -1 -1 -1 -1 -1 
-1 -1 -1 0 0 -1 1 1 1 -1 -1 -1 -1 -1 -1 
-1 -1 -1 0 0 -1 1 1 -1 -1 -1 -1 -1 -1 -1 
-1 -1 0 0 0 -1 1 1 -1 -1 -1 -1 -1 -1 -1 
-1 -1 0 0 0 -1 1 1 -1 -1 -1 -1 -1 -1 -1 
-1 -1 0 0 0 -1 1 1 -1 -1 -1 -1 -1 -1 -1 
-1 -1 0 0 0 -1 1 1 -1 -1 -1 -1 -1 -1 -1 
-1 -1 0 0 -1 -1 1 1 -1 -1 -1 -1 -1 -1 -1 
-1 -1 0 0 -1 -1 1 1 -1 -1 -1 -1 -1 -1 -1 
END
15 0
8 2
3 6
-1 -1 -1 0 0 -1 -1 1 1 -1 -1 -1 -1 -1 -1 
-1 -1 -1 0 0 -1 -1 1 1 -1 -1 -1 -1 -1 -1 
-1 -1 -1 0 0 -1 -1 1 1 -1 -1 -1 -1 -1 -1 
-1 -1 -1 0 0 -1 1 1 1 -1 -1 -1 -1 -1 -1 
-1 -1 -1 0 0 -1 1 1 1 -1 -1 -1 -1 -1 -1 
-1 -1 -1 0 0 -1 1 1 1 -1 -1 -1 -1 -1 -1 
-1 -1 -1 0 0 -1 1 1 1 -1 -1 -1 -1 -1 -1 
-1 -1 -1 0 0 -1 1 1 1 -1 -1 -1 -1 -1 -1 
-1 -1 0 0 0 -1 1 1 -1 -1 -1 -1 -1 -1 -1 
-1 -1 0 0 0 -1 1 1 -1 -1 -1 -1 -1 -1 -1 
-1 -1 0 0 0 -1 1 1 -1 -1 -1 -1 -1 -1 -1 
-1 -1 0 0 0 -1 1 1 -1 -1 -1 -1 -1 -1 -1 
-1 -1 0 0 0 -1 1 1 -1 -1 -1 -1 -1 -1 -1 
-1 -1 0 0 -1 -1 1 1 -1 -1 -1 -1 -1 -1 -1 
-1 -1 0 0 -1 -1 1 1 -1 -1 -1 -1 -1 -1 -1 
END
15 0
7 2
2 6
-1 -1 -1 0 0 -1 -1 1 1 -1 -1 -1 -1 -1 -1 
-1 -1 -1 0 0 -1 -1 1 1 -1 -1 -1 -1 -1 -1 
-1 -1 -1 0 0 -1 1 1 1 -1 -1 -1 -1 -1 -1 
-1 -1 -1 0 0 -1 1 1 1 -1 -1 -1 -1 -1 -1 
-1 -1 -1 0 0 -1 1 1 1 -1 -1 -1 -1 -1 -1 
-1 -1 -1 0 0 -1 1 1 1 -1 -1 -1 -1 -1 -1 
-1 -1 -1 0 0 -1 1 1 1 -1 -1 -1 -1 -1 -1 
-1 -1 0 0 0 -1 1 1 1 -1 -1 -1 -1 -1 -1 
-1 -1 0 0 0 -1 1 1 -1 -1 -1 -1 -1 -1 -1 
-1 -1 0 0 0 -1 1 1 -1 -1 -1 -1 -1 -1 -1 
-1 -1 0 0 0 -1 1 1 -1 -1 -1 -1 -1 -1 -1 
-1 -1 0 0 0 -1 1 1 -1 -1 -1 -1 -1 -1 -1 
-1 -1 0 0 0 -1 1 1 -1 -1 -1 -1 -1 -1 -1 
-1 -1 0 0 -1 -1 1 1 -1 -1 -1 -1 -1 -1 -1 
-1 -1 0 0 -1 -1 1 1 -1 -1 -1 -1 -1 -1 -1 
END
15 0
6 2
1 6
-1 -1 -1 0 0 -1 -1 1 1 -1 -1 -1 -1 -1 -1 
-1 -1 -1 0 0 -1 1 1 1 -1 -1 -1 -1 -1 -1 
-1 -1 -1 0 0 -1 1 1 1 -1 -1 -1 -1 -1 -1 
-1 -1 -1 0 0 -1 1 1 1 -1 -1 -1 -1 -1 -1 
-1 -1 -1 0 0 -1 1 1 1 -1 -1 -1 -1 -1 -1 
-1 -1 -1 0 0 -1 1 1 1 -1 -1 -1 -1 -1 -1 
-1 -1 0 0 0 -1 1 1 1 -1 -1 -1 -1 -1 -1 
-1 -1 0 0 0 -1 1 1 1 -1 -1 -1 -1 -1 -1 
-1 -1 0 0 0 -1 1 1 -1 -1 -1 -1 -1 -1 -1 
-1 -1 0 0 0 -1 1 1 -1 -1 -1 -1 -1 -1 -1 
-1 -1 0 0 0 -1 1 1 -1 -1 -1 -1 -1 -1 -1 
-1 -1 0 0 0 -1 1 1 -1 -1 -1 -1 -1 -1 -1 
-1 -1 0 0 0 -1 1 1 -1 -1 -1 -1 -1 -1 -1 
-1 -1 0 0 -1 -1 1 1 -1 -1 -1 -1 -1 -1 -1 
-1 -1 0 0 -1 -1 1 1 -1 -1 -1 -1 -1 -1 -1 
END
15 0
5 2
0 6
-1 -1 -1 0 0 -1 1 1 1 -1 -1 -1 -1 -1 -1 
-1 -1 -1 0 0 -1 1 1 1 -1 -1 -1 -1 -1 -1 
-1 -1 -1 0 0 -1 1 1 1 -1 -1 -1 -1 -1 -1 
-1 -1 -1 0 0 -1 1 1 1 -1 -1 -1 -1 -1 -1 
-1 -1 -1 0 0 -1 1 1 1 -1 -1 -1 -1 -1 -1 
-1 -1 0 0 0 -1 1 1 1 -1 -1 -1 -1 -1 -1 
-1 -1 0 0 0 -1 1 1 1 -1 -1 -1 -1 -1 -1 
-1 -1 0 0 0 -1 1 1 1 -1 -1 -1 -1 -1 -1 
-1 -1 0 0 0 -1 1 1 -1 -1 -1 -1 -1 -1 -1 
-1 -1 0 0 0 -1 1 1 -1 -1 -1 -1 -1 -1 -1 
-1 -1 0 0 0 -1 1 1 -1 -1 -1 -1 -1 -1 -1 
-1 -1 0 0 0 -1 1 1 -1 -1 -1 -1 -1 -1 -1 
-1 -1 0 0 0 -1 1 1 -1 -1 -1 -1 -1 -1 -1 
-1 -1 0 0 -1 -1 1 1 -1 -1 -1 -1 -1 -1 -1 
-1 -1 0 0 -1 -1 1 1 -1 -1 -1 -1 -1 -1 -1 
END
15 0
4 2
0 5
-1 -1 -1 0 0 1 1 1 1 -1 -1 -1 -1 -1 -1 
-1 -1 -1 0 0 -1 1 1 1 -1 -1 -1 -1 -1 -1 
-1 -1 -1 0 0 -1 1 1 1 -1 -1 -1 -1 -1 -1 
-1 -1 -1 0 0 -1 1 1 1 -1 -1 -1 -1 -1 -1 
-1 -1 0 0 0 -1 1 1 1 -1 -1 -1 -1 -1 -1 
-1 -1 0 0 0 -1 1 1 1 -1 -1 -1 -1 -1 -1 
-1 -1 0 0 0 -1 1 1 1 -1 -1 -1 -1 -1 -1 
-1 -1 0 0 0 -1 1 1 1 -1 -1 -1 -1 -1 -1 
-1 -1 0 0 0 -1 1 1 -1 -1 -1 -1 -1 -1 -1 
-1 -1 0 0 0 -1 1 1 -1 -1 -1 -1 -1 -1 -1 
-1 -1 0 0 0 -1 1 1 -1 -1 -1 -1 -1 -1 -1 
-1 -1 0 0 0 -1 1 1 -1 -1 -1 -1 -1 -1 -1 
-1 -1 0 0 0 -1 1 1 -1 -1 -1 -1 -1 -1 -1 
-1 -1 0 0 -1 -1 1 1 -1 -1 -1 -1 -1 -1 -1 
-1 -1 0 0 -1 -1 1 1 -1 -1 -1 -1 -1 -1 -1 
END
15 0
3 2
1 5
-1 -1 -1 0 0 1 1 1 1 -1 -1 -1 -1 -1 -1 
-1 -1 -1 0 0 1 1 1 1 -1 -1 -1 -1 -1 -1 
-1 -1 -1 0 0 -1 1 1 1 -1 -1 -1 -1 -1 -1 
-1 -1 0 0 0 -1 1 1 1 -1 -1 -1 -1 -1 -1 
-1 -1 0 0 0 -1 1 1 1 -1 -1 -1 -1 -1 -1 
-1 -1 0 0 0 -1 1 1 1 -1 -1 -1 -1 -1 -1 
-1 -1 0 0 0 -1 1 1 1 -1 -1 -1 -1 -1 -1 
-1 -1 0 0 0 -1 1 1 1 -1 -1 -1 -1 -1 -1 
-1 -1 0 0 0 -1 1 1 -1 -1 -1 -1 -1 -1 -1 
-1 -1 0 0 0 -1 1 1 -1 -1 -1 -1 -1 -1 -1 
-1 -1 0 0 0 -1 1 1 -1 -1 -1 -1 -1 -1 -1 
-1 -1 0 0 0 -1 1 1 -1 -1 -1 -1 -1 -1 -1 
-1 -1 0 0 0 -1 1 1 -1 -1 -1 -1 -1 -1 -1 
-1 -1 0 0 -1 -1 1 1 -1 -1 -1 -1 -1 -1 -1 
-1 -1 0 0 -1 -1 1 1 -1 -1 -1 -1 -1 -1 -1 
END
15 0
2 2
2 5
-1 -1 -1 0 0 1 1 1 1 -1 -1 -1 -1 -1 -1 
-1 -1 -1 0 0 1 1 1 1 -1 -1 -1 -1 -1 -1 
-1 -1 0 0 0 1 1 1 1 -1 -1 -1 -1 -1 -1 
-1 -1 0 0 0 -1 1 1 1 -1 -1 -1 -1 -1 -1 
-1 -1 0 0 0 -1 1 1 1 -1 -1 -1 -1 -1 -1 
-1 -1 0 0 0 -1 1 1 1 -1 -1 -1 -1 -1 -1 
-1 -1 0 0 0 -1 1 1 1 -1 -1 -1 -1 -1 -1 
-1 -1 0 0 0 -1 1 1 1 -1 -1 -1 -1 -1 -1 
-1 -1 0 0 0 -1 1 1 -1 -1 -1 -1 -1 -1 -1 
-1 -1 0 0 0 -1 1 1 -1 -1 -1 -1 -1 -1 -1 
-1 -1 0 0 0 -1 1 1 -1 -1 -1 -1 -1 -1 -1 
-1 -1 0 0 0 -1 1 1 -1 -1 -1 -1 -1 -1 -1 
-1 -1 0 0 0 -1 1 1 -1 -1 -1 -1 -1 -1 -1 
-1 -1 0 0 -1 -1 1 1 -1 -1 -1 -1 -1 -1 -1 
-1 -1 0 0 -1 -1 1 1 -1 -1 -1 -1 -1 -1 -1 
END
15 0
1 2
3 5
-1 -1 -1 0 0 1 1 1 1 -1 -1 -1 -1 -1 -1 
-1 -1 0 0 0 1 1 1 1 -1 -1 -1 -1 -1 -1 
-1 -1 0 0 0 1 1 1 1 -1 -1 -1 -1 -1 -1 
-1 -1 0 0 0 1 1 1 1 -1 -1 -1 -1 -1 -1 
-1 -1 0 0 0 -1 1 1 1 -1 -1 -1 -1 -1 -1 
-1 -1 0 0 0 -1 1 1 1 -1 -1 -1 -1 -1 -1 
-1 -1 0 0 0 -1 1 1 1 -1 -1 -1 -1 -1 -1 
-1 -1 0 0 0 -1 1 1 1 -1 -1 -1 -1 -1 -1 
-1 -1 0 0 0 -1 1 1 -1 -1 -1 -1 -1 -1 -1 
-1 -1 0 0 0 -1 1 1 -1 -1 -1 -1 -1 -1 -1 
-1 -1 0 0 0 -1 1 1 -1 -1 -1 -1 -1 -1 -1 
-1 -1 0 0 0 -1 1 1 -1 -1 -1 -1 -1 -1 -1 
-1 -1 0 0 0 -1 1 1 -1 -1 -1 -1 -1 -1 -1 
-1 -1 0 0 -1 -1 1 1 -1 -1 -1 -1 -1 -1 -1 
-1 -1 0 0 -1 -1 1 1 -1 -1 -1 -1 -1 -1 -1 
END
15 0
0 2
4 5
-1 -1 0 0 0 1 1 1 1 -1 -1 -1 -1 -1 -1 
-1 -1 0 0 0 1 1 1 1 -1 -1 -1 -1 -1 -1 
-1 -1 0 0 0 1 1 1 1 -1 -1 -1 -1 -1 -1 
-1 -1 0 0 0 1 1 1 1 -1 -1 -1 -1 -1 -1 
-1 -1 0 0 0 1 1 1 1 -1 -1 -1 -1 -1 -1 
-1 -1 0 0 0 -1 1 1 1 -1 -1 -1 -1 -1 -1 
-1 -1 0 0 0 -1 1 1 1 -1 -1 -1 -1 -1 -1 
-1 -1 0 0 0 -1 1 1 1 -1 -1 -1 -1 -1 -1 
-1 -1 0 0 0 -1 1 1 -1 -1 -1 -1 -1 -1 -1 
-1 -1 0 0 0 -1 1 1 -1 -1 -1 -1 -1 -1 -1 
-1 -1 0 0 0 -1 1 1 -1 -1 -1 -1 -1 -1 -1 
-1 -1 0 0 0 -1 1 1 -1 -1 -1 -1 -1 -1 -1 
-1 -1 0 0 0 -1 1 1 -1 -1 -1 -1 -1 -1 -1 
-1 -1 0 0 -1 -1 1 1 -1 -1 -1 -1 -1 -1 -1 
-1 -1 0 0 -1 -1 1 1 -1 -1 -1 -1 -1 -1 -1 
END
15 0
0 1
5 5
-1 0 0 0 0 1 1 1 1 -1 -1 -1 -1 -1 -1 
-1 -1 0 0 0 1 1 1 1 -1 -1 -1 -1 -1 -1 
-1 -1 0 0 0 1 1 1 1 -1 -1 -1 -1 -1 -1 
-1 -1 0 0 0 1 1 1 1 -1 -1 -1 -1 -1 -1 
-1 -1 0 0 0 1 1 1 1 -1 -1 -1 -1 -1 -1 
-1 -1 0 0 0 1 1 1 1 -1 -1 -1 -1 -1 -1 
-1 -1 0 0 0 -1 1 1 1 -1 -1 -1 -1 -1 -1 
-1 -1 0 0 0 -1 1 1 1 -1 -1 -1 -1 -1 -1 
-1 -1 0 0 0 -1 1 1 -1 -1 -1 -1 -1 -1 -1 
-1 -1 0 0 0 -1 1 1 -1 -1 -1 -1 -1 -1 -1 
-1 -1 0 0 0 -1 1 1 -1 -1 -1 -1 -1 -1 -1 
-1 -1 0 0 0 -1 1 1 -1 -1 -1 -1 -1 -1 -1 
-1 -1 0 0 0 -1 1 1 -1 -1 -1 -1 -1 -1 -1 
-1 -1 0 0 -1 -1 1 1 -1 -1 -1 -1 -1 -1 -1 
-1 -1 0 0 -1 -1 1 1 -1 -1 -1 -1 -1 -1 -1 
END
15 0
1 1
6 5
-1 0 0 0 0 1 1 1 1 -1 -1 -1 -1 -1 -1 
-1 0 0 0 0 1 1 1 1 -1 -1 -1 -1 -1 -1 
-1 -1 0 0 0 1 1 1 1 -1 -1 -1 -1 -1 -1 
-1 -1 0 0 0 1 1 1 1 -1 -1 -1 -1 -1 -1 
-1 -1 0 0 0 1 1 1 1 -1 -1 -1 -1 -1 -1 
-1 -1 0 0 0 1 1 1 1 -1 -1 -1 -1 -1 -1 
-1 -1 0 0 0 1 1 1 1 -1 -1 -1 -1 -1 -1 
-1 -1 0 0 0 -1 1 1 1 -1 -1 -1 -1 -1 -1 
-1 -1 0 0 0 -1 1 1 -1 -1 -1 -1 -1 -1 -1 
-1 -1 0 0 0 -1 1 1 -1 -1 -1 -1 -1 -1 -1 
-1 -1 0 0 0 -1 1 1 -1 -1 -1 -1 -1 -1 -1 
-1 -1 0 0 0 -1 1 1 -1 -1 -1 -1 -1 -1 -1 
-1 -1 0 0 0 -1 1 1 -1 -1 -1 -1 -1 -1 -1 
-1 -1 0 0 -1 -1 1 1 -1 -1 -1 -1 -1 -1 -1 
-1 -1 0 0 -1 -1 1 1 -1 -1 -1 -1 -1 -1 -1 
END
15 0
2 1
7 5
-1 0 0 0 0 1 1 1 1 -1 -1 -1 -1 -1 -1 
-1 0 0 0 0 1 1 1 1 -1 -1 -1 -1 -1 -1 
-1 0 0 0 0 1 1 1 1 -1 -1 -1 -1 -1 -1 
-1 -1 0 0 0 1 1 1 1 -1 -1 -1 -1 -1 -1 
-1 -1 0 0 0 1 1 1 1 -1 -1 -1 -1 -1 -1 
-1 -1 0 0 0 1 1 1 1 -1 -1 -1 -1 -1 -1 
-1 -1 0 0 0 1 1 1 1 -1 -1 -1 -1 -1 -1 
-1 -1 0 0 0 1 1 1 1 -1 -1 -1 -1 -1 -1 
-1 -1 0 0 0 -1 1 1 -1 -1 -1 -1 -1 -1 -1 
-1 -1 0 0 0 -1 1 1 -1 -1 -1 -1 -1 -1 -1 
-1 -1 0 0 0 -1 1 1 -1 -1 -1 -1 -1 -1 -1 
-1 -1 0 0 0 -1 1 1 -1 -1 -1 -1 -1 -1 -1 
-1 -1 0 0 0 -1 1 1 -1 -1 -1 -1 -1 -1 -1 
-1 -1 0 0 -1 -1 1 1 -1 -1 -1 -1 -1 -1 -1 
-1 -1 0 0 -1 -1 1 1 -1 -1 -1 -1 -1 -1 -1 
END
15 0
3 1
8 5
-1 0 0 0 0 1 1 1 1 -1 -1 -1 -1 -1 -1 
-1 0 0 0 0 1 1 1 1 -1 -1 -1 -1 -1 -1 
-1 0 0 0 0 1 1 1 1 -1 -1 -1 -1 -1 -1 
-1 0 0 0 0 1 1 1 1 -1 -1 -1 -1 -1 -1 
-1 -1 0 0 0 1 1 1 1 -1 -1 -1 -1 -1 -1 
-1 -1 0 0 0 1 1 1 1 -1 -1 -1 -1 -1 -1 
-1 -1 0 0 0 1 1 1 1 -1 -1 -1 -1 -1 -1 
-1 -1 0 0 0 1 1 1 1 -1 -1 -1 -1 -1 -1 
-1 -1 0 0 0 1 1 1 -1 -1 -1 -1 -1 -1 -1 
-1 -1 0 0 0 -1 1 1 -1 -1 -1 -1 -1 -1 -1 
-1 -1 0 0 0 -1 1 1 -1 -1 -1 -1 -1 -1 -1 
-1 -1 0 0 0 -1 1 1 -1 -1 -1 -1 -1 -1 -1 
-1 -1 0 0 0 -1 1 1 -1 -1 -1 -1 -1 -1 -1 
-1 -1 0 0 -1 -1 1 1 -1 -1 -1 -1 -1 -1 -1 
-1 -1 0 0 -1 -1 1 1 -1 -1 -1 -1 -1 -1 -1 
END
15 0
4 1
9 5
-1 0 0 0 0 1 1 1 1 -1 -1 -1 -1 -1 -1 
-1 0 0 0 0 1 1 1 1 -1 -1 -1 -1 -1 -1 
-1 0 0 0 0 1 1 1 1 -1 -1 -1 -1 -1 -1 
-1 0 0 0 0 1 1 1 1 -1 -1 -1 -1 -1 -1 
-1 0 0 0 0 1 1 1 1 -1 -1 -1 -1 -1 -1 
-1 -1 0 0 0 1 1 1 1 -1 -1 -1 -1 -1 -1 
-1 -1 0 0 0 1 1 1 1 -1 -1 -1 -1 -1 -1 
-1 -1 0 0 0 1 1 1 1 -1 -1 -1 -1 -1 -1 
-1 -1 0 0 0 1 1 1 -1 -1 -1 -1 -1 -1 -1 
-1 -1 0 0 0 1 1 1 -1 -1 -1 -1 -1 -1 -1 
-1 -1 0 0 0 -1 1 1 -1 -1 -1 -1 -1 -1 -1 
-1 -1 0 0 0 -1 1 1 -1 -1 -1 -1 -1 -1 -1 
-1 -1 0 0 0 -1 1 1 -1 -1 -1 -1 -1 -1 -1 
-1 -1 0 0 -1 -1 1 1 -1 -1 -1 -1 -1 -1 -1 
-1 -1 0 0 -1 -1 1 1 -1 -1 -1 -1 -1 -1 -1 
END
15 0
5 1
10 5
-1 0 0 0 0 1 1 1 1 -1 -1 -1 -1 -1 -1 
-1 0 0 0 0 1 1 1 1 -1 -1 -1 -1 -1 -1 
-1 0 0 0 0 1 1 1 1 -1 -1 -1 -1 -1 -1 
-1 0 0 0 0 1 1 1 1 -1 -1 -1 -1 -1 -1 
-1 0 0 0 0 1 1 1 1 -1 -1 -1 -1 -1 -1 
-1 0 0 0 0 1 1 1 1 -1 -1 -1 -1 -1 -1 
-1 -1 0 0 0 1 1 1 1 -1 -1 -1 -1 -1 -1 
-1 -1 0 0 0 1 1 1 1 -1 -1 -1 -1 -1 -1 
-1 -1 0 0 0 1 1 1 -1 -1 -1 -1 -1 -1 -1 
-1 -1 0 0 0 1 1 1 -1 -1 -1 -1 -1 -1 -1 
-1 -1 0 0 0 1 1 1 -1 -1 -1 -1 -1 -1 -1 
-1 -1 0 0 0 -1 1 1 -1 -1 -1 -1 -1 -1 -1 
-1 -1 0 0 0 -1 1 1 -1 -1 -1 -1 -1 -1 -1 
-1 -1 0 0 -1 -1 1 1 -1 -1 -1 -1 -1 -1 -1 
-1 -1 0 0 -1 -1 1 1 -1 -1 -1 -1 -1 -1 -1 
END
15 0
6 1
11 5
-1 0 0 0 0 1 1 1 1 -1 -1 -1 -1 -1 -1 
-1 0 0 0 0 1 1 1 1 -1 -1 -1 -1 -1 -1 
-1 0 0 0 0 1 1 1 1 -1 -1 -1 -1 -1 -1 
-1 0 0 0 0 1 1 1 1 -1 -1 -1 -1 -1 -1 
-1 0 0 0 0 1 1 1 1 -1 -1 -1 -1 -1 -1 
-1 0 0 0 0 1 1 1 1 -1 -1 -1 -1 -1 -1 
-1 0 0 0 0 1 1 1 1 -1 -1 -1 -1 -1 -1 
-1 -1 0 0 0 1 1 1 1 -1 -1 -1 -1 -1 -1 
-1 -1 0 0 0 1 1 1 -1 -1 -1 -1 -1 -1 -1 
-1 -1 0 0 0 1 1 1 -1 -1 -1 -1 -1 -1 -1 
-1 -1 0 0 0 1 1 1 -1 -1 -1 -1 -1 -1 -1 
-1 -1 0 0 0 1 1 1 -1 -1 -1 -1 -1 -1 -1 
-1 -1 0 0 0 -1 1 1 -1 -1 -1 -1 -1 -1 -1 
-1 -1 0 0 -1 -1 1 1 -1 -1 -1 -1 -1 -1 -1 
-1 -1 0 0 -1 -1 1 1 -1 -1 -1 -1 -1 -1 -1 
END
15 0
7 1
12 5
-1 0 0 0 0 1 1 1 1 -1 -1 -1 -1 -1 -1 
-1 0 0 0 0 1 1 1 1 -1 -1 -1 -1 -1 -1 
-1 0 0 0 0 1 1 1 1 -1 -1 -1 -1 -1 -1 
-1 0 0 0 0 1 1 1 1 -1 -1 -1 -1 -1 -1 
-1 0 0 0 0 1 1 1 1 -1 -1 -1 -1 -1 -1 
-1 0 0 0 0 1 1 1 1 -1 -1 -1 -1 -1 -1 
-1 0 0 0 0 1 1 1 1 -1 -1 -1 -1 -1 -1 
-1 0 0 0 0 1 1 1 1 -1 -1 -1 -1 -1 -1 
-1 -1 0 0 0 1 1 1 -1 -1 -1 -1 -1 -1 -1 
-1 -1 0 0 0 1 1 1 -1 -1 -1 -1 -1 -1 -1 
-1 -1 0 0 0 1 1 1 -1 -1 -1 -1 -1 -1 -1 
-1 -1 0 0 0 1 1 1 -1 -1 -1 -1 -1 -1 -1 
-1 -1 0 0 0 1 1 1 -1 -1 -1 -1 -1 -1 -1 
-1 -1 0 0 -1 -1 1 1 -1 -1 -1 -1 -1 -1 -1 
-1 -1 0 0 -1 -1 1 1 -1 -1 -1 -1 -1 -1 -1 
END
15 0
8 1
13 5
-1 0 0 0 0 1 1 1 1 -1 -1 -1 -1 -1 -1 
-1 0 0 0 0 1 1 1 1 -1 -1 -1 -1 -1 -1 
-1 0 0 0 0 1 1 1 1 -1 -1 -1 -1 -1 -1 
-1 0 0 0 0 1 1 1 1 -1 -1 -1 -1 -1 -1 
-1 0 0 0 0 1 1 1 1 -1 -1 -1 -1 -1 -1 
-1 0 0 0 0 1 1 1 1 -1 -1 -1 -1 -1 -1 
-1 0 0 0 0 1 1 1 1 -1 -1 -1 -1 -1 -1 
-1 0 0 0 0 1 1 1 1 -1 -1 -1 -1 -1 -1 
-1 0 0 0 0 1 1 1 -1 -1 -1 -1 -1 -1 -1 
-1 -1 0 0 0 1 1 1 -1 -1 -1 -1 -1 -1 -1 
-1 -1 0 0 0 1 1 1 -1 -1 -1 -1 -1 -1 -1 
-1 -1 0 0 0 1 1 1 -1 -1 -1 -1 -1 -1 -1 
-1 -1 0 0 0 1 1 1 -1 -1 -1 -1 -1 -1 -1 
-1 -1 0 0 -1 1 1 1 -1 -1 -1 -1 -1 -1 -1 
-1 -1 0 0 -1 -1 1 1 -1 -1 -1 -1 -1 -1 -1 
END
15 0
9 1
14 5
-1 0 0 0 0 1 1 1 1 -1 -1 -1 -1 -1 -1 
-1 0 0 0 0 1 1 1 1 -1 -1 -1 -1 -1 -1 
-1 0 0 0 0 1 1 1 1 -1 -1 -1 -1 -1 -1 
-1 0 0 0 0 1 1 1 1 -1 -1 -1 -1 -1 -1 
-1 0 0 0 0 1 1 1 1 -1 -1 -1 -1 -1 -1 
-1 0 0 0 0 1 1 1 1 -1 -1 -1 -1 -1 -1 
-1 0 0 0 0 1 1 1 1 -1 -1 -1 -1 -1 -1 
-1 0 0 0 0 1 1 1 1 -1 -1 -1 -1 -1 -1 
-1 0 0 0 0 1 1 1 -1 -1 -1 -1 -1 -1 -1 
-1 0 0 0 0 1 1 1 -1 -1 -1 -1 -1 -1 -1 
-1 -1 0 0 0 1 1 1 -1 -1 -1 -1 -1 -1 -1 
-1 -1 0 0 0 1 1 1 -1 -1 -1 -1 -1 -1 -1 
-1 -1 0 0 0 1 1 1 -1 -1 -1 -1 -1 -1 -1 
-1 -1 0 0 -1 1 1 1 -1 -1 -1 -1 -1 -1 -1 
-1 -1 0 0 -1 1 1 1 -1 -1 -1 -1 -1 -1 -1 
END
15 0
10 1
14 4
-1 0 0 0 0 1 1 1 1 -1 -1 -1 -1 -1 -1 
-1 0 0 0 0 1 1 1 1 -1 -1 -1 -1 -1 -1 
-1 0 0 0 0 1 1 1 1 -1 -1 -1 -1 -1 -1 
-1 0 0 0 0 1 1 1 1 -1 -1 -1 -1 -1 -1 
-1 0 0 0 0 1 1 1 1 -1 -1 -1 -1 -1 -1 
-1 0 0 0 0 1 1 1 1 -1 -1 -1 -1 -1 -1 
-1 0 0 0 0 1 1 1 1 -1 -1 -1 -1 -1 -1 
-1 0 0 0 0 1 1 1 1 -1 -1 -1 -1 -1 -1 
-1 0 0 0 0 1 1 1 -1 -1 -1 -1 -1 -1 -1 
-1 0 0 0 0 1 1 1 -1 -1 -1 -1 -1 -1 -1 
-1 0 0 0 0 1 1 1 -1 -1 -1 -1 -1 -1 -1 
-1 -1 0 0 0 1 1 1 -1 -1 -1 -1 -1 -1 -1 
-1 -1 0 0 0 1 1 1 -1 -1 -1 -1 -1 -1 -1 
-1 -1 0 0 -1 1 1 1 -1 -1 -1 -1 -1 -1 -1 
-1 -1 0 0 1 1 1 1 -1 -1 -1 -1 -1 -1 -1 
END
15 0
11 1
13 4
-1 0 0 0 0 1 1 1 1 -1 -1 -1 -1 -1 -1 
-1 0 0 0 0 1 1 1 1 -1 -1 -1 -1 -1 -1 
-1 0 0 0 0 1 1 1 1 -1 -1 -1 -1 -1 -1 
-1 0 0 0 0 1 1 1 1 -1 -1 -1 -1 -1 -1 
-1 0 0 0 0 1 1 1 1 -1 -1 -1 -1 -1 -1 
-1 0 0 0 0 1 1 1 1 -1 -1 -1 -1 -1 -1 
-1 0 0 0 0 1 1 1 1 -1 -1 -1 -1 -1 -1 
-1 0 0 0 0 1 1 1 1 -1 -1 -1 -1 -1 -1 
-1 0 0 0 0 1 1 1 -1 -1 -1 -1 -1 -1 -1 
-1 0 0 0 0 1 1 1 -1 -1 -1 -1 -1 -1 -1 
-1 0 0 0 0 1 1 1 -1 -1 -1 -1 -1 -1 -1 
-1 0 0 0 0 1 1 1 -1 -1 -1 -1 -1 -1 -1 
-1 -1 0 0 0 1 1 1 -1 -1 -1 -1 -1 -1 -1 
-1 -1 0 0 1 1 1 1 -1 -1 -1 -1 -1 -1 -1 
-1 -1 0 0 1 1 1 1 -1 -1 -1 -1 -1 -1 -1 
END
