15 0
9 8
9 5
-1 -1 -1 -1 -1 -1 -1 -1 -1 -1 -1 -1 -1 -1 -1 
-1 -1 -1 -1 -1 -1 -1 -1 -1 -1 -1 -1 -1 -1 -1 
-1 -1 -1 -1 -1 -1 -1 -1 -1 -1 -1 -1 -1 -1 -1 
-1 -1 -1 -1 -1 -1 -1 -1 -1 -1 -1 -1 -1 -1 -1 
-1 -1 -1 -1 -1 -1 -1 -1 -1 -1 -1 -1 -1 -1 -1 
-1 -1 -1 -1 -1 -1 -1 -1 -1 -1 -1 -1 -1 -1 -1 
-1 -1 -1 -1 -1 -1 -1 -1 -1 -1 -1 -1 -1 -1 -1 
-1 -1 -1 -1 -1 -1 -1 -1 -1 -1 -1 -1 -1 -1 -1 
-1 -1 -1 -1 -1 -1 -1 -1 -1 -1 -1 -1 -1 -1 -1 
-1 -1 -1 -1 -1 1 -1 -1 0 -1 -1 -1 -1 -1 -1 
-1 -1 -1 -1 -1 -1 -1 -1 -1 -1 -1 -1 -1 -1 -1 
-1 -1 -1 -1 -1 -1 -1 -1 -1 -1 -1 -1 -1 -1 -1 
-1 -1 -1 -1 -1 -1 -1 -1 -1 -1 -1 -1 -1 -1 -1 
-1 -1 -1 -1 -1 -1 -1 -1 -1 -1 -1 -1 -1 -1 -1 
-1 -1 -1 -1 -1 -1 -1 -1 -1 -1 -1 -1 -1 -1 -1 
END
15 0
8 8
8 5
-1 -1 -1 -1 -1 -1 -1 -1 -1 -1 -1 -1 -1 -1 -1 
-1 -1 -1 -1 -1 -1 -1 -1 -1 -1 -1 -1 -1 -1 -1 
-1 -1 -1 -1 -1 -1 -1 -1 -1 -1 -1 -1 -1 -1 -1 
-1 -1 -1 -1 -1 -1 -1 -1 -1 -1 -1 -1 -1 -1 -1 
-1 -1 -1 -1 -1 -1 -1 -1 -1 -1 -1 -1 -1 -1 -1 
-1 -1 -1 -1 -1 -1 -1 -1 -1 -1 -1 -1 -1 -1 -1 
-1 -1 -1 -1 -1 -1 -1 -1 -1 -1 -1 -1 -1 -1 -1 
-1 -1 -1 -1 -1 -1 -1 -1 -1 -1 -1 -1 -1 -1 -1 
-1 -1 -1 -1 -1 1 -1 -1 0 -1 -1 -1 -1 -1 -1 
-1 -1 -1 -1 -1 1 -1 -1 0 -1 -1 -1 -1 -1 -1 
-1 -1 -1 -1 -1 -1 -1 -1 -1 -1 -1 -1 -1 -1 -1 
-1 -1 -1 -1 -1 -1 -1 -1 -1 -1 -1 -1 -1 -1 -1 
-1 -1 -1 -1 -1 -1 -1 -1 -1 -1 -1 -1 -1 -1 -1 
-1 -1 -1 -1 -1 -1 -1 -1 -1 -1 -1 -1 -1 -1 -1 
-1 -1 -1 -1 -1 -1 -1 -1 -1 -1 -1 -1 -1 -1 -1 
END
15 0
7 8
7 5
-1 -1 -1 -1 -1 -1 -1 -1 -1 -1 -1 -1 -1 -1 -1 
-1 -1 -1 -1 -1 -1 -1 -1 -1 -1 -1 -1 -1 -1 -1 
-1 -1 -1 -1 -1 -1 -1 -1 -1 -1 -1 -1 -1 -1 -1 
-1 -1 -1 -1 -1 -1 -1 -1 -1 -1 -1 -1 -1 -1 -1 
-1 -1 -1 -1 -1 -1 -1 -1 -1 -1 -1 -1 -1 -1 -1 
-1 -1 -1 -1 -1 -1 -1 -1 -1 -1 -1 -1 -1 -1 -1 
-1 -1 -1 -1 -1 -1 -1 -1 -1 -1 -1 -1 -1 -1 -1 
-1 -1 -1 -1 -1 1 -1 -1 0 -1 -1 -1 -1 -1 -1 
-1 -1 -1 -1 -1 1 -1 -1 0 -1 -1 -1 -1 -1 -1 
-1 -1 -1 -1 -1 1 -1 -1 0 -1 -1 -1 -1 -1 -1 
-1 -1 -1 -1 -1 -1 -1 -1 -1 -1 -1 -1 -1 -1 -1 
-1 -1 -1 -1 -1 -1 -1 -1 -1 -1 -1 -1 -1 -1 -1 
-1 -1 -1 -1 -1 -1 -1 -1 -1 -1 -1 -1 -1 -1 -1 
-1 -1 -1 -1 -1 -1 -1 -1 -1 -1 -1 -1 -1 -1 -1 
-1 -1 -1 -1 -1 -1 -1 -1 -1 -1 -1 -1 -1 -1 -1 
END
15 0
6 8
6 5
-1 -1 -1 -1 -1 -1 -1 -1 -1 -1 -1 -1 -1 -1 -1 
-1 -1 -1 -1 -1 -1 -1 -1 -1 -1 -1 -1 -1 -1 -1 
-1 -1 -1 -1 -1 -1 -1 -1 -1 -1 -1 -1 -1 -1 -1 
-1 -1 -1 -1 -1 -1 -1 -1 -1 -1 -1 -1 -1 -1 -1 
-1 -1 -1 -1 -1 -1 -1 -1 -1 -1 -1 -1 -1 -1 -1 
-1 -1 -1 -1 -1 -1 -1 -1 -1 -1 -1 -1 -1 -1 -1 
-1 -1 -1 -1 -1 1 -1 -1 0 -1 -1 -1 -1 -1 -1 
-1 -1 -1 -1 -1 1 -1 -1 0 -1 -1 -1 -1 -1 -1 
-1 -1 -1 -1 -1 1 -1 -1 0 -1 -1 -1 -1 -1 -1 
-1 -1 -1 -1 -1 1 -1 -1 0 -1 -1 -1 -1 -1 -1 
-1 -1 -1 -1 -1 -1 -1 -1 -1 -1 -1 -1 -1 -1 -1 
-1 -1 -1 -1 -1 -1 -1 -1 -1 -1 -1 -1 -1 -1 -1 
-1 -1 -1 -1 -1 -1 -1 -1 -1 -1 -1 -1 -1 -1 -1 
-1 -1 -1 -1 -1 -1 -1 -1 -1 -1 -1 -1 -1 -1 -1 
-1 -1 -1 -1 -1 -1 -1 -1 -1 -1 -1 -1 -1 -1 -1 
END
15 0
5 8
5 5
-1 -1 -1 -1 -1 -1 -1 -1 -1 -1 -1 -1 -1 -1 -1 
-1 -1 -1 -1 -1 -1 -1 -1 -1 -1 -1 -1 -1 -1 -1 
-1 -1 -1 -1 -1 -1 -1 -1 -1 -1 -1 -1 -1 -1 -1 
-1 -1 -1 -1 -1 -1 -1 -1 -1 -1 -1 -1 -1 -1 -1 
-1 -1 -1 -1 -1 -1 -1 -1 -1 -1 -1 -1 -1 -1 -1 
-1 -1 -1 -1 -1 1 -1 -1 0 -1 -1 -1 -1 -1 -1 
-1 -1 -1 -1 -1 1 -1 -1 0 -1 -1 -1 -1 -1 -1 
-1 -1 -1 -1 -1 1 -1 -1 0 -1 -1 -1 -1 -1 -1 
-1 -1 -1 -1 -1 1 -1 -1 0 -1 -1 -1 -1 -1 -1 
-1 -1 -1 -1 -1 1 -1 -1 0 -1 -1 -1 -1 -1 -1 
-1 -1 -1 -1 -1 -1 -1 -1 -1 -1 -1 -1 -1 -1 -1 
-1 -1 -1 -1 -1 -1 -1 -1 -1 -1 -1 -1 -1 -1 -1 
-1 -1 -1 -1 -1 -1 -1 -1 -1 -1 -1 -1 -1 -1 -1 
-1 -1 -1 -1 -1 -1 -1 -1 -1 -1 -1 -1 -1 -1 -1 
-1 -1 -1 -1 -1 -1 -1 -1 -1 -1 -1 -1 -1 -1 -1 
END
15 0
4 8
4 5
-1 -1 -1 -1 -1 -1 -1 -1 -1 -1 -1 -1 -1 -1 -1 
-1 -1 -1 -1 -1 -1 -1 -1 -1 -1 -1 -1 -1 -1 -1 
-1 -1 -1 -1 -1 -1 -1 -1 -1 -1 -1 -1 -1 -1 -1 
-1 -1 -1 -1 -1 -1 -1 -1 -1 -1 -1 -1 -1 -1 -1 
-1 -1 -1 -1 -1 1 -1 -1 0 -1 -1 -1 -1 -1 -1 
-1 -1 -1 -1 -1 1 -1 -1 0 -1 -1 -1 -1 -1 -1 
-1 -1 -1 -1 -1 1 -1 -1 0 -1 -1 -1 -1 -1 -1 
-1 -1 -1 -1 -1 1 -1 -1 0 -1 -1 -1 -1 -1 -1 
-1 -1 -1 -1 -1 1 -1 -1 0 -1 -1 -1 -1 -1 -1 
-1 -1 -1 -1 -1 1 -1 -1 0 -1 -1 -1 -1 -1 -1 
-1 -1 -1 -1 -1 -1 -1 -1 -1 -1 -1 -1 -1 -1 -1 
-1 -1 -1 -1 -1 -1 -1 -1 -1 -1 -1 -1 -1 -1 -1 
-1 -1 -1 -1 -1 -1 -1 -1 -1 -1 -1 -1 -1 -1 -1 
-1 -1 -1 -1 -1 -1 -1 -1 -1 -1 -1 -1 -1 -1 -1 
-1 -1 -1 -1 -1 -1 -1 -1 -1 -1 -1 -1 -1 -1 -1 
END
15 0
3 8
3 5
-1 -1 -1 -1 -1 -1 -1 -1 -1 -1 -1 -1 -1 -1 -1 
-1 -1 -1 -1 -1 -1 -1 -1 -1 -1 -1 -1 -1 -1 -1 
-1 -1 -1 -1 -1 -1 -1 -1 -1 -1 -1 -1 -1 -1 -1 
-1 -1 -1 -1 -1 1 -1 -1 0 -1 -1 -1 -1 -1 -1 
-1 -1 -1 -1 -1 1 -1 -1 0 -1 -1 -1 -1 -1 -1 
-1 -1 -1 -1 -1 1 -1 -1 0 -1 -1 -1 -1 -1 -1 
-1 -1 -1 -1 -1 1 -1 -1 0 -1 -1 -1 -1 -1 -1 
-1 -1 -1 -1 -1 1 -1 -1 0 -1 -1 -1 -1 -1 -1 
-1 -1 -1 -1 -1 1 -1 -1 0 -1 -1 -1 -1 -1 -1 
-1 -1 -1 -1 -1 1 -1 -1 0 -1 -1 -1 -1 -1 -1 
-1 -1 -1 -1 -1 -1 -1 -1 -1 -1 -1 -1 -1 -1 -1 
-1 -1 -1 -1 -1 -1 -1 -1 -1 -1 -1 -1 -1 -1 -1 
-1 -1 -1 -1 -1 -1 -1 -1 -1 -1 -1 -1 -1 -1 -1 
-1 -1 -1 -1 -1 -1 -1 -1 -1 -1 -1 -1 -1 -1 -1 
-1 -1 -1 -1 -1 -1 -1 -1 -1 -1 -1 -1 -1 -1 -1 
END
15 0
2 8
2 5
-1 -1 -1 -1 -1 -1 -1 -1 -1 -1 -1 -1 -1 -1 -1 
-1 -1 -1 -1 -1 -1 -1 -1 -1 -1 -1 -1 -1 -1 -1 
-1 -1 -1 -1 -1 1 -1 -1 0 -1 -1 -1 -1 -1 -1 
-1 -1 -1 -1 -1 1 -1 -1 0 -1 -1 -1 -1 -1 -1 
-1 -1 -1 -1 -1 1 -1 -1 0 -1 -1 -1 -1 -1 -1 
-1 -1 -1 -1 -1 1 -1 -1 0 -1 -1 -1 -1 -1 -1 
-1 -1 -1 -1 -1 1 -1 -1 0 -1 -1 -1 -1 -1 -1 
-1 -1 -1 -1 -1 1 -1 -1 0 -1 -1 -1 -1 -1 -1 
-1 -1 -1 -1 -1 1 -1 -1 0 -1 -1 -1 -1 -1 -1 
-1 -1 -1 -1 -1 1 -1 -1 0 -1 -1 -1 -1 -1 -1 
-1 -1 -1 -1 -1 -1 -1 -1 -1 -1 -1 -1 -1 -1 -1 
-1 -1 -1 -1 -1 -1 -1 -1 -1 -1 -1 -1 -1 -1 -1 
-1 -1 -1 -1 -1 -1 -1 -1 -1 -1 -1 -1 -1 -1 -1 
-1 -1 -1 -1 -1 -1 -1 -1 -1 -1 -1 -1 -1 -1 -1 
-1 -1 -1 -1 -1 -1 -1 -1 -1 -1 -1 -1 -1 -1 -1 
END
15 0
1 8
1 5
-1 -1 -1 -1 -1 -1 -1 -1 -1 -1 -1 -1 -1 -1 -1 
-1 -1 -1 -1 -1 1 -1 -1 0 -1 -1 -1 -1 -1 -1 
-1 -1 -1 -1 -1 1 -1 -1 0 -1 -1 -1 -1 -1 -1 
-1 -1 -1 -1 -1 1 -1 -1 0 -1 -1 -1 -1 -1 -1 
-1 -1 -1 -1 -1 1 -1 -1 0 -1 -1 -1 -1 -1 -1 
-1 -1 -1 -1 -1 1 -1 -1 0 -1 -1 -1 -1 -1 -1 
-1 -1 -1 -1 -1 1 -1 -1 0 -1 -1 -1 -1 -1 -1 
-1 -1 -1 -1 -1 1 -1 -1 0 -1 -1 -1 -1 -1 -1 
-1 -1 -1 -1 -1 1 -1 -1 0 -1 -1 -1 -1 -1 -1 
-1 -1 -1 -1 -1 1 -1 -1 0 -1 -1 -1 -1 -1 -1 
-1 -1 -1 -1 -1 -1 -1 -1 -1 -1 -1 -1 -1 -1 -1 
-1 -1 -1 -1 -1 -1 -1 -1 -1 -1 -1 -1 -1 -1 -1 
-1 -1 -1 -1 -1 -1 -1 -1 -1 -1 -1 -1 -1 -1 -1 
-1 -1 -1 -1 -1 -1 -1 -1 -1 -1 -1 -1 -1 -1 -1 
-1 -1 -1 -1 -1 -1 -1 -1 -1 -1 -1 -1 -1 -1 -1 
END
15 0
0 8
0 5
-1 -1 -1 -1 -1 1 -1 -1 0 -1 -1 -1 -1 -1 -1 
-1 -1 -1 -1 -1 1 -1 -1 0 -1 -1 -1 -1 -1 -1 
-1 -1 -1 -1 -1 1 -1 -1 0 -1 -1 -1 -1 -1 -1 
-1 -1 -1 -1 -1 1 -1 -1 0 -1 -1 -1 -1 -1 -1 
-1 -1 -1 -1 -1 1 -1 -1 0 -1 -1 -1 -1 -1 -1 
-1 -1 -1 -1 -1 1 -1 -1 0 -1 -1 -1 -1 -1 -1 
-1 -1 -1 -1 -1 1 -1 -1 0 -1 -1 -1 -1 -1 -1 
-1 -1 -1 -1 -1 1 -1 -1 0 -1 -1 -1 -1 -1 -1 
-1 -1 -1 -1 -1 1 -1 -1 0 -1 -1 -1 -1 -1 -1 
-1 -1 -1 -1 -1 1 -1 -1 0 -1 -1 -1 -1 -1 -1 
-1 -1 -1 -1 -1 -1 -1 -1 -1 -1 -1 -1 -1 -1 -1 
-1 -1 -1 -1 -1 -1 -1 -1 -1 -1 -1 -1 -1 -1 -1 
-1 -1 -1 -1 -1 -1 -1 -1 -1 -1 -1 -1 -1 -1 -1 
-1 -1 -1 -1 -1 -1 -1 -1 -1 -1 -1 -1 -1 -1 -1 
-1 -1 -1 -1 -1 -1 -1 -1 -1 -1 -1 -1 -1 -1 -1 
END
15 0
0 7
0 4
-1 -1 -1 -1 1 1 -1 0 0 -1 -1 -1 -1 -1 -1 
-1 -1 -1 -1 -1 1 -1 -1 0 -1 -1 -1 -1 -1 -1 
-1 -1 -1 -1 -1 1 -1 -1 0 -1 -1 -1 -1 -1 -1 
-1 -1 -1 -1 -1 1 -1 -1 0 -1 -1 -1 -1 -1 -1 
-1 -1 -1 -1 -1 1 -1 -1 0 -1 -1 -1 -1 -1 -1 
-1 -1 -1 -1 -1 1 -1 -1 0 -1 -1 -1 -1 -1 -1 
-1 -1 -1 -1 -1 1 -1 -1 0 -1 -1 -1 -1 -1 -1 
-1 -1 -1 -1 -1 1 -1 -1 0 -1 -1 -1 -1 -1 -1 
-1 -1 -1 -1 -1 1 -1 -1 0 -1 -1 -1 -1 -1 -1 
-1 -1 -1 -1 -1 1 -1 -1 0 -1 -1 -1 -1 -1 -1 
-1 -1 -1 -1 -1 -1 -1 -1 -1 -1 -1 -1 -1 -1 -1 
-1 -1 -1 -1 -1 -1 -1 -1 -1 -1 -1 -1 -1 -1 -1 
-1 -1 -1 -1 -1 -1 -1 -1 -1 -1 -1 -1 -1 -1 -1 
-1 -1 -1 -1 -1 -1 -1 -1 -1 -1 -1 -1 -1 -1 -1 
-1 -1 -1 -1 -1 -1 -1 -1 -1 -1 -1 -1 -1 -1 -1 
END
15 0
1 7
1 4
-1 -1 -1 -1 1 1 -1 0 0 -1 -1 -1 -1 -1 -1 
-1 -1 -1 -1 1 1 -1 0 0 -1 -1 -1 -1 -1 -1 
-1 -1 -1 -1 -1 1 -1 -1 0 -1 -1 -1 -1 -1 -1 
-1 -1 -1 -1 -1 1 -1 -1 0 -1 -1 -1 -1 -1 -1 
-1 -1 -1 -1 -1 1 -1 -1 0 -1 -1 -1 -1 -1 -1 
-1 -1 -1 -1 -1 1 -1 -1 0 -1 -1 -1 -1 -1 -1 
-1 -1 -1 -1 -1 1 -1 -1 0 -1 -1 -1 -1 -1 -1 
-1 -1 -1 -1 -1 1 -1 -1 0 -1 -1 -1 -1 -1 -1 
-1 -1 -1 -1 -1 1 -1 -1 0 -1 -1 -1 -1 -1 -1 
-1 -1 -1 -1 -1 1 -1 -1 0 -1 -1 -1 -1 -1 -1 
-1 -1 -1 -1 -1 -1 -1 -1 -1 -1 -1 -1 -1 -1 -1 
-1 -1 -1 -1 -1 -1 -1 -1 -1 -1 -1 -1 -1 -1 -1 
-1 -1 -1 -1 -1 -1 -1 -1 -1 -1 -1 -1 -1 -1 -1 
-1 -1 -1 -1 -1 -1 -1 -1 -1 -1 -1 -1 -1 -1 -1 
-1 -1 -1 -1 -1 -1 -1 -1 -1 -1 -1 -1 -1 -1 -1 
END
15 0
2 7
2 4
-1 -1 -1 -1 1 1 -1 0 0 -1 -1 -1 -1 -1 -1 
-1 -1 -1 -1 1 1 -1 0 0 -1 -1 -1 -1 -1 -1 
-1 -1 -1 -1 1 1 -1 0 0 -1 -1 -1 -1 -1 -1 
-1 -1 -1 -1 -1 1 -1 -1 0 -1 -1 -1 -1 -1 -1 
-1 -1 -1 -1 -1 1 -1 -1 0 -1 -1 -1 -1 -1 -1 
-1 -1 -1 -1 -1 1 -1 -1 0 -1 -1 -1 -1 -1 -1 
-1 -1 -1 -1 -1 1 -1 -1 0 -1 -1 -1 -1 -1 -1 
-1 -1 -1 -1 -1 1 -1 -1 0 -1 -1 -1 -1 -1 -1 
-1 -1 -1 -1 -1 1 -1 -1 0 -1 -1 -1 -1 -1 -1 
-1 -1 -1 -1 -1 1 -1 -1 0 -1 -1 -1 -1 -1 -1 
-1 -1 -1 -1 -1 -1 -1 -1 -1 -1 -1 -1 -1 -1 -1 
-1 -1 -1 -1 -1 -1 -1 -1 -1 -1 -1 -1 -1 -1 -1 
-1 -1 -1 -1 -1 -1 -1 -1 -1 -1 -1 -1 -1 -1 -1 
-1 -1 -1 -1 -1 -1 -1 -1 -1 -1 -1 -1 -1 -1 -1 
-1 -1 -1 -1 -1 -1 -1 -1 -1 -1 -1 -1 -1 -1 -1 
END
15 0
3 7
3 4
-1 -1 -1 -1 1 1 -1 0 0 -1 -1 -1 -1 -1 -1 
-1 -1 -1 -1 1 1 -1 0 0 -1 -1 -1 -1 -1 -1 
-1 -1 -1 -1 1 1 -1 0 0 -1 -1 -1 -1 -1 -1 
-1 -1 -1 -1 1 1 -1 0 0 -1 -1 -1 -1 -1 -1 
-1 -1 -1 -1 -1 1 -1 -1 0 -1 -1 -1 -1 -1 -1 
-1 -1 -1 -1 -1 1 -1 -1 0 -1 -1 -1 -1 -1 -1 
-1 -1 -1 -1 -1 1 -1 -1 0 -1 -1 -1 -1 -1 -1 
-1 -1 -1 -1 -1 1 -1 -1 0 -1 -1 -1 -1 -1 -1 
-1 -1 -1 -1 -1 1 -1 -1 0 -1 -1 -1 -1 -1 -1 
-1 -1 -1 -1 -1 1 -1 -1 0 -1 -1 -1 -1 -1 -1 
-1 -1 -1 -1 -1 -1 -1 -1 -1 -1 -1 -1 -1 -1 -1 
-1 -1 -1 -1 -1 -1 -1 -1 -1 -1 -1 -1 -1 -1 -1 
-1 -1 -1 -1 -1 -1 -1 -1 -1 -1 -1 -1 -1 -1 -1 
-1 -1 -1 -1 -1 -1 -1 -1 -1 -1 -1 -1 -1 -1 -1 
-1 -1 -1 -1 -1 -1 -1 -1 -1 -1 -1 -1 -1 -1 -1 
END
15 0
4 7
4 4
-1 -1 -1 -1 1 1 -1 0 0 -1 -1 -1 -1 -1 -1 
-1 -1 -1 -1 1 1 -1 0 0 -1 -1 -1 -1 -1 -1 
-1 -1 -1 -1 1 1 -1 0 0 -1 -1 -1 -1 -1 -1 
-1 -1 -1 -1 1 1 -1 0 0 -1 -1 -1 -1 -1 -1 
-1 -1 -1 -1 1 1 -1 0 0 -1 -1 -1 -1 -1 -1 
-1 -1 -1 -1 -1 1 -1 -1 0 -1 -1 -1 -1 -1 -1 
-1 -1 -1 -1 -1 1 -1 -1 0 -1 -1 -1 -1 -1 -1 
-1 -1 -1 -1 -1 1 -1 -1 0 -1 -1 -1 -1 -1 -1 
-1 -1 -1 -1 -1 1 -1 -1 0 -1 -1 -1 -1 -1 -1 
-1 -1 -1 -1 -1 1 -1 -1 0 -1 -1 -1 -1 -1 -1 
-1 -1 -1 -1 -1 -1 -1 -1 -1 -1 -1 -1 -1 -1 -1 
-1 -1 -1 -1 -1 -1 -1 -1 -1 -1 -1 -1 -1 -1 -1 
-1 -1 -1 -1 -1 -1 -1 -1 -1 -1 -1 -1 -1 -1 -1 
-1 -1 -1 -1 -1 -1 -1 -1 -1 -1 -1 -1 -1 -1 -1 
-1 -1 -1 -1 -1 -1 -1 -1 -1 -1 -1 -1 -1 -1 -1 
END
15 0
5 7
5 4
-1 -1 -1 -1 1 1 -1 0 0 -1 -1 -1 -1 -1 -1 
-1 -1 -1 -1 1 1 -1 0 0 -1 -1 -1 -1 -1 -1 
-1 -1 -1 -1 1 1 -1 0 0 -1 -1 -1 -1 -1 -1 
-1 -1 -1 -1 1 1 -1 0 0 -1 -1 -1 -1 -1 -1 
-1 -1 -1 -1 1 1 -1 0 0 -1 -1 -1 -1 -1 -1 
-1 -1 -1 -1 1 1 -1 0 0 -1 -1 -1 -1 -1 -1 
-1 -1 -1 -1 -1 1 -1 -1 0 -1 -1 -1 -1 -1 -1 
-1 -1 -1 -1 -1 1 -1 -1 0 -1 -1 -1 -1 -1 -1 
-1 -1 -1 -1 -1 1 -1 -1 0 -1 -1 -1 -1 -1 -1 
-1 -1 -1 -1 -1 1 -1 -1 0 -1 -1 -1 -1 -1 -1 
-1 -1 -1 -1 -1 -1 -1 -1 -1 -1 -1 -1 -1 -1 -1 
-1 -1 -1 -1 -1 -1 -1 -1 -1 -1 -1 -1 -1 -1 -1 
-1 -1 -1 -1 -1 -1 -1 -1 -1 -1 -1 -1 -1 -1 -1 
-1 -1 -1 -1 -1 -1 -1 -1 -1 -1 -1 -1 -1 -1 -1 
-1 -1 -1 -1 -1 -1 -1 -1 -1 -1 -1 -1 -1 -1 -1 
END
15 0
6 7
6 4
-1 -1 -1 -1 1 1 -1 0 0 -1 -1 -1 -1 -1 -1 
-1 -1 -1 -1 1 1 -1 0 0 -1 -1 -1 -1 -1 -1 
-1 -1 -1 -1 1 1 -1 0 0 -1 -1 -1 -1 -1 -1 
-1 -1 -1 -1 1 1 -1 0 0 -1 -1 -1 -1 -1 -1 
-1 -1 -1 -1 1 1 -1 0 0 -1 -1 -1 -1 -1 -1 
-1 -1 -1 -1 1 1 -1 0 0 -1 -1 -1 -1 -1 -1 
-1 -1 -1 -1 1 1 -1 0 0 -1 -1 -1 -1 -1 -1 
-1 -1 -1 -1 -1 1 -1 -1 0 -1 -1 -1 -1 -1 -1 
-1 -1 -1 -1 -1 1 -1 -1 0 -1 -1 -1 -1 -1 -1 
-1 -1 -1 -1 -1 1 -1 -1 0 -1 -1 -1 -1 -1 -1 
-1 -1 -1 -1 -1 -1 -1 -1 -1 -1 -1 -1 -1 -1 -1 
-1 -1 -1 -1 -1 -1 -1 -1 -1 -1 -1 -1 -1 -1 -1 
-1 -1 -1 -1 -1 -1 -1 -1 -1 -1 -1 -1 -1 -1 -1 
-1 -1 -1 -1 -1 -1 -1 -1 -1 -1 -1 -1 -1 -1 -1 
-1 -1 -1 -1 -1 -1 -1 -1 -1 -1 -1 -1 -1 -1 -1 
END
15 0
7 7
7 4
-1 -1 -1 -1 1 1 -1 0 0 -1 -1 -1 -1 -1 -1 
-1 -1 -1 -1 1 1 -1 0 0 -1 -1 -1 -1 -1 -1 
-1 -1 -1 -1 1 1 -1 0 0 -1 -1 -1 -1 -1 -1 
-1 -1 -1 -1 1 1 -1 0 0 -1 -1 -1 -1 -1 -1 
-1 -1 -1 -1 1 1 -1 0 0 -1 -1 -1 -1 -1 -1 
-1 -1 -1 -1 1 1 -1 0 0 -1 -1 -1 -1 -1 -1 
-1 -1 -1 -1 1 1 -1 0 0 -1 -1 -1 -1 -1 -1 
-1 -1 -1 -1 1 1 -1 0 0 -1 -1 -1 -1 -1 -1 
-1 -1 -1 -1 -1 1 -1 -1 0 -1 -1 -1 -1 -1 -1 
-1 -1 -1 -1 -1 1 -1 -1 0 -1 -1 -1 -1 -1 -1 
-1 -1 -1 -1 -1 -1 -1 -1 -1 -1 -1 -1 -1 -1 -1 
-1 -1 -1 -1 -1 -1 -1 -1 -1 -1 -1 -1 -1 -1 -1 
-1 -1 -1 -1 -1 -1 -1 -1 -1 -1 -1 -1 -1 -1 -1 
-1 -1 -1 -1 -1 -1 -1 -1 -1 -1 -1 -1 -1 -1 -1 
-1 -1 -1 -1 -1 -1 -1 -1 -1 -1 -1 -1 -1 -1 -1 
END
15 0
8 7
8 4
-1 -1 -1 -1 1 1 -1 0 0 -1 -1 -1 -1 -1 -1 
-1 -1 -1 -1 1 1 -1 0 0 -1 -1 -1 -1 -1 -1 
-1 -1 -1 -1 1 1 -1 0 0 -1 -1 -1 -1 -1 -1 
-1 -1 -1 -1 1 1 -1 0 0 -1 -1 -1 -1 -1 -1 
-1 -1 -1 -1 1 1 -1 0 0 -1 -1 -1 -1 -1 -1 
-1 -1 -1 -1 1 1 -1 0 0 -1 -1 -1 -1 -1 -1 
-1 -1 -1 -1 1 1 -1 0 0 -1 -1 -1 -1 -1 -1 
-1 -1 -1 -1 1 1 -1 0 0 -1 -1 -1 -1 -1 -1 
-1 -1 -1 -1 1 1 -1 0 0 -1 -1 -1 -1 -1 -1 
-1 -1 -1 -1 -1 1 -1 -1 0 -1 -1 -1 -1 -1 -1 
-1 -1 -1 -1 -1 -1 -1 -1 -1 -1 -1 -1 -1 -1 -1 
-1 -1 -1 -1 -1 -1 -1 -1 -1 -1 -1 -1 -1 -1 -1 
-1 -1 -1 -1 -1 -1 -1 -1 -1 -1 -1 -1 -1 -1 -1 
-1 -1 -1 -1 -1 -1 -1 -1 -1 -1 -1 -1 -1 -1 -1 
-1 -1 -1 -1 -1 -1 -1 -1 -1 -1 -1 -1 -1 -1 -1 
END
15 0
9 7
9 4
-1 -1 -1 -1 1 1 -1 0 0 -1 -1 -1 -1 -1 -1 
-1 -1 -1 -1 1 1 -1 0 0 -1 -1 -1 -1 -1 -1 
-1 -1 -1 -1 1 1 -1 0 0 -1 -1 -1 -1 -1 -1 
-1 -1 -1 -1 1 1 -1 0 0 -1 -1 -1 -1 -1 -1 
-1 -1 -1 -1 1 1 -1 0 0 -1 -1 -1 -1 -1 -1 
-1 -1 -1 -1 1 1 -1 0 0 -1 -1 -1 -1 -1 -1 
-1 -1 -1 -1 1 1 -1 0 0 -1 -1 -1 -1 -1 -1 
-1 -1 -1 -1 1 1 -1 0 0 -1 -1 -1 -1 -1 -1 
-1 -1 -1 -1 1 1 -1 0 0 -1 -1 -1 -1 -1 -1 
-1 -1 -1 -1 1 1 -1 0 0 -1 -1 -1 -1 -1 -1 
-1 -1 -1 -1 -1 -1 -1 -1 -1 -1 -1 -1 -1 -1 -1 
-1 -1 -1 -1 -1 -1 -1 -1 -1 -1 -1 -1 -1 -1 -1 
-1 -1 -1 -1 -1 -1 -1 -1 -1 -1 -1 -1 -1 -1 -1 
-1 -1 -1 -1 -1 -1 -1 -1 -1 -1 -1 -1 -1 -1 -1 
-1 -1 -1 -1 -1 -1 -1 -1 -1 -1 -1 -1 -1 -1 -1 
END
15 0
10 7
10 4
-1 -1 -1 -1 1 1 -1 0 0 -1 -1 -1 -1 -1 -1 
-1 -1 -1 -1 1 1 -1 0 0 -1 -1 -1 -1 -1 -1 
-1 -1 -1 -1 1 1 -1 0 0 -1 -1 -1 -1 -1 -1 
-1 -1 -1 -1 1 1 -1 0 0 -1 -1 -1 -1 -1 -1 
-1 -1 -1 -1 1 1 -1 0 0 -1 -1 -1 -1 -1 -1 
-1 -1 -1 -1 1 1 -1 0 0 -1 -1 -1 -1 -1 -1 
-1 -1 -1 -1 1 1 -1 0 0 -1 -1 -1 -1 -1 -1 
-1 -1 -1 -1 1 1 -1 0 0 -1 -1 -1 -1 -1 -1 
-1 -1 -1 -1 1 1 -1 0 0 -1 -1 -1 -1 -1 -1 
-1 -1 -1 -1 1 1 -1 0 0 -1 -1 -1 -1 -1 -1 
-1 -1 -1 -1 1 -1 -1 0 -1 -1 -1 -1 -1 -1 -1 
-1 -1 -1 -1 -1 -1 -1 -1 -1 -1 -1 -1 -1 -1 -1 
-1 -1 -1 -1 -1 -1 -1 -1 -1 -1 -1 -1 -1 -1 -1 
-1 -1 -1 -1 -1 -1 -1 -1 -1 -1 -1 -1 -1 -1 -1 
-1 -1 -1 -1 -1 -1 -1 -1 -1 -1 -1 -1 -1 -1 -1 
END
15 0
11 7
11 4
-1 -1 -1 -1 1 1 -1 0 0 -1 -1 -1 -1 -1 -1 
-1 -1 -1 -1 1 1 -1 0 0 -1 -1 -1 -1 -1 -1 
-1 -1 -1 -1 1 1 -1 0 0 -1 -1 -1 -1 -1 -1 
-1 -1 -1 -1 1 1 -1 0 0 -1 -1 -1 -1 -1 -1 
-1 -1 -1 -1 1 1 -1 0 0 -1 -1 -1 -1 -1 -1 
-1 -1 -1 -1 1 1 -1 0 0 -1 -1 -1 -1 -1 -1 
-1 -1 -1 -1 1 1 -1 0 0 -1 -1 -1 -1 -1 -1 
-1 -1 -1 -1 1 1 -1 0 0 -1 -1 -1 -1 -1 -1 
-1 -1 -1 -1 1 1 -1 0 0 -1 -1 -1 -1 -1 -1 
-1 -1 -1 -1 1 1 -1 0 0 -1 -1 -1 -1 -1 -1 
-1 -1 -1 -1 1 -1 -1 0 -1 -1 -1 -1 -1 -1 -1 
-1 -1 -1 -1 1 -1 -1 0 -1 -1 -1 -1 -1 -1 -1 
-1 -1 -1 -1 -1 -1 -1 -1 -1 -1 -1 -1 -1 -1 -1 
-1 -1 -1 -1 -1 -1 -1 -1 -1 -1 -1 -1 -1 -1 -1 
-1 -1 -1 -1 -1 -1 -1 -1 -1 -1 -1 -1 -1 -1 -1 
END
15 0
12 7
12 4
-1 -1 -1 -1 1 1 -1 0 0 -1 -1 -1 -1 -1 -1 
-1 -1 -1 -1 1 1 -1 0 0 -1 -1 -1 -1 -1 -1 
-1 -1 -1 -1 1 1 -1 0 0 -1 -1 -1 -1 -1 -1 
-1 -1 -1 -1 1 1 -1 0 0 -1 -1 -1 -1 -1 -1 
-1 -1 -1 -1 1 1 -1 0 0 -1 -1 -1 -1 -1 -1 
-1 -1 -1 -1 1 1 -1 0 0 -1 -1 -1 -1 -1 -1 
-1 -1 -1 -1 1 1 -1 0 0 -1 -1 -1 -1 -1 -1 
-1 -1 -1 -1 1 1 -1 0 0 -1 -1 -1 -1 -1 -1 
-1 -1 -1 -1 1 1 -1 0 0 -1 -1 -1 -1 -1 -1 
-1 -1 -1 -1 1 1 -1 0 0 -1 -1 -1 -1 -1 -1 
-1 -1 -1 -1 1 -1 -1 0 -1 -1 -1 -1 -1 -1 -1 
-1 -1 -1 -1 1 -1 -1 0 -1 -1 -1 -1 -1 -1 -1 
-1 -1 -1 -1 1 -1 -1 0 -1 -1 -1 -1 -1 -1 -1 
-1 -1 -1 -1 -1 -1 -1 -1 -1 -1 -1 -1 -1 -1 -1 
-1 -1 -1 -1 -1 -1 -1 -1 -1 -1 -1 -1 -1 -1 -1 
END
15 0
13 7
13 4
-1 -1 -1 -1 1 1 -1 0 0 -1 -1 -1 -1 -1 -1 
-1 -1 -1 -1 1 1 -1 0 0 -1 -1 -1 -1 -1 -1 
-1 -1 -1 -1 1 1 -1 0 0 -1 -1 -1 -1 -1 -1 
-1 -1 -1 -1 1 1 -1 0 0 -1 -1 -1 -1 -1 -1 
-1 -1 -1 -1 1 1 -1 0 0 -1 -1 -1 -1 -1 -1 
-1 -1 -1 -1 1 1 -1 0 0 -1 -1 -1 -1 -1 -1 
-1 -1 -1 -1 1 1 -1 0 0 -1 -1 -1 -1 -1 -1 
-1 -1 -1 -1 1 1 -1 0 0 -1 -1 -1 -1 -1 -1 
-1 -1 -1 -1 1 1 -1 0 0 -1 -1 -1 -1 -1 -1 
-1 -1 -1 -1 1 1 -1 0 0 -1 -1 -1 -1 -1 -1 
-1 -1 -1 -1 1 -1 -1 0 -1 -1 -1 -1 -1 -1 -1 
-1 -1 -1 -1 1 -1 -1 0 -1 -1 -1 -1 -1 -1 -1 
-1 -1 -1 -1 1 -1 -1 0 -1 -1 -1 -1 -1 -1 -1 
-1 -1 -1 -1 1 -1 -1 0 -1 -1 -1 -1 -1 -1 -1 
-1 -1 -1 -1 -1 -1 -1 -1 -1 -1 -1 -1 -1 -1 -1 
END
15 0
14 7
14 4
-1 -1 -1 -1 1 1 -1 0 0 -1 -1 -1 -1 -1 -1 
-1 -1 -1 -1 1 1 -1 0 0 -1 -1 -1 -1 -1 -1 
-1 -1 -1 -1 1 1 -1 0 0 -1 -1 -1 -1 -1 -1 
-1 -1 -1 -1 1 1 -1 0 0 -1 -1 -1 -1 -1 -1 
-1 -1 -1 -1 1 1 -1 0 0 -1 -1 -1 -1 -1 -1 
-1 -1 -1 -1 1 1 -1 0 0 -1 -1 -1 -1 -1 -1 
-1 -1 -1 -1 1 1 -1 0 0 -1 -1 -1 -1 -1 -1 
-1 -1 -1 -1 1 1 -1 0 0 -1 -1 -1 -1 -1 -1 
-1 -1 -1 -1 1 1 -1 0 0 -1 -1 -1 -1 -1 -1 
-1 -1 -1 -1 1 1 -1 0 0 -1 -1 -1 -1 -1 -1 
-1 -1 -1 -1 1 -1 -1 0 -1 -1 -1 -1 -1 -1 -1 
-1 -1 -1 -1 1 -1 -1 0 -1 -1 -1 -1 -1 -1 -1 
-1 -1 -1 -1 1 -1 -1 0 -1 -1 -1 -1 -1 -1 -1 
-1 -1 -1 -1 1 -1 -1 0 -1 -1 -1 -1 -1 -1 -1 
-1 -1 -1 -1 1 -1 -1 0 -1 -1 -1 -1 -1 -1 -1 
END
15 0
14 6
14 3
-1 -1 -1 -1 1 1 -1 0 0 -1 -1 -1 -1 -1 -1 
-1 -1 -1 -1 1 1 -1 0 0 -1 -1 -1 -1 -1 -1 
-1 -1 -1 -1 1 1 -1 0 0 -1 -1 -1 -1 -1 -1 
-1 -1 -1 -1 1 1 -1 0 0 -1 -1 -1 -1 -1 -1 
-1 -1 -1 -1 1 1 -1 0 0 -1 -1 -1 -1 -1 -1 
-1 -1 -1 -1 1 1 -1 0 0 -1 -1 -1 -1 -1 -1 
-1 -1 -1 -1 1 1 -1 0 0 -1 -1 -1 -1 -1 -1 
-1 -1 -1 -1 1 1 -1 0 0 -1 -1 -1 -1 -1 -1 
-1 -1 -1 -1 1 1 -1 0 0 -1 -1 -1 -1 -1 -1 
-1 -1 -1 -1 1 1 -1 0 0 -1 -1 -1 -1 -1 -1 
-1 -1 -1 -1 1 -1 -1 0 -1 -1 -1 -1 -1 -1 -1 
-1 -1 -1 -1 1 -1 -1 0 -1 -1 -1 -1 -1 -1 -1 
-1 -1 -1 -1 1 -1 -1 0 -1 -1 -1 -1 -1 -1 -1 
-1 -1 -1 -1 1 -1 -1 0 -1 -1 -1 -1 -1 -1 -1 
-1 -1 -1 1 1 -1 0 0 -1 -1 -1 -1 -1 -1 -1 
END
15 0
13 6
13 3
-1 -1 -1 -1 1 1 -1 0 0 -1 -1 -1 -1 -1 -1 
-1 -1 -1 -1 1 1 -1 0 0 -1 -1 -1 -1 -1 -1 
-1 -1 -1 -1 1 1 -1 0 0 -1 -1 -1 -1 -1 -1 
-1 -1 -1 -1 1 1 -1 0 0 -1 -1 -1 -1 -1 -1 
-1 -1 -1 -1 1 1 -1 0 0 -1 -1 -1 -1 -1 -1 
-1 -1 -1 -1 1 1 -1 0 0 -1 -1 -1 -1 -1 -1 
-1 -1 -1 -1 1 1 -1 0 0 -1 -1 -1 -1 -1 -1 
-1 -1 -1 -1 1 1 -1 0 0 -1 -1 -1 -1 -1 -1 
-1 -1 -1 -1 1 1 -1 0 0 -1 -1 -1 -1 -1 -1 
-1 -1 -1 -1 1 1 -1 0 0 -1 -1 -1 -1 -1 -1 
-1 -1 -1 -1 1 -1 -1 0 -1 -1 -1 -1 -1 -1 -1 
-1 -1 -1 -1 1 -1 -1 0 -1 -1 -1 -1 -1 -1 -1 
-1 -1 -1 -1 1 -1 -1 0 -1 -1 -1 -1 -1 -1 -1 
-1 -1 -1 1 1 -1 0 0 -1 -1 -1 -1 -1 -1 -1 
-1 -1 -1 1 1 -1 0 0 -1 -1 -1 -1 -1 -1 -1 
END
15 0
12 6
12 3
-1 -1 -1 -1 1 1 -1 0 0 -1 -1 -1 -1 -1 -1 
-1 -1 -1 -1 1 1 -1 0 0 -1 -1 -1 -1 -1 -1 
-1 -1 -1 -1 1 1 -1 0 0 -1 -1 -1 -1 -1 -1 
-1 -1 -1 -1 1 1 -1 0 0 -1 -1 -1 -1 -1 -1 
-1 -1 -1 -1 1 1 -1 0 0 -1 -1 -1 -1 -1 -1 
-1 -1 -1 -1 1 1 -1 0 0 -1 -1 -1 -1 -1 -1 
-1 -1 -1 -1 1 1 -1 0 0 -1 -1 -1 -1 -1 -1 
-1 -1 -1 -1 1 1 -1 0 0 -1 -1 -1 -1 -1 -1 
-1 -1 -1 -1 1 1 -1 0 0 -1 -1 -1 -1 -1 -1 
-1 -1 -1 -1 1 1 -1 0 0 -1 -1 -1 -1 -1 -1 
-1 -1 -1 -1 1 -1 -1 0 -1 -1 -1 -1 -1 -1 -1 
-1 -1 -1 -1 1 -1 -1 0 -1 -1 -1 -1 -1 -1 -1 
-1 -1 -1 1 1 -1 0 0 -1 -1 -1 -1 -1 -1 -1 
-1 -1 -1 1 1 -1 0 0 -1 -1 -1 -1 -1 -1 -1 
-1 -1 -1 1 1 -1 0 0 -1 -1 -1 -1 -1 -1 -1 
END
15 0
11 6
11 3
-1 -1 -1 -1 1 1 -1 0 0 -1 -1 -1 -1 -1 -1 
-1 -1 -1 -1 1 1 -1 0 0 -1 -1 -1 -1 -1 -1 
-1 -1 -1 -1 1 1 -1 0 0 -1 -1 -1 -1 -1 -1 
-1 -1 -1 -1 1 1 -1 0 0 -1 -1 -1 -1 -1 -1 
-1 -1 -1 -1 1 1 -1 0 0 -1 -1 -1 -1 -1 -1 
-1 -1 -1 -1 1 1 -1 0 0 -1 -1 -1 -1 -1 -1 
-1 -1 -1 -1 1 1 -1 0 0 -1 -1 -1 -1 -1 -1 
-1 -1 -1 -1 1 1 -1 0 0 -1 -1 -1 -1 -1 -1 
-1 -1 -1 -1 1 1 -1 0 0 -1 -1 -1 -1 -1 -1 
-1 -1 -1 -1 1 1 -1 0 0 -1 -1 -1 -1 -1 -1 
-1 -1 -1 -1 1 -1 -1 0 -1 -1 -1 -1 -1 -1 -1 
-1 -1 -1 1 1 -1 0 0 -1 -1 -1 -1 -1 -1 -1 
-1 -1 -1 1 1 -1 0 0 -1 -1 -1 -1 -1 -1 -1 
-1 -1 -1 1 1 -1 0 0 -1 -1 -1 -1 -1 -1 -1 
-1 -1 -1 1 1 -1 0 0 -1 -1 -1 -1 -1 -1 -1 
END
15 0
10 6
10 3
-1 -1 -1 -1 1 1 -1 0 0 -1 -1 -1 -1 -1 -1 
-1 -1 -1 -1 1 1 -1 0 0 -1 -1 -1 -1 -1 -1 
-1 -1 -1 -1 1 1 -1 0 0 -1 -1 -1 -1 -1 -1 
-1 -1 -1 -1 1 1 -1 0 0 -1 -1 -1 -1 -1 -1 
-1 -1 -1 -1 1 1 -1 0 0 -1 -1 -1 -1 -1 -1 
-1 -1 -1 -1 1 1 -1 0 0 -1 -1 -1 -1 -1 -1 
-1 -1 -1 -1 1 1 -1 0 0 -1 -1 -1 -1 -1 -1 
-1 -1 -1 -1 1 1 -1 0 0 -1 -1 -1 -1 -1 -1 
-1 -1 -1 -1 1 1 -1 0 0 -1 -1 -1 -1 -1 -1 
-1 -1 -1 -1 1 1 -1 0 0 -1 -1 -1 -1 -1 -1 
-1 -1 -1 1 1 -1 0 0 -1 -1 -1 -1 -1 -1 -1 
-1 -1 -1 1 1 -1 0 0 -1 -1 -1 -1 -1 -1 -1 
-1 -1 -1 1 1 -1 0 0 -1 -1 -1 -1 -1 -1 -1 
-1 -1 -1 1 1 -1 0 0 -1 -1 -1 -1 -1 -1 -1 
-1 -1 -1 1 1 -1 0 0 -1 -1 -1 -1 -1 -1 -1 
END
15 0
9 6
9 3
-1 -1 -1 -1 1 1 -1 0 0 -1 -1 -1 -1 -1 -1 
-1 -1 -1 -1 1 1 -1 0 0 -1 -1 -1 -1 -1 -1 
-1 -1 -1 -1 1 1 -1 0 0 -1 -1 -1 -1 -1 -1 
-1 -1 -1 -1 1 1 -1 0 0 -1 -1 -1 -1 -1 -1 
-1 -1 -1 -1 1 1 -1 0 0 -1 -1 -1 -1 -1 -1 
-1 -1 -1 -1 1 1 -1 0 0 -1 -1 -1 -1 -1 -1 
-1 -1 -1 -1 1 1 -1 0 0 -1 -1 -1 -1 -1 -1 
-1 -1 -1 -1 1 1 -1 0 0 -1 -1 -1 -1 -1 -1 
-1 -1 -1 -1 1 1 -1 0 0 -1 -1 -1 -1 -1 -1 
-1 -1 -1 1 1 1 0 0 0 -1 -1 -1 -1 -1 -1 
-1 -1 -1 1 1 -1 0 0 -1 -1 -1 -1 -1 -1 -1 
-1 -1 -1 1 1 -1 0 0 -1 -1 -1 -1 -1 -1 -1 
-1 -1 -1 1 1 -1 0 0 -1 -1 -1 -1 -1 -1 -1 
-1 -1 -1 1 1 -1 0 0 -1 -1 -1 -1 -1 -1 -1 
-1 -1 -1 1 1 -1 0 0 -1 -1 -1 -1 -1 -1 -1 
END
15 0
8 6
8 3
-1 -1 -1 -1 1 1 -1 0 0 -1 -1 -1 -1 -1 -1 
-1 -1 -1 -1 1 1 -1 0 0 -1 -1 -1 -1 -1 -1 
-1 -1 -1 -1 1 1 -1 0 0 -1 -1 -1 -1 -1 -1 
-1 -1 -1 -1 1 1 -1 0 0 -1 -1 -1 -1 -1 -1 
-1 -1 -1 -1 1 1 -1 0 0 -1 -1 -1 -1 -1 -1 
-1 -1 -1 -1 1 1 -1 0 0 -1 -1 -1 -1 -1 -1 
-1 -1 -1 -1 1 1 -1 0 0 -1 -1 -1 -1 -1 -1 
-1 -1 -1 -1 1 1 -1 0 0 -1 -1 -1 -1 -1 -1 
-1 -1 -1 1 1 1 0 0 0 -1 -1 -1 -1 -1 -1 
-1 -1 -1 1 1 1 0 0 0 -1 -1 -1 -1 -1 -1 
-1 -1 -1 1 1 -1 0 0 -1 -1 -1 -1 -1 -1 -1 
-1 -1 -1 1 1 -1 0 0 -1 -1 -1 -1 -1 -1 -1 
-1 -1 -1 1 1 -1 0 0 -1 -1 -1 -1 -1 -1 -1 
-1 -1 -1 1 1 -1 0 0 -1 -1 -1 -1 -1 -1 -1 
-1 -1 -1 1 1 -1 0 0 -1 -1 -1 -1 -1 -1 -1 
END
15 0
7 6
7 3
-1 -1 -1 -1 1 1 -1 0 0 -1 -1 -1 -1 -1 -1 
-1 -1 -1 -1 1 1 -1 0 0 -1 -1 -1 -1 -1 -1 
-1 -1 -1 -1 1 1 -1 0 0 -1 -1 -1 -1 -1 -1 
-1 -1 -1 -1 1 1 -1 0 0 -1 -1 -1 -1 -1 -1 
-1 -1 -1 -1 1 1 -1 0 0 -1 -1 -1 -1 -1 -1 
-1 -1 -1 -1 1 1 -1 0 0 -1 -1 -1 -1 -1 -1 
-1 -1 -1 -1 1 1 -1 0 0 -1 -1 -1 -1 -1 -1 
-1 -1 -1 1 1 1 0 0 0 -1 -1 -1 -1 -1 -1 
-1 -1 -1 1 1 1 0 0 0 -1 -1 -1 -1 -1 -1 
-1 -1 -1 1 1 1 0 0 0 -1 -1 -1 -1 -1 -1 
-1 -1 -1 1 1 -1 0 0 -1 -1 -1 -1 -1 -1 -1 
-1 -1 -1 1 1 -1 0 0 -1 -1 -1 -1 -1 -1 -1 
-1 -1 -1 1 1 -1 0 0 -1 -1 -1 -1 -1 -1 -1 
-1 -1 -1 1 1 -1 0 0 -1 -1 -1 -1 -1 -1 -1 
-1 -1 -1 1 1 -1 0 0 -1 -1 -1 -1 -1 -1 -1 
END
15 0
6 6
6 3
-1 -1 -1 -1 1 1 -1 0 0 -1 -1 -1 -1 -1 -1 
-1 -1 -1 -1 1 1 -1 0 0 -1 -1 -1 -1 -1 -1 
-1 -1 -1 -1 1 1 -1 0 0 -1 -1 -1 -1 -1 -1 
-1 -1 -1 -1 1 1 -1 0 0 -1 -1 -1 -1 -1 -1 
-1 -1 -1 -1 1 1 -1 0 0 -1 -1 -1 -1 -1 -1 
-1 -1 -1 -1 1 1 -1 0 0 -1 -1 -1 -1 -1 -1 
-1 -1 -1 1 1 1 0 0 0 -1 -1 -1 -1 -1 -1 
-1 -1 -1 1 1 1 0 0 0 -1 -1 -1 -1 -1 -1 
-1 -1 -1 1 1 1 0 0 0 -1 -1 -1 -1 -1 -1 
-1 -1 -1 1 1 1 0 0 0 -1 -1 -1 -1 -1 -1 
-1 -1 -1 1 1 -1 0 0 -1 -1 -1 -1 -1 -1 -1 
-1 -1 -1 1 1 -1 0 0 -1 -1 -1 -1 -1 -1 -1 
-1 -1 -1 1 1 -1 0 0 -1 -1 -1 -1 -1 -1 -1 
-1 -1 -1 1 1 -1 0 0 -1 -1 -1 -1 -1 -1 -1 
-1 -1 -1 1 1 -1 0 0 -1 -1 -1 -1 -1 -1 -1 
END
15 0
5 6
5 3
-1 -1 -1 -1 1 1 -1 0 0 -1 -1 -1 -1 -1 -1 
-1 -1 -1 -1 1 1 -1 0 0 -1 -1 -1 -1 -1 -1 
-1 -1 -1 -1 1 1 -1 0 0 -1 -1 -1 -1 -1 -1 
-1 -1 -1 -1 1 1 -1 0 0 -1 -1 -1 -1 -1 -1 
-1 -1 -1 -1 1 1 -1 0 0 -1 -1 -1 -1 -1 -1 
-1 -1 -1 1 1 1 0 0 0 -1 -1 -1 -1 -1 -1 
-1 -1 -1 1 1 1 0 0 0 -1 -1 -1 -1 -1 -1 
-1 -1 -1 1 1 1 0 0 0 -1 -1 -1 -1 -1 -1 
-1 -1 -1 1 1 1 0 0 0 -1 -1 -1 -1 -1 -1 
-1 -1 -1 1 1 1 0 0 0 -1 -1 -1 -1 -1 -1 
-1 -1 -1 1 1 -1 0 0 -1 -1 -1 -1 -1 -1 -1 
-1 -1 -1 1 1 -1 0 0 -1 -1 -1 -1 -1 -1 -1 
-1 -1 -1 1 1 -1 0 0 -1 -1 -1 -1 -1 -1 -1 
-1 -1 -1 1 1 -1 0 0 -1 -1 -1 -1 -1 -1 -1 
-1 -1 -1 1 1 -1 0 0 -1 -1 -1 -1 -1 -1 -1 
END
15 0
4 6
4 3
-1 -1 -1 -1 1 1 -1 0 0 -1 -1 -1 -1 -1 -1 
-1 -1 -1 -1 1 1 -1 0 0 -1 -1 -1 -1 -1 -1 
-1 -1 -1 -1 1 1 -1 0 0 -1 -1 -1 -1 -1 -1 
-1 -1 -1 -1 1 1 -1 0 0 -1 -1 -1 -1 -1 -1 
-1 -1 -1 1 1 1 0 0 0 -1 -1 -1 -1 -1 -1 
-1 -1 -1 1 1 1 0 0 0 -1 -1 -1 -1 -1 -1 
-1 -1 -1 1 1 1 0 0 0 -1 -1 -1 -1 -1 -1 
-1 -1 -1 1 1 1 0 0 0 -1 -1 -1 -1 -1 -1 
-1 -1 -1 1 1 1 0 0 0 -1 -1 -1 -1 -1 -1 
-1 -1 -1 1 1 1 0 0 0 -1 -1 -1 -1 -1 -1 
-1 -1 -1 1 1 -1 0 0 -1 -1 -1 -1 -1 -1 -1 
-1 -1 -1 1 1 -1 0 0 -1 -1 -1 -1 -1 -1 -1 
-1 -1 -1 1 1 -1 0 0 -1 -1 -1 -1 -1 -1 -1 
-1 -1 -1 1 1 -1 0 0 -1 -1 -1 -1 -1 -1 -1 
-1 -1 -1 1 1 -1 0 0 -1 -1 -1 -1 -1 -1 -1 
END
15 0
3 6
3 3
-1 -1 -1 -1 1 1 -1 0 0 -1 -1 -1 -1 -1 -1 
-1 -1 -1 -1 1 1 -1 0 0 -1 -1 -1 -1 -1 -1 
-1 -1 -1 -1 1 1 -1 0 0 -1 -1 -1 -1 -1 -1 
-1 -1 -1 1 1 1 0 0 0 -1 -1 -1 -1 -1 -1 
-1 -1 -1 1 1 1 0 0 0 -1 -1 -1 -1 -1 -1 
-1 -1 -1 1 1 1 0 0 0 -1 -1 -1 -1 -1 -1 
-1 -1 -1 1 1 1 0 0 0 -1 -1 -1 -1 -1 -1 
-1 -1 -1 1 1 1 0 0 0 -1 -1 -1 -1 -1 -1 
-1 -1 -1 1 1 1 0 0 0 -1 -1 -1 -1 -1 -1 
-1 -1 -1 1 1 1 0 0 0 -1 -1 -1 -1 -1 -1 
-1 -1 -1 1 1 -1 0 0 -1 -1 -1 -1 -1 -1 -1 
-1 -1 -1 1 1 -1 0 0 -1 -1 -1 -1 -1 -1 -1 
-1 -1 -1 1 1 -1 0 0 -1 -1 -1 -1 -1 -1 -1 
-1 -1 -1 1 1 -1 0 0 -1 -1 -1 -1 -1 -1 -1 
-1 -1 -1 1 1 -1 0 0 -1 -1 -1 -1 -1 -1 -1 
END
15 0
2 6
2 3
-1 -1 -1 -1 1 1 -1 0 0 -1 -1 -1 -1 -1 -1 
-1 -1 -1 -1 1 1 -1 0 0 -1 -1 -1 -1 -1 -1 
-1 -1 -1 1 1 1 0 0 0 -1 -1 -1 -1 -1 -1 
-1 -1 -1 1 1 1 0 0 0 -1 -1 -1 -1 -1 -1 
-1 -1 -1 1 1 1 0 0 0 -1 -1 -1 -1 -1 -1 
-1 -1 -1 1 1 1 0 0 0 -1 -1 -1 -1 -1 -1 
-1 -1 -1 1 1 1 0 0 0 -1 -1 -1 -1 -1 -1 
-1 -1 -1 1 1 1 0 0 0 -1 -1 -1 -1 -1 -1 
-1 -1 -1 1 1 1 0 0 0 -1 -1 -1 -1 -1 -1 
-1 -1 -1 1 1 1 0 0 0 -1 -1 -1 -1 -1 -1 
-1 -1 -1 1 1 -1 0 0 -1 -1 -1 -1 -1 -1 -1 
-1 -1 -1 1 1 -1 0 0 -1 -1 -1 -1 -1 -1 -1 
-1 -1 -1 1 1 -1 0 0 -1 -1 -1 -1 -1 -1 -1 
-1 -1 -1 1 1 -1 0 0 -1 -1 -1 -1 -1 -1 -1 
-1 -1 -1 1 1 -1 0 0 -1 -1 -1 -1 -1 -1 -1 
END
15 0
1 6
1 3
-1 -1 -1 -1 1 1 -1 0 0 -1 -1 -1 -1 -1 -1 
-1 -1 -1 1 1 1 0 0 0 -1 -1 -1 -1 -1 -1 
-1 -1 -1 1 1 1 0 0 0 -1 -1 -1 -1 -1 -1 
-1 -1 -1 1 1 1 0 0 0 -1 -1 -1 -1 -1 -1 
-1 -1 -1 1 1 1 0 0 0 -1 -1 -1 -1 -1 -1 
-1 -1 -1 1 1 1 0 0 0 -1 -1 -1 -1 -1 -1 
-1 -1 -1 1 1 1 0 0 0 -1 -1 -1 -1 -1 -1 
-1 -1 -1 1 1 1 0 0 0 -1 -1 -1 -1 -1 -1 
-1 -1 -1 1 1 1 0 0 0 -1 -1 -1 -1 -1 -1 
-1 -1 -1 1 1 1 0 0 0 -1 -1 -1 -1 -1 -1 
-1 -1 -1 1 1 -1 0 0 -1 -1 -1 -1 -1 -1 -1 
-1 -1 -1 1 1 -1 0 0 -1 -1 -1 -1 -1 -1 -1 
-1 -1 -1 1 1 -1 0 0 -1 -1 -1 -1 -1 -1 -1 
-1 -1 -1 1 1 -1 0 0 -1 -1 -1 -1 -1 -1 -1 
-1 -1 -1 1 1 -1 0 0 -1 -1 -1 -1 -1 -1 -1 
END
15 0
0 6
0 3
-1 -1 -1 1 1 1 0 0 0 -1 -1 -1 -1 -1 -1 
-1 -1 -1 1 1 1 0 0 0 -1 -1 -1 -1 -1 -1 
-1 -1 -1 1 1 1 0 0 0 -1 -1 -1 -1 -1 -1 
-1 -1 -1 1 1 1 0 0 0 -1 -1 -1 -1 -1 -1 
-1 -1 -1 1 1 1 0 0 0 -1 -1 -1 -1 -1 -1 
-1 -1 -1 1 1 1 0 0 0 -1 -1 -1 -1 -1 -1 
-1 -1 -1 1 1 1 0 0 0 -1 -1 -1 -1 -1 -1 
-1 -1 -1 1 1 1 0 0 0 -1 -1 -1 -1 -1 -1 
-1 -1 -1 1 1 1 0 0 0 -1 -1 -1 -1 -1 -1 
-1 -1 -1 1 1 1 0 0 0 -1 -1 -1 -1 -1 -1 
-1 -1 -1 1 1 -1 0 0 -1 -1 -1 -1 -1 -1 -1 
-1 -1 -1 1 1 -1 0 0 -1 -1 -1 -1 -1 -1 -1 
-1 -1 -1 1 1 -1 0 0 -1 -1 -1 -1 -1 -1 -1 
-1 -1 -1 1 1 -1 0 0 -1 -1 -1 -1 -1 -1 -1 
-1 -1 -1 1 1 -1 0 0 -1 -1 -1 -1 -1 -1 -1 
END
