5 1
3 4
4 0
-1 -1 -1 -1 -1 
-1 -1 -1 -1 -1 
-1 -1 -1 -1 -1 
-1 -1 -1 -1 1 
-1 -1 -1 -1 -1 
END
5 1
2 4
3 0
-1 -1 -1 -1 -1 
-1 -1 -1 -1 -1 
-1 -1 -1 -1 0 
1 -1 -1 -1 1 
-1 -1 -1 -1 -1 
END
5 1
1 4
2 0
-1 -1 -1 -1 -1 
-1 -1 -1 -1 0 
1 -1 -1 -1 0 
1 -1 -1 -1 1 
-1 -1 -1 -1 -1 
END
5 1
0 4
1 0
-1 -1 -1 -1 0 
1 -1 -1 -1 0 
1 -1 -1 -1 0 
1 -1 -1 -1 1 
-1 -1 -1 -1 -1 
END
5 1
0 3
0 0
1 -1 -1 0 0 
1 -1 -1 -1 0 
1 -1 -1 -1 0 
1 -1 -1 -1 1 
-1 -1 -1 -1 -1 
END
5 1
1 3
0 1
1 1 -1 0 0 
1 -1 -1 0 0 
1 -1 -1 -1 0 
1 -1 -1 -1 1 
-1 -1 -1 -1 -1 
END
5 1
2 3
1 1
1 1 -1 0 0 
1 1 -1 0 0 
1 -1 -1 0 0 
1 -1 -1 -1 1 
-1 -1 -1 -1 -1 
END
5 1
3 3
2 1
1 1 -1 0 0 
1 1 -1 0 0 
1 1 -1 0 0 
1 -1 -1 0 1 
-1 -1 -1 -1 -1 
END
5 1
4 3
3 1
1 1 -1 0 0 
1 1 -1 0 0 
1 1 -1 0 0 
1 1 -1 0 1 
-1 -1 -1 0 -1 
END
5 1
4 2
4 1
1 1 -1 0 0 
1 1 -1 0 0 
1 1 -1 0 0 
1 1 -1 0 1 
-1 1 0 0 -1 
END
5 1
3 2
4 0
1 1 -1 0 0 
1 1 -1 0 0 
1 1 -1 0 0 
1 1 0 0 1 
1 1 0 0 -1 
END
