15 0
6 9
1 14
-1 -1 -1 -1 -1 -1 -1 -1 -1 -1 -1 -1 -1 -1 -1 
-1 -1 -1 -1 -1 -1 -1 -1 -1 -1 -1 -1 -1 -1 1 
-1 -1 -1 -1 -1 -1 -1 -1 -1 -1 -1 -1 -1 -1 -1 
-1 -1 -1 -1 -1 -1 -1 -1 -1 -1 -1 -1 -1 -1 -1 
-1 -1 -1 -1 -1 -1 -1 -1 -1 -1 -1 -1 -1 -1 -1 
-1 -1 -1 -1 -1 -1 -1 -1 -1 -1 -1 -1 -1 -1 -1 
-1 -1 -1 -1 -1 -1 -1 -1 -1 0 -1 -1 -1 -1 -1 
-1 -1 -1 -1 -1 -1 -1 -1 -1 -1 -1 -1 -1 -1 -1 
-1 -1 -1 -1 -1 -1 -1 -1 -1 -1 -1 -1 -1 -1 -1 
-1 -1 -1 -1 -1 -1 -1 -1 -1 -1 -1 -1 -1 -1 -1 
-1 -1 -1 -1 -1 -1 -1 -1 -1 -1 -1 -1 -1 -1 -1 
-1 -1 -1 -1 -1 -1 -1 -1 -1 -1 -1 -1 -1 -1 -1 
-1 -1 -1 -1 -1 -1 -1 -1 -1 -1 -1 -1 -1 -1 -1 
-1 -1 -1 -1 -1 -1 -1 -1 -1 -1 -1 -1 -1 -1 -1 
-1 -1 -1 -1 -1 -1 -1 -1 -1 -1 -1 -1 -1 -1 -1 
END
15 0
5 9
0 14
-1 -1 -1 -1 -1 -1 -1 -1 -1 -1 -1 -1 -1 -1 1 
-1 -1 -1 -1 -1 -1 -1 -1 -1 -1 -1 -1 -1 -1 1 
-1 -1 -1 -1 -1 -1 -1 -1 -1 -1 -1 -1 -1 -1 -1 
-1 -1 -1 -1 -1 -1 -1 -1 -1 -1 -1 -1 -1 -1 -1 
-1 -1 -1 -1 -1 -1 -1 -1 -1 -1 -1 -1 -1 -1 -1 
-1 -1 -1 -1 -1 -1 -1 -1 -1 0 -1 -1 -1 -1 -1 
-1 -1 -1 -1 -1 -1 -1 -1 -1 0 -1 -1 -1 -1 -1 
-1 -1 -1 -1 -1 -1 -1 -1 -1 -1 -1 -1 -1 -1 -1 
-1 -1 -1 -1 -1 -1 -1 -1 -1 -1 -1 -1 -1 -1 -1 
-1 -1 -1 -1 -1 -1 -1 -1 -1 -1 -1 -1 -1 -1 -1 
-1 -1 -1 -1 -1 -1 -1 -1 -1 -1 -1 -1 -1 -1 -1 
-1 -1 -1 -1 -1 -1 -1 -1 -1 -1 -1 -1 -1 -1 -1 
-1 -1 -1 -1 -1 -1 -1 -1 -1 -1 -1 -1 -1 -1 -1 
-1 -1 -1 -1 -1 -1 -1 -1 -1 -1 -1 -1 -1 -1 -1 
-1 -1 -1 -1 -1 -1 -1 -1 -1 -1 -1 -1 -1 -1 -1 
END
15 0
4 9
0 13
-1 -1 -1 -1 -1 -1 -1 -1 -1 -1 -1 -1 -1 1 1 
-1 -1 -1 -1 -1 -1 -1 -1 -1 -1 -1 -1 -1 -1 1 
-1 -1 -1 -1 -1 -1 -1 -1 -1 -1 -1 -1 -1 -1 -1 
-1 -1 -1 -1 -1 -1 -1 -1 -1 -1 -1 -1 -1 -1 -1 
-1 -1 -1 -1 -1 -1 -1 -1 -1 0 -1 -1 -1 -1 -1 
-1 -1 -1 -1 -1 -1 -1 -1 -1 0 -1 -1 -1 -1 -1 
-1 -1 -1 -1 -1 -1 -1 -1 -1 0 -1 -1 -1 -1 -1 
-1 -1 -1 -1 -1 -1 -1 -1 -1 -1 -1 -1 -1 -1 -1 
-1 -1 -1 -1 -1 -1 -1 -1 -1 -1 -1 -1 -1 -1 -1 
-1 -1 -1 -1 -1 -1 -1 -1 -1 -1 -1 -1 -1 -1 -1 
-1 -1 -1 -1 -1 -1 -1 -1 -1 -1 -1 -1 -1 -1 -1 
-1 -1 -1 -1 -1 -1 -1 -1 -1 -1 -1 -1 -1 -1 -1 
-1 -1 -1 -1 -1 -1 -1 -1 -1 -1 -1 -1 -1 -1 -1 
-1 -1 -1 -1 -1 -1 -1 -1 -1 -1 -1 -1 -1 -1 -1 
-1 -1 -1 -1 -1 -1 -1 -1 -1 -1 -1 -1 -1 -1 -1 
END
15 0
3 9
1 13
-1 -1 -1 -1 -1 -1 -1 -1 -1 -1 -1 -1 -1 1 1 
-1 -1 -1 -1 -1 -1 -1 -1 -1 -1 -1 -1 -1 1 1 
-1 -1 -1 -1 -1 -1 -1 -1 -1 -1 -1 -1 -1 -1 -1 
-1 -1 -1 -1 -1 -1 -1 -1 -1 0 -1 -1 -1 -1 -1 
-1 -1 -1 -1 -1 -1 -1 -1 -1 0 -1 -1 -1 -1 -1 
-1 -1 -1 -1 -1 -1 -1 -1 -1 0 -1 -1 -1 -1 -1 
-1 -1 -1 -1 -1 -1 -1 -1 -1 0 -1 -1 -1 -1 -1 
-1 -1 -1 -1 -1 -1 -1 -1 -1 -1 -1 -1 -1 -1 -1 
-1 -1 -1 -1 -1 -1 -1 -1 -1 -1 -1 -1 -1 -1 -1 
-1 -1 -1 -1 -1 -1 -1 -1 -1 -1 -1 -1 -1 -1 -1 
-1 -1 -1 -1 -1 -1 -1 -1 -1 -1 -1 -1 -1 -1 -1 
-1 -1 -1 -1 -1 -1 -1 -1 -1 -1 -1 -1 -1 -1 -1 
-1 -1 -1 -1 -1 -1 -1 -1 -1 -1 -1 -1 -1 -1 -1 
-1 -1 -1 -1 -1 -1 -1 -1 -1 -1 -1 -1 -1 -1 -1 
-1 -1 -1 -1 -1 -1 -1 -1 -1 -1 -1 -1 -1 -1 -1 
END
15 0
2 9
2 13
-1 -1 -1 -1 -1 -1 -1 -1 -1 -1 -1 -1 -1 1 1 
-1 -1 -1 -1 -1 -1 -1 -1 -1 -1 -1 -1 -1 1 1 
-1 -1 -1 -1 -1 -1 -1 -1 -1 0 -1 -1 -1 1 -1 
-1 -1 -1 -1 -1 -1 -1 -1 -1 0 -1 -1 -1 -1 -1 
-1 -1 -1 -1 -1 -1 -1 -1 -1 0 -1 -1 -1 -1 -1 
-1 -1 -1 -1 -1 -1 -1 -1 -1 0 -1 -1 -1 -1 -1 
-1 -1 -1 -1 -1 -1 -1 -1 -1 0 -1 -1 -1 -1 -1 
-1 -1 -1 -1 -1 -1 -1 -1 -1 -1 -1 -1 -1 -1 -1 
-1 -1 -1 -1 -1 -1 -1 -1 -1 -1 -1 -1 -1 -1 -1 
-1 -1 -1 -1 -1 -1 -1 -1 -1 -1 -1 -1 -1 -1 -1 
-1 -1 -1 -1 -1 -1 -1 -1 -1 -1 -1 -1 -1 -1 -1 
-1 -1 -1 -1 -1 -1 -1 -1 -1 -1 -1 -1 -1 -1 -1 
-1 -1 -1 -1 -1 -1 -1 -1 -1 -1 -1 -1 -1 -1 -1 
-1 -1 -1 -1 -1 -1 -1 -1 -1 -1 -1 -1 -1 -1 -1 
-1 -1 -1 -1 -1 -1 -1 -1 -1 -1 -1 -1 -1 -1 -1 
END
15 0
1 9
3 13
-1 -1 -1 -1 -1 -1 -1 -1 -1 -1 -1 -1 -1 1 1 
-1 -1 -1 -1 -1 -1 -1 -1 -1 0 -1 -1 -1 1 1 
-1 -1 -1 -1 -1 -1 -1 -1 -1 0 -1 -1 -1 1 -1 
-1 -1 -1 -1 -1 -1 -1 -1 -1 0 -1 -1 -1 1 -1 
-1 -1 -1 -1 -1 -1 -1 -1 -1 0 -1 -1 -1 -1 -1 
-1 -1 -1 -1 -1 -1 -1 -1 -1 0 -1 -1 -1 -1 -1 
-1 -1 -1 -1 -1 -1 -1 -1 -1 0 -1 -1 -1 -1 -1 
-1 -1 -1 -1 -1 -1 -1 -1 -1 -1 -1 -1 -1 -1 -1 
-1 -1 -1 -1 -1 -1 -1 -1 -1 -1 -1 -1 -1 -1 -1 
-1 -1 -1 -1 -1 -1 -1 -1 -1 -1 -1 -1 -1 -1 -1 
-1 -1 -1 -1 -1 -1 -1 -1 -1 -1 -1 -1 -1 -1 -1 
-1 -1 -1 -1 -1 -1 -1 -1 -1 -1 -1 -1 -1 -1 -1 
-1 -1 -1 -1 -1 -1 -1 -1 -1 -1 -1 -1 -1 -1 -1 
-1 -1 -1 -1 -1 -1 -1 -1 -1 -1 -1 -1 -1 -1 -1 
-1 -1 -1 -1 -1 -1 -1 -1 -1 -1 -1 -1 -1 -1 -1 
END
15 0
0 9
4 13
-1 -1 -1 -1 -1 -1 -1 -1 -1 0 -1 -1 -1 1 1 
-1 -1 -1 -1 -1 -1 -1 -1 -1 0 -1 -1 -1 1 1 
-1 -1 -1 -1 -1 -1 -1 -1 -1 0 -1 -1 -1 1 -1 
-1 -1 -1 -1 -1 -1 -1 -1 -1 0 -1 -1 -1 1 -1 
-1 -1 -1 -1 -1 -1 -1 -1 -1 0 -1 -1 -1 1 -1 
-1 -1 -1 -1 -1 -1 -1 -1 -1 0 -1 -1 -1 -1 -1 
-1 -1 -1 -1 -1 -1 -1 -1 -1 0 -1 -1 -1 -1 -1 
-1 -1 -1 -1 -1 -1 -1 -1 -1 -1 -1 -1 -1 -1 -1 
-1 -1 -1 -1 -1 -1 -1 -1 -1 -1 -1 -1 -1 -1 -1 
-1 -1 -1 -1 -1 -1 -1 -1 -1 -1 -1 -1 -1 -1 -1 
-1 -1 -1 -1 -1 -1 -1 -1 -1 -1 -1 -1 -1 -1 -1 
-1 -1 -1 -1 -1 -1 -1 -1 -1 -1 -1 -1 -1 -1 -1 
-1 -1 -1 -1 -1 -1 -1 -1 -1 -1 -1 -1 -1 -1 -1 
-1 -1 -1 -1 -1 -1 -1 -1 -1 -1 -1 -1 -1 -1 -1 
-1 -1 -1 -1 -1 -1 -1 -1 -1 -1 -1 -1 -1 -1 -1 
END
15 0
0 8
5 13
-1 -1 -1 -1 -1 -1 -1 -1 0 0 -1 -1 -1 1 1 
-1 -1 -1 -1 -1 -1 -1 -1 -1 0 -1 -1 -1 1 1 
-1 -1 -1 -1 -1 -1 -1 -1 -1 0 -1 -1 -1 1 -1 
-1 -1 -1 -1 -1 -1 -1 -1 -1 0 -1 -1 -1 1 -1 
-1 -1 -1 -1 -1 -1 -1 -1 -1 0 -1 -1 -1 1 -1 
-1 -1 -1 -1 -1 -1 -1 -1 -1 0 -1 -1 -1 1 -1 
-1 -1 -1 -1 -1 -1 -1 -1 -1 0 -1 -1 -1 -1 -1 
-1 -1 -1 -1 -1 -1 -1 -1 -1 -1 -1 -1 -1 -1 -1 
-1 -1 -1 -1 -1 -1 -1 -1 -1 -1 -1 -1 -1 -1 -1 
-1 -1 -1 -1 -1 -1 -1 -1 -1 -1 -1 -1 -1 -1 -1 
-1 -1 -1 -1 -1 -1 -1 -1 -1 -1 -1 -1 -1 -1 -1 
-1 -1 -1 -1 -1 -1 -1 -1 -1 -1 -1 -1 -1 -1 -1 
-1 -1 -1 -1 -1 -1 -1 -1 -1 -1 -1 -1 -1 -1 -1 
-1 -1 -1 -1 -1 -1 -1 -1 -1 -1 -1 -1 -1 -1 -1 
-1 -1 -1 -1 -1 -1 -1 -1 -1 -1 -1 -1 -1 -1 -1 
END
15 0
1 8
6 13
-1 -1 -1 -1 -1 -1 -1 -1 0 0 -1 -1 -1 1 1 
-1 -1 -1 -1 -1 -1 -1 -1 0 0 -1 -1 -1 1 1 
-1 -1 -1 -1 -1 -1 -1 -1 -1 0 -1 -1 -1 1 -1 
-1 -1 -1 -1 -1 -1 -1 -1 -1 0 -1 -1 -1 1 -1 
-1 -1 -1 -1 -1 -1 -1 -1 -1 0 -1 -1 -1 1 -1 
-1 -1 -1 -1 -1 -1 -1 -1 -1 0 -1 -1 -1 1 -1 
-1 -1 -1 -1 -1 -1 -1 -1 -1 0 -1 -1 -1 1 -1 
-1 -1 -1 -1 -1 -1 -1 -1 -1 -1 -1 -1 -1 -1 -1 
-1 -1 -1 -1 -1 -1 -1 -1 -1 -1 -1 -1 -1 -1 -1 
-1 -1 -1 -1 -1 -1 -1 -1 -1 -1 -1 -1 -1 -1 -1 
-1 -1 -1 -1 -1 -1 -1 -1 -1 -1 -1 -1 -1 -1 -1 
-1 -1 -1 -1 -1 -1 -1 -1 -1 -1 -1 -1 -1 -1 -1 
-1 -1 -1 -1 -1 -1 -1 -1 -1 -1 -1 -1 -1 -1 -1 
-1 -1 -1 -1 -1 -1 -1 -1 -1 -1 -1 -1 -1 -1 -1 
-1 -1 -1 -1 -1 -1 -1 -1 -1 -1 -1 -1 -1 -1 -1 
END
15 0
2 8
7 13
-1 -1 -1 -1 -1 -1 -1 -1 0 0 -1 -1 -1 1 1 
-1 -1 -1 -1 -1 -1 -1 -1 0 0 -1 -1 -1 1 1 
-1 -1 -1 -1 -1 -1 -1 -1 0 0 -1 -1 -1 1 -1 
-1 -1 -1 -1 -1 -1 -1 -1 -1 0 -1 -1 -1 1 -1 
-1 -1 -1 -1 -1 -1 -1 -1 -1 0 -1 -1 -1 1 -1 
-1 -1 -1 -1 -1 -1 -1 -1 -1 0 -1 -1 -1 1 -1 
-1 -1 -1 -1 -1 -1 -1 -1 -1 0 -1 -1 -1 1 -1 
-1 -1 -1 -1 -1 -1 -1 -1 -1 -1 -1 -1 -1 1 -1 
-1 -1 -1 -1 -1 -1 -1 -1 -1 -1 -1 -1 -1 -1 -1 
-1 -1 -1 -1 -1 -1 -1 -1 -1 -1 -1 -1 -1 -1 -1 
-1 -1 -1 -1 -1 -1 -1 -1 -1 -1 -1 -1 -1 -1 -1 
-1 -1 -1 -1 -1 -1 -1 -1 -1 -1 -1 -1 -1 -1 -1 
-1 -1 -1 -1 -1 -1 -1 -1 -1 -1 -1 -1 -1 -1 -1 
-1 -1 -1 -1 -1 -1 -1 -1 -1 -1 -1 -1 -1 -1 -1 
-1 -1 -1 -1 -1 -1 -1 -1 -1 -1 -1 -1 -1 -1 -1 
END
15 0
3 8
8 13
-1 -1 -1 -1 -1 -1 -1 -1 0 0 -1 -1 -1 1 1 
-1 -1 -1 -1 -1 -1 -1 -1 0 0 -1 -1 -1 1 1 
-1 -1 -1 -1 -1 -1 -1 -1 0 0 -1 -1 -1 1 -1 
-1 -1 -1 -1 -1 -1 -1 -1 0 0 -1 -1 -1 1 -1 
-1 -1 -1 -1 -1 -1 -1 -1 -1 0 -1 -1 -1 1 -1 
-1 -1 -1 -1 -1 -1 -1 -1 -1 0 -1 -1 -1 1 -1 
-1 -1 -1 -1 -1 -1 -1 -1 -1 0 -1 -1 -1 1 -1 
-1 -1 -1 -1 -1 -1 -1 -1 -1 -1 -1 -1 -1 1 -1 
-1 -1 -1 -1 -1 -1 -1 -1 -1 -1 -1 -1 -1 1 -1 
-1 -1 -1 -1 -1 -1 -1 -1 -1 -1 -1 -1 -1 -1 -1 
-1 -1 -1 -1 -1 -1 -1 -1 -1 -1 -1 -1 -1 -1 -1 
-1 -1 -1 -1 -1 -1 -1 -1 -1 -1 -1 -1 -1 -1 -1 
-1 -1 -1 -1 -1 -1 -1 -1 -1 -1 -1 -1 -1 -1 -1 
-1 -1 -1 -1 -1 -1 -1 -1 -1 -1 -1 -1 -1 -1 -1 
-1 -1 -1 -1 -1 -1 -1 -1 -1 -1 -1 -1 -1 -1 -1 
END
15 0
4 8
9 13
-1 -1 -1 -1 -1 -1 -1 -1 0 0 -1 -1 -1 1 1 
-1 -1 -1 -1 -1 -1 -1 -1 0 0 -1 -1 -1 1 1 
-1 -1 -1 -1 -1 -1 -1 -1 0 0 -1 -1 -1 1 -1 
-1 -1 -1 -1 -1 -1 -1 -1 0 0 -1 -1 -1 1 -1 
-1 -1 -1 -1 -1 -1 -1 -1 0 0 -1 -1 -1 1 -1 
-1 -1 -1 -1 -1 -1 -1 -1 -1 0 -1 -1 -1 1 -1 
-1 -1 -1 -1 -1 -1 -1 -1 -1 0 -1 -1 -1 1 -1 
-1 -1 -1 -1 -1 -1 -1 -1 -1 -1 -1 -1 -1 1 -1 
-1 -1 -1 -1 -1 -1 -1 -1 -1 -1 -1 -1 -1 1 -1 
-1 -1 -1 -1 -1 -1 -1 -1 -1 -1 -1 -1 -1 1 -1 
-1 -1 -1 -1 -1 -1 -1 -1 -1 -1 -1 -1 -1 -1 -1 
-1 -1 -1 -1 -1 -1 -1 -1 -1 -1 -1 -1 -1 -1 -1 
-1 -1 -1 -1 -1 -1 -1 -1 -1 -1 -1 -1 -1 -1 -1 
-1 -1 -1 -1 -1 -1 -1 -1 -1 -1 -1 -1 -1 -1 -1 
-1 -1 -1 -1 -1 -1 -1 -1 -1 -1 -1 -1 -1 -1 -1 
END
15 0
5 8
10 13
-1 -1 -1 -1 -1 -1 -1 -1 0 0 -1 -1 -1 1 1 
-1 -1 -1 -1 -1 -1 -1 -1 0 0 -1 -1 -1 1 1 
-1 -1 -1 -1 -1 -1 -1 -1 0 0 -1 -1 -1 1 -1 
-1 -1 -1 -1 -1 -1 -1 -1 0 0 -1 -1 -1 1 -1 
-1 -1 -1 -1 -1 -1 -1 -1 0 0 -1 -1 -1 1 -1 
-1 -1 -1 -1 -1 -1 -1 -1 0 0 -1 -1 -1 1 -1 
-1 -1 -1 -1 -1 -1 -1 -1 -1 0 -1 -1 -1 1 -1 
-1 -1 -1 -1 -1 -1 -1 -1 -1 -1 -1 -1 -1 1 -1 
-1 -1 -1 -1 -1 -1 -1 -1 -1 -1 -1 -1 -1 1 -1 
-1 -1 -1 -1 -1 -1 -1 -1 -1 -1 -1 -1 -1 1 -1 
-1 -1 -1 -1 -1 -1 -1 -1 -1 -1 -1 -1 -1 1 -1 
-1 -1 -1 -1 -1 -1 -1 -1 -1 -1 -1 -1 -1 -1 -1 
-1 -1 -1 -1 -1 -1 -1 -1 -1 -1 -1 -1 -1 -1 -1 
-1 -1 -1 -1 -1 -1 -1 -1 -1 -1 -1 -1 -1 -1 -1 
-1 -1 -1 -1 -1 -1 -1 -1 -1 -1 -1 -1 -1 -1 -1 
END
15 0
6 8
11 13
-1 -1 -1 -1 -1 -1 -1 -1 0 0 -1 -1 -1 1 1 
-1 -1 -1 -1 -1 -1 -1 -1 0 0 -1 -1 -1 1 1 
-1 -1 -1 -1 -1 -1 -1 -1 0 0 -1 -1 -1 1 -1 
-1 -1 -1 -1 -1 -1 -1 -1 0 0 -1 -1 -1 1 -1 
-1 -1 -1 -1 -1 -1 -1 -1 0 0 -1 -1 -1 1 -1 
-1 -1 -1 -1 -1 -1 -1 -1 0 0 -1 -1 -1 1 -1 
-1 -1 -1 -1 -1 -1 -1 -1 0 0 -1 -1 -1 1 -1 
-1 -1 -1 -1 -1 -1 -1 -1 -1 -1 -1 -1 -1 1 -1 
-1 -1 -1 -1 -1 -1 -1 -1 -1 -1 -1 -1 -1 1 -1 
-1 -1 -1 -1 -1 -1 -1 -1 -1 -1 -1 -1 -1 1 -1 
-1 -1 -1 -1 -1 -1 -1 -1 -1 -1 -1 -1 -1 1 -1 
-1 -1 -1 -1 -1 -1 -1 -1 -1 -1 -1 -1 -1 1 -1 
-1 -1 -1 -1 -1 -1 -1 -1 -1 -1 -1 -1 -1 -1 -1 
-1 -1 -1 -1 -1 -1 -1 -1 -1 -1 -1 -1 -1 -1 -1 
-1 -1 -1 -1 -1 -1 -1 -1 -1 -1 -1 -1 -1 -1 -1 
END
15 0
7 8
12 13
-1 -1 -1 -1 -1 -1 -1 -1 0 0 -1 -1 -1 1 1 
-1 -1 -1 -1 -1 -1 -1 -1 0 0 -1 -1 -1 1 1 
-1 -1 -1 -1 -1 -1 -1 -1 0 0 -1 -1 -1 1 -1 
-1 -1 -1 -1 -1 -1 -1 -1 0 0 -1 -1 -1 1 -1 
-1 -1 -1 -1 -1 -1 -1 -1 0 0 -1 -1 -1 1 -1 
-1 -1 -1 -1 -1 -1 -1 -1 0 0 -1 -1 -1 1 -1 
-1 -1 -1 -1 -1 -1 -1 -1 0 0 -1 -1 -1 1 -1 
-1 -1 -1 -1 -1 -1 -1 -1 0 -1 -1 -1 -1 1 -1 
-1 -1 -1 -1 -1 -1 -1 -1 -1 -1 -1 -1 -1 1 -1 
-1 -1 -1 -1 -1 -1 -1 -1 -1 -1 -1 -1 -1 1 -1 
-1 -1 -1 -1 -1 -1 -1 -1 -1 -1 -1 -1 -1 1 -1 
-1 -1 -1 -1 -1 -1 -1 -1 -1 -1 -1 -1 -1 1 -1 
-1 -1 -1 -1 -1 -1 -1 -1 -1 -1 -1 -1 -1 1 -1 
-1 -1 -1 -1 -1 -1 -1 -1 -1 -1 -1 -1 -1 -1 -1 
-1 -1 -1 -1 -1 -1 -1 -1 -1 -1 -1 -1 -1 -1 -1 
END
15 0
8 8
13 13
-1 -1 -1 -1 -1 -1 -1 -1 0 0 -1 -1 -1 1 1 
-1 -1 -1 -1 -1 -1 -1 -1 0 0 -1 -1 -1 1 1 
-1 -1 -1 -1 -1 -1 -1 -1 0 0 -1 -1 -1 1 -1 
-1 -1 -1 -1 -1 -1 -1 -1 0 0 -1 -1 -1 1 -1 
-1 -1 -1 -1 -1 -1 -1 -1 0 0 -1 -1 -1 1 -1 
-1 -1 -1 -1 -1 -1 -1 -1 0 0 -1 -1 -1 1 -1 
-1 -1 -1 -1 -1 -1 -1 -1 0 0 -1 -1 -1 1 -1 
-1 -1 -1 -1 -1 -1 -1 -1 0 -1 -1 -1 -1 1 -1 
-1 -1 -1 -1 -1 -1 -1 -1 0 -1 -1 -1 -1 1 -1 
-1 -1 -1 -1 -1 -1 -1 -1 -1 -1 -1 -1 -1 1 -1 
-1 -1 -1 -1 -1 -1 -1 -1 -1 -1 -1 -1 -1 1 -1 
-1 -1 -1 -1 -1 -1 -1 -1 -1 -1 -1 -1 -1 1 -1 
-1 -1 -1 -1 -1 -1 -1 -1 -1 -1 -1 -1 -1 1 -1 
-1 -1 -1 -1 -1 -1 -1 -1 -1 -1 -1 -1 -1 1 -1 
-1 -1 -1 -1 -1 -1 -1 -1 -1 -1 -1 -1 -1 -1 -1 
END
15 0
9 8
14 13
-1 -1 -1 -1 -1 -1 -1 -1 0 0 -1 -1 -1 1 1 
-1 -1 -1 -1 -1 -1 -1 -1 0 0 -1 -1 -1 1 1 
-1 -1 -1 -1 -1 -1 -1 -1 0 0 -1 -1 -1 1 -1 
-1 -1 -1 -1 -1 -1 -1 -1 0 0 -1 -1 -1 1 -1 
-1 -1 -1 -1 -1 -1 -1 -1 0 0 -1 -1 -1 1 -1 
-1 -1 -1 -1 -1 -1 -1 -1 0 0 -1 -1 -1 1 -1 
-1 -1 -1 -1 -1 -1 -1 -1 0 0 -1 -1 -1 1 -1 
-1 -1 -1 -1 -1 -1 -1 -1 0 -1 -1 -1 -1 1 -1 
-1 -1 -1 -1 -1 -1 -1 -1 0 -1 -1 -1 -1 1 -1 
-1 -1 -1 -1 -1 -1 -1 -1 0 -1 -1 -1 -1 1 -1 
-1 -1 -1 -1 -1 -1 -1 -1 -1 -1 -1 -1 -1 1 -1 
-1 -1 -1 -1 -1 -1 -1 -1 -1 -1 -1 -1 -1 1 -1 
-1 -1 -1 -1 -1 -1 -1 -1 -1 -1 -1 -1 -1 1 -1 
-1 -1 -1 -1 -1 -1 -1 -1 -1 -1 -1 -1 -1 1 -1 
-1 -1 -1 -1 -1 -1 -1 -1 -1 -1 -1 -1 -1 1 -1 
END
15 0
10 8
14 12
-1 -1 -1 -1 -1 -1 -1 -1 0 0 -1 -1 -1 1 1 
-1 -1 -1 -1 -1 -1 -1 -1 0 0 -1 -1 -1 1 1 
-1 -1 -1 -1 -1 -1 -1 -1 0 0 -1 -1 -1 1 -1 
-1 -1 -1 -1 -1 -1 -1 -1 0 0 -1 -1 -1 1 -1 
-1 -1 -1 -1 -1 -1 -1 -1 0 0 -1 -1 -1 1 -1 
-1 -1 -1 -1 -1 -1 -1 -1 0 0 -1 -1 -1 1 -1 
-1 -1 -1 -1 -1 -1 -1 -1 0 0 -1 -1 -1 1 -1 
-1 -1 -1 -1 -1 -1 -1 -1 0 -1 -1 -1 -1 1 -1 
-1 -1 -1 -1 -1 -1 -1 -1 0 -1 -1 -1 -1 1 -1 
-1 -1 -1 -1 -1 -1 -1 -1 0 -1 -1 -1 -1 1 -1 
-1 -1 -1 -1 -1 -1 -1 -1 0 -1 -1 -1 -1 1 -1 
-1 -1 -1 -1 -1 -1 -1 -1 -1 -1 -1 -1 -1 1 -1 
-1 -1 -1 -1 -1 -1 -1 -1 -1 -1 -1 -1 -1 1 -1 
-1 -1 -1 -1 -1 -1 -1 -1 -1 -1 -1 -1 -1 1 -1 
-1 -1 -1 -1 -1 -1 -1 -1 -1 -1 -1 -1 1 1 -1 
END
15 0
11 8
13 12
-1 -1 -1 -1 -1 -1 -1 -1 0 0 -1 -1 -1 1 1 
-1 -1 -1 -1 -1 -1 -1 -1 0 0 -1 -1 -1 1 1 
-1 -1 -1 -1 -1 -1 -1 -1 0 0 -1 -1 -1 1 -1 
-1 -1 -1 -1 -1 -1 -1 -1 0 0 -1 -1 -1 1 -1 
-1 -1 -1 -1 -1 -1 -1 -1 0 0 -1 -1 -1 1 -1 
-1 -1 -1 -1 -1 -1 -1 -1 0 0 -1 -1 -1 1 -1 
-1 -1 -1 -1 -1 -1 -1 -1 0 0 -1 -1 -1 1 -1 
-1 -1 -1 -1 -1 -1 -1 -1 0 -1 -1 -1 -1 1 -1 
-1 -1 -1 -1 -1 -1 -1 -1 0 -1 -1 -1 -1 1 -1 
-1 -1 -1 -1 -1 -1 -1 -1 0 -1 -1 -1 -1 1 -1 
-1 -1 -1 -1 -1 -1 -1 -1 0 -1 -1 -1 -1 1 -1 
-1 -1 -1 -1 -1 -1 -1 -1 0 -1 -1 -1 -1 1 -1 
-1 -1 -1 -1 -1 -1 -1 -1 -1 -1 -1 -1 -1 1 -1 
-1 -1 -1 -1 -1 -1 -1 -1 -1 -1 -1 -1 1 1 -1 
-1 -1 -1 -1 -1 -1 -1 -1 -1 -1 -1 -1 1 1 -1 
END
15 0
12 8
12 12
-1 -1 -1 -1 -1 -1 -1 -1 0 0 -1 -1 -1 1 1 
-1 -1 -1 -1 -1 -1 -1 -1 0 0 -1 -1 -1 1 1 
-1 -1 -1 -1 -1 -1 -1 -1 0 0 -1 -1 -1 1 -1 
-1 -1 -1 -1 -1 -1 -1 -1 0 0 -1 -1 -1 1 -1 
-1 -1 -1 -1 -1 -1 -1 -1 0 0 -1 -1 -1 1 -1 
-1 -1 -1 -1 -1 -1 -1 -1 0 0 -1 -1 -1 1 -1 
-1 -1 -1 -1 -1 -1 -1 -1 0 0 -1 -1 -1 1 -1 
-1 -1 -1 -1 -1 -1 -1 -1 0 -1 -1 -1 -1 1 -1 
-1 -1 -1 -1 -1 -1 -1 -1 0 -1 -1 -1 -1 1 -1 
-1 -1 -1 -1 -1 -1 -1 -1 0 -1 -1 -1 -1 1 -1 
-1 -1 -1 -1 -1 -1 -1 -1 0 -1 -1 -1 -1 1 -1 
-1 -1 -1 -1 -1 -1 -1 -1 0 -1 -1 -1 -1 1 -1 
-1 -1 -1 -1 -1 -1 -1 -1 0 -1 -1 -1 1 1 -1 
-1 -1 -1 -1 -1 -1 -1 -1 -1 -1 -1 -1 1 1 -1 
-1 -1 -1 -1 -1 -1 -1 -1 -1 -1 -1 -1 1 1 -1 
END
15 0
13 8
11 12
-1 -1 -1 -1 -1 -1 -1 -1 0 0 -1 -1 -1 1 1 
-1 -1 -1 -1 -1 -1 -1 -1 0 0 -1 -1 -1 1 1 
-1 -1 -1 -1 -1 -1 -1 -1 0 0 -1 -1 -1 1 -1 
-1 -1 -1 -1 -1 -1 -1 -1 0 0 -1 -1 -1 1 -1 
-1 -1 -1 -1 -1 -1 -1 -1 0 0 -1 -1 -1 1 -1 
-1 -1 -1 -1 -1 -1 -1 -1 0 0 -1 -1 -1 1 -1 
-1 -1 -1 -1 -1 -1 -1 -1 0 0 -1 -1 -1 1 -1 
-1 -1 -1 -1 -1 -1 -1 -1 0 -1 -1 -1 -1 1 -1 
-1 -1 -1 -1 -1 -1 -1 -1 0 -1 -1 -1 -1 1 -1 
-1 -1 -1 -1 -1 -1 -1 -1 0 -1 -1 -1 -1 1 -1 
-1 -1 -1 -1 -1 -1 -1 -1 0 -1 -1 -1 -1 1 -1 
-1 -1 -1 -1 -1 -1 -1 -1 0 -1 -1 -1 1 1 -1 
-1 -1 -1 -1 -1 -1 -1 -1 0 -1 -1 -1 1 1 -1 
-1 -1 -1 -1 -1 -1 -1 -1 0 -1 -1 -1 1 1 -1 
-1 -1 -1 -1 -1 -1 -1 -1 -1 -1 -1 -1 1 1 -1 
END
15 0
14 8
10 12
-1 -1 -1 -1 -1 -1 -1 -1 0 0 -1 -1 -1 1 1 
-1 -1 -1 -1 -1 -1 -1 -1 0 0 -1 -1 -1 1 1 
-1 -1 -1 -1 -1 -1 -1 -1 0 0 -1 -1 -1 1 -1 
-1 -1 -1 -1 -1 -1 -1 -1 0 0 -1 -1 -1 1 -1 
-1 -1 -1 -1 -1 -1 -1 -1 0 0 -1 -1 -1 1 -1 
-1 -1 -1 -1 -1 -1 -1 -1 0 0 -1 -1 -1 1 -1 
-1 -1 -1 -1 -1 -1 -1 -1 0 0 -1 -1 -1 1 -1 
-1 -1 -1 -1 -1 -1 -1 -1 0 -1 -1 -1 -1 1 -1 
-1 -1 -1 -1 -1 -1 -1 -1 0 -1 -1 -1 -1 1 -1 
-1 -1 -1 -1 -1 -1 -1 -1 0 -1 -1 -1 -1 1 -1 
-1 -1 -1 -1 -1 -1 -1 -1 0 -1 -1 -1 1 1 -1 
-1 -1 -1 -1 -1 -1 -1 -1 0 -1 -1 -1 1 1 -1 
-1 -1 -1 -1 -1 -1 -1 -1 0 -1 -1 -1 1 1 -1 
-1 -1 -1 -1 -1 -1 -1 -1 0 -1 -1 -1 1 1 -1 
-1 -1 -1 -1 -1 -1 -1 -1 0 -1 -1 -1 1 1 -1 
END
15 0
14 7
9 12
-1 -1 -1 -1 -1 -1 -1 -1 0 0 -1 -1 -1 1 1 
-1 -1 -1 -1 -1 -1 -1 -1 0 0 -1 -1 -1 1 1 
-1 -1 -1 -1 -1 -1 -1 -1 0 0 -1 -1 -1 1 -1 
-1 -1 -1 -1 -1 -1 -1 -1 0 0 -1 -1 -1 1 -1 
-1 -1 -1 -1 -1 -1 -1 -1 0 0 -1 -1 -1 1 -1 
-1 -1 -1 -1 -1 -1 -1 -1 0 0 -1 -1 -1 1 -1 
-1 -1 -1 -1 -1 -1 -1 -1 0 0 -1 -1 -1 1 -1 
-1 -1 -1 -1 -1 -1 -1 -1 0 -1 -1 -1 -1 1 -1 
-1 -1 -1 -1 -1 -1 -1 -1 0 -1 -1 -1 -1 1 -1 
-1 -1 -1 -1 -1 -1 -1 -1 0 -1 -1 -1 1 1 -1 
-1 -1 -1 -1 -1 -1 -1 -1 0 -1 -1 -1 1 1 -1 
-1 -1 -1 -1 -1 -1 -1 -1 0 -1 -1 -1 1 1 -1 
-1 -1 -1 -1 -1 -1 -1 -1 0 -1 -1 -1 1 1 -1 
-1 -1 -1 -1 -1 -1 -1 -1 0 -1 -1 -1 1 1 -1 
-1 -1 -1 -1 -1 -1 -1 0 0 -1 -1 -1 1 1 -1 
END
15 0
13 7
8 12
-1 -1 -1 -1 -1 -1 -1 -1 0 0 -1 -1 -1 1 1 
-1 -1 -1 -1 -1 -1 -1 -1 0 0 -1 -1 -1 1 1 
-1 -1 -1 -1 -1 -1 -1 -1 0 0 -1 -1 -1 1 -1 
-1 -1 -1 -1 -1 -1 -1 -1 0 0 -1 -1 -1 1 -1 
-1 -1 -1 -1 -1 -1 -1 -1 0 0 -1 -1 -1 1 -1 
-1 -1 -1 -1 -1 -1 -1 -1 0 0 -1 -1 -1 1 -1 
-1 -1 -1 -1 -1 -1 -1 -1 0 0 -1 -1 -1 1 -1 
-1 -1 -1 -1 -1 -1 -1 -1 0 -1 -1 -1 -1 1 -1 
-1 -1 -1 -1 -1 -1 -1 -1 0 -1 -1 -1 1 1 -1 
-1 -1 -1 -1 -1 -1 -1 -1 0 -1 -1 -1 1 1 -1 
-1 -1 -1 -1 -1 -1 -1 -1 0 -1 -1 -1 1 1 -1 
-1 -1 -1 -1 -1 -1 -1 -1 0 -1 -1 -1 1 1 -1 
-1 -1 -1 -1 -1 -1 -1 -1 0 -1 -1 -1 1 1 -1 
-1 -1 -1 -1 -1 -1 -1 0 0 -1 -1 -1 1 1 -1 
-1 -1 -1 -1 -1 -1 -1 0 0 -1 -1 -1 1 1 -1 
END
15 0
12 7
7 12
-1 -1 -1 -1 -1 -1 -1 -1 0 0 -1 -1 -1 1 1 
-1 -1 -1 -1 -1 -1 -1 -1 0 0 -1 -1 -1 1 1 
-1 -1 -1 -1 -1 -1 -1 -1 0 0 -1 -1 -1 1 -1 
-1 -1 -1 -1 -1 -1 -1 -1 0 0 -1 -1 -1 1 -1 
-1 -1 -1 -1 -1 -1 -1 -1 0 0 -1 -1 -1 1 -1 
-1 -1 -1 -1 -1 -1 -1 -1 0 0 -1 -1 -1 1 -1 
-1 -1 -1 -1 -1 -1 -1 -1 0 0 -1 -1 -1 1 -1 
-1 -1 -1 -1 -1 -1 -1 -1 0 -1 -1 -1 1 1 -1 
-1 -1 -1 -1 -1 -1 -1 -1 0 -1 -1 -1 1 1 -1 
-1 -1 -1 -1 -1 -1 -1 -1 0 -1 -1 -1 1 1 -1 
-1 -1 -1 -1 -1 -1 -1 -1 0 -1 -1 -1 1 1 -1 
-1 -1 -1 -1 -1 -1 -1 -1 0 -1 -1 -1 1 1 -1 
-1 -1 -1 -1 -1 -1 -1 0 0 -1 -1 -1 1 1 -1 
-1 -1 -1 -1 -1 -1 -1 0 0 -1 -1 -1 1 1 -1 
-1 -1 -1 -1 -1 -1 -1 0 0 -1 -1 -1 1 1 -1 
END
15 0
11 7
6 12
-1 -1 -1 -1 -1 -1 -1 -1 0 0 -1 -1 -1 1 1 
-1 -1 -1 -1 -1 -1 -1 -1 0 0 -1 -1 -1 1 1 
-1 -1 -1 -1 -1 -1 -1 -1 0 0 -1 -1 -1 1 -1 
-1 -1 -1 -1 -1 -1 -1 -1 0 0 -1 -1 -1 1 -1 
-1 -1 -1 -1 -1 -1 -1 -1 0 0 -1 -1 -1 1 -1 
-1 -1 -1 -1 -1 -1 -1 -1 0 0 -1 -1 -1 1 -1 
-1 -1 -1 -1 -1 -1 -1 -1 0 0 -1 -1 1 1 -1 
-1 -1 -1 -1 -1 -1 -1 -1 0 -1 -1 -1 1 1 -1 
-1 -1 -1 -1 -1 -1 -1 -1 0 -1 -1 -1 1 1 -1 
-1 -1 -1 -1 -1 -1 -1 -1 0 -1 -1 -1 1 1 -1 
-1 -1 -1 -1 -1 -1 -1 -1 0 -1 -1 -1 1 1 -1 
-1 -1 -1 -1 -1 -1 -1 0 0 -1 -1 -1 1 1 -1 
-1 -1 -1 -1 -1 -1 -1 0 0 -1 -1 -1 1 1 -1 
-1 -1 -1 -1 -1 -1 -1 0 0 -1 -1 -1 1 1 -1 
-1 -1 -1 -1 -1 -1 -1 0 0 -1 -1 -1 1 1 -1 
END
15 0
10 7
5 12
-1 -1 -1 -1 -1 -1 -1 -1 0 0 -1 -1 -1 1 1 
-1 -1 -1 -1 -1 -1 -1 -1 0 0 -1 -1 -1 1 1 
-1 -1 -1 -1 -1 -1 -1 -1 0 0 -1 -1 -1 1 -1 
-1 -1 -1 -1 -1 -1 -1 -1 0 0 -1 -1 -1 1 -1 
-1 -1 -1 -1 -1 -1 -1 -1 0 0 -1 -1 -1 1 -1 
-1 -1 -1 -1 -1 -1 -1 -1 0 0 -1 -1 1 1 -1 
-1 -1 -1 -1 -1 -1 -1 -1 0 0 -1 -1 1 1 -1 
-1 -1 -1 -1 -1 -1 -1 -1 0 -1 -1 -1 1 1 -1 
-1 -1 -1 -1 -1 -1 -1 -1 0 -1 -1 -1 1 1 -1 
-1 -1 -1 -1 -1 -1 -1 -1 0 -1 -1 -1 1 1 -1 
-1 -1 -1 -1 -1 -1 -1 0 0 -1 -1 -1 1 1 -1 
-1 -1 -1 -1 -1 -1 -1 0 0 -1 -1 -1 1 1 -1 
-1 -1 -1 -1 -1 -1 -1 0 0 -1 -1 -1 1 1 -1 
-1 -1 -1 -1 -1 -1 -1 0 0 -1 -1 -1 1 1 -1 
-1 -1 -1 -1 -1 -1 -1 0 0 -1 -1 -1 1 1 -1 
END
15 0
9 7
4 12
-1 -1 -1 -1 -1 -1 -1 -1 0 0 -1 -1 -1 1 1 
-1 -1 -1 -1 -1 -1 -1 -1 0 0 -1 -1 -1 1 1 
-1 -1 -1 -1 -1 -1 -1 -1 0 0 -1 -1 -1 1 -1 
-1 -1 -1 -1 -1 -1 -1 -1 0 0 -1 -1 -1 1 -1 
-1 -1 -1 -1 -1 -1 -1 -1 0 0 -1 -1 1 1 -1 
-1 -1 -1 -1 -1 -1 -1 -1 0 0 -1 -1 1 1 -1 
-1 -1 -1 -1 -1 -1 -1 -1 0 0 -1 -1 1 1 -1 
-1 -1 -1 -1 -1 -1 -1 -1 0 -1 -1 -1 1 1 -1 
-1 -1 -1 -1 -1 -1 -1 -1 0 -1 -1 -1 1 1 -1 
-1 -1 -1 -1 -1 -1 -1 0 0 -1 -1 -1 1 1 -1 
-1 -1 -1 -1 -1 -1 -1 0 0 -1 -1 -1 1 1 -1 
-1 -1 -1 -1 -1 -1 -1 0 0 -1 -1 -1 1 1 -1 
-1 -1 -1 -1 -1 -1 -1 0 0 -1 -1 -1 1 1 -1 
-1 -1 -1 -1 -1 -1 -1 0 0 -1 -1 -1 1 1 -1 
-1 -1 -1 -1 -1 -1 -1 0 0 -1 -1 -1 1 1 -1 
END
15 0
8 7
3 12
-1 -1 -1 -1 -1 -1 -1 -1 0 0 -1 -1 -1 1 1 
-1 -1 -1 -1 -1 -1 -1 -1 0 0 -1 -1 -1 1 1 
-1 -1 -1 -1 -1 -1 -1 -1 0 0 -1 -1 -1 1 -1 
-1 -1 -1 -1 -1 -1 -1 -1 0 0 -1 -1 1 1 -1 
-1 -1 -1 -1 -1 -1 -1 -1 0 0 -1 -1 1 1 -1 
-1 -1 -1 -1 -1 -1 -1 -1 0 0 -1 -1 1 1 -1 
-1 -1 -1 -1 -1 -1 -1 -1 0 0 -1 -1 1 1 -1 
-1 -1 -1 -1 -1 -1 -1 -1 0 -1 -1 -1 1 1 -1 
-1 -1 -1 -1 -1 -1 -1 0 0 -1 -1 -1 1 1 -1 
-1 -1 -1 -1 -1 -1 -1 0 0 -1 -1 -1 1 1 -1 
-1 -1 -1 -1 -1 -1 -1 0 0 -1 -1 -1 1 1 -1 
-1 -1 -1 -1 -1 -1 -1 0 0 -1 -1 -1 1 1 -1 
-1 -1 -1 -1 -1 -1 -1 0 0 -1 -1 -1 1 1 -1 
-1 -1 -1 -1 -1 -1 -1 0 0 -1 -1 -1 1 1 -1 
-1 -1 -1 -1 -1 -1 -1 0 0 -1 -1 -1 1 1 -1 
END
15 0
7 7
2 12
-1 -1 -1 -1 -1 -1 -1 -1 0 0 -1 -1 -1 1 1 
-1 -1 -1 -1 -1 -1 -1 -1 0 0 -1 -1 -1 1 1 
-1 -1 -1 -1 -1 -1 -1 -1 0 0 -1 -1 1 1 -1 
-1 -1 -1 -1 -1 -1 -1 -1 0 0 -1 -1 1 1 -1 
-1 -1 -1 -1 -1 -1 -1 -1 0 0 -1 -1 1 1 -1 
-1 -1 -1 -1 -1 -1 -1 -1 0 0 -1 -1 1 1 -1 
-1 -1 -1 -1 -1 -1 -1 -1 0 0 -1 -1 1 1 -1 
-1 -1 -1 -1 -1 -1 -1 0 0 -1 -1 -1 1 1 -1 
-1 -1 -1 -1 -1 -1 -1 0 0 -1 -1 -1 1 1 -1 
-1 -1 -1 -1 -1 -1 -1 0 0 -1 -1 -1 1 1 -1 
-1 -1 -1 -1 -1 -1 -1 0 0 -1 -1 -1 1 1 -1 
-1 -1 -1 -1 -1 -1 -1 0 0 -1 -1 -1 1 1 -1 
-1 -1 -1 -1 -1 -1 -1 0 0 -1 -1 -1 1 1 -1 
-1 -1 -1 -1 -1 -1 -1 0 0 -1 -1 -1 1 1 -1 
-1 -1 -1 -1 -1 -1 -1 0 0 -1 -1 -1 1 1 -1 
END
15 0
6 7
1 12
-1 -1 -1 -1 -1 -1 -1 -1 0 0 -1 -1 -1 1 1 
-1 -1 -1 -1 -1 -1 -1 -1 0 0 -1 -1 1 1 1 
-1 -1 -1 -1 -1 -1 -1 -1 0 0 -1 -1 1 1 -1 
-1 -1 -1 -1 -1 -1 -1 -1 0 0 -1 -1 1 1 -1 
-1 -1 -1 -1 -1 -1 -1 -1 0 0 -1 -1 1 1 -1 
-1 -1 -1 -1 -1 -1 -1 -1 0 0 -1 -1 1 1 -1 
-1 -1 -1 -1 -1 -1 -1 0 0 0 -1 -1 1 1 -1 
-1 -1 -1 -1 -1 -1 -1 0 0 -1 -1 -1 1 1 -1 
-1 -1 -1 -1 -1 -1 -1 0 0 -1 -1 -1 1 1 -1 
-1 -1 -1 -1 -1 -1 -1 0 0 -1 -1 -1 1 1 -1 
-1 -1 -1 -1 -1 -1 -1 0 0 -1 -1 -1 1 1 -1 
-1 -1 -1 -1 -1 -1 -1 0 0 -1 -1 -1 1 1 -1 
-1 -1 -1 -1 -1 -1 -1 0 0 -1 -1 -1 1 1 -1 
-1 -1 -1 -1 -1 -1 -1 0 0 -1 -1 -1 1 1 -1 
-1 -1 -1 -1 -1 -1 -1 0 0 -1 -1 -1 1 1 -1 
END
15 0
5 7
0 12
-1 -1 -1 -1 -1 -1 -1 -1 0 0 -1 -1 1 1 1 
-1 -1 -1 -1 -1 -1 -1 -1 0 0 -1 -1 1 1 1 
-1 -1 -1 -1 -1 -1 -1 -1 0 0 -1 -1 1 1 -1 
-1 -1 -1 -1 -1 -1 -1 -1 0 0 -1 -1 1 1 -1 
-1 -1 -1 -1 -1 -1 -1 -1 0 0 -1 -1 1 1 -1 
-1 -1 -1 -1 -1 -1 -1 0 0 0 -1 -1 1 1 -1 
-1 -1 -1 -1 -1 -1 -1 0 0 0 -1 -1 1 1 -1 
-1 -1 -1 -1 -1 -1 -1 0 0 -1 -1 -1 1 1 -1 
-1 -1 -1 -1 -1 -1 -1 0 0 -1 -1 -1 1 1 -1 
-1 -1 -1 -1 -1 -1 -1 0 0 -1 -1 -1 1 1 -1 
-1 -1 -1 -1 -1 -1 -1 0 0 -1 -1 -1 1 1 -1 
-1 -1 -1 -1 -1 -1 -1 0 0 -1 -1 -1 1 1 -1 
-1 -1 -1 -1 -1 -1 -1 0 0 -1 -1 -1 1 1 -1 
-1 -1 -1 -1 -1 -1 -1 0 0 -1 -1 -1 1 1 -1 
-1 -1 -1 -1 -1 -1 -1 0 0 -1 -1 -1 1 1 -1 
END
15 0
4 7
0 11
-1 -1 -1 -1 -1 -1 -1 -1 0 0 -1 1 1 1 1 
-1 -1 -1 -1 -1 -1 -1 -1 0 0 -1 -1 1 1 1 
-1 -1 -1 -1 -1 -1 -1 -1 0 0 -1 -1 1 1 -1 
-1 -1 -1 -1 -1 -1 -1 -1 0 0 -1 -1 1 1 -1 
-1 -1 -1 -1 -1 -1 -1 0 0 0 -1 -1 1 1 -1 
-1 -1 -1 -1 -1 -1 -1 0 0 0 -1 -1 1 1 -1 
-1 -1 -1 -1 -1 -1 -1 0 0 0 -1 -1 1 1 -1 
-1 -1 -1 -1 -1 -1 -1 0 0 -1 -1 -1 1 1 -1 
-1 -1 -1 -1 -1 -1 -1 0 0 -1 -1 -1 1 1 -1 
-1 -1 -1 -1 -1 -1 -1 0 0 -1 -1 -1 1 1 -1 
-1 -1 -1 -1 -1 -1 -1 0 0 -1 -1 -1 1 1 -1 
-1 -1 -1 -1 -1 -1 -1 0 0 -1 -1 -1 1 1 -1 
-1 -1 -1 -1 -1 -1 -1 0 0 -1 -1 -1 1 1 -1 
-1 -1 -1 -1 -1 -1 -1 0 0 -1 -1 -1 1 1 -1 
-1 -1 -1 -1 -1 -1 -1 0 0 -1 -1 -1 1 1 -1 
END
15 0
3 7
1 11
-1 -1 -1 -1 -1 -1 -1 -1 0 0 -1 1 1 1 1 
-1 -1 -1 -1 -1 -1 -1 -1 0 0 -1 1 1 1 1 
-1 -1 -1 -1 -1 -1 -1 -1 0 0 -1 -1 1 1 -1 
-1 -1 -1 -1 -1 -1 -1 0 0 0 -1 -1 1 1 -1 
-1 -1 -1 -1 -1 -1 -1 0 0 0 -1 -1 1 1 -1 
-1 -1 -1 -1 -1 -1 -1 0 0 0 -1 -1 1 1 -1 
-1 -1 -1 -1 -1 -1 -1 0 0 0 -1 -1 1 1 -1 
-1 -1 -1 -1 -1 -1 -1 0 0 -1 -1 -1 1 1 -1 
-1 -1 -1 -1 -1 -1 -1 0 0 -1 -1 -1 1 1 -1 
-1 -1 -1 -1 -1 -1 -1 0 0 -1 -1 -1 1 1 -1 
-1 -1 -1 -1 -1 -1 -1 0 0 -1 -1 -1 1 1 -1 
-1 -1 -1 -1 -1 -1 -1 0 0 -1 -1 -1 1 1 -1 
-1 -1 -1 -1 -1 -1 -1 0 0 -1 -1 -1 1 1 -1 
-1 -1 -1 -1 -1 -1 -1 0 0 -1 -1 -1 1 1 -1 
-1 -1 -1 -1 -1 -1 -1 0 0 -1 -1 -1 1 1 -1 
END
15 0
2 7
2 11
-1 -1 -1 -1 -1 -1 -1 -1 0 0 -1 1 1 1 1 
-1 -1 -1 -1 -1 -1 -1 -1 0 0 -1 1 1 1 1 
-1 -1 -1 -1 -1 -1 -1 0 0 0 -1 1 1 1 -1 
-1 -1 -1 -1 -1 -1 -1 0 0 0 -1 -1 1 1 -1 
-1 -1 -1 -1 -1 -1 -1 0 0 0 -1 -1 1 1 -1 
-1 -1 -1 -1 -1 -1 -1 0 0 0 -1 -1 1 1 -1 
-1 -1 -1 -1 -1 -1 -1 0 0 0 -1 -1 1 1 -1 
-1 -1 -1 -1 -1 -1 -1 0 0 -1 -1 -1 1 1 -1 
-1 -1 -1 -1 -1 -1 -1 0 0 -1 -1 -1 1 1 -1 
-1 -1 -1 -1 -1 -1 -1 0 0 -1 -1 -1 1 1 -1 
-1 -1 -1 -1 -1 -1 -1 0 0 -1 -1 -1 1 1 -1 
-1 -1 -1 -1 -1 -1 -1 0 0 -1 -1 -1 1 1 -1 
-1 -1 -1 -1 -1 -1 -1 0 0 -1 -1 -1 1 1 -1 
-1 -1 -1 -1 -1 -1 -1 0 0 -1 -1 -1 1 1 -1 
-1 -1 -1 -1 -1 -1 -1 0 0 -1 -1 -1 1 1 -1 
END
15 0
1 7
3 11
-1 -1 -1 -1 -1 -1 -1 -1 0 0 -1 1 1 1 1 
-1 -1 -1 -1 -1 -1 -1 0 0 0 -1 1 1 1 1 
-1 -1 -1 -1 -1 -1 -1 0 0 0 -1 1 1 1 -1 
-1 -1 -1 -1 -1 -1 -1 0 0 0 -1 1 1 1 -1 
-1 -1 -1 -1 -1 -1 -1 0 0 0 -1 -1 1 1 -1 
-1 -1 -1 -1 -1 -1 -1 0 0 0 -1 -1 1 1 -1 
-1 -1 -1 -1 -1 -1 -1 0 0 0 -1 -1 1 1 -1 
-1 -1 -1 -1 -1 -1 -1 0 0 -1 -1 -1 1 1 -1 
-1 -1 -1 -1 -1 -1 -1 0 0 -1 -1 -1 1 1 -1 
-1 -1 -1 -1 -1 -1 -1 0 0 -1 -1 -1 1 1 -1 
-1 -1 -1 -1 -1 -1 -1 0 0 -1 -1 -1 1 1 -1 
-1 -1 -1 -1 -1 -1 -1 0 0 -1 -1 -1 1 1 -1 
-1 -1 -1 -1 -1 -1 -1 0 0 -1 -1 -1 1 1 -1 
-1 -1 -1 -1 -1 -1 -1 0 0 -1 -1 -1 1 1 -1 
-1 -1 -1 -1 -1 -1 -1 0 0 -1 -1 -1 1 1 -1 
END
15 0
0 7
4 11
-1 -1 -1 -1 -1 -1 -1 0 0 0 -1 1 1 1 1 
-1 -1 -1 -1 -1 -1 -1 0 0 0 -1 1 1 1 1 
-1 -1 -1 -1 -1 -1 -1 0 0 0 -1 1 1 1 -1 
-1 -1 -1 -1 -1 -1 -1 0 0 0 -1 1 1 1 -1 
-1 -1 -1 -1 -1 -1 -1 0 0 0 -1 1 1 1 -1 
-1 -1 -1 -1 -1 -1 -1 0 0 0 -1 -1 1 1 -1 
-1 -1 -1 -1 -1 -1 -1 0 0 0 -1 -1 1 1 -1 
-1 -1 -1 -1 -1 -1 -1 0 0 -1 -1 -1 1 1 -1 
-1 -1 -1 -1 -1 -1 -1 0 0 -1 -1 -1 1 1 -1 
-1 -1 -1 -1 -1 -1 -1 0 0 -1 -1 -1 1 1 -1 
-1 -1 -1 -1 -1 -1 -1 0 0 -1 -1 -1 1 1 -1 
-1 -1 -1 -1 -1 -1 -1 0 0 -1 -1 -1 1 1 -1 
-1 -1 -1 -1 -1 -1 -1 0 0 -1 -1 -1 1 1 -1 
-1 -1 -1 -1 -1 -1 -1 0 0 -1 -1 -1 1 1 -1 
-1 -1 -1 -1 -1 -1 -1 0 0 -1 -1 -1 1 1 -1 
END
15 0
0 6
5 11
-1 -1 -1 -1 -1 -1 0 0 0 0 -1 1 1 1 1 
-1 -1 -1 -1 -1 -1 -1 0 0 0 -1 1 1 1 1 
-1 -1 -1 -1 -1 -1 -1 0 0 0 -1 1 1 1 -1 
-1 -1 -1 -1 -1 -1 -1 0 0 0 -1 1 1 1 -1 
-1 -1 -1 -1 -1 -1 -1 0 0 0 -1 1 1 1 -1 
-1 -1 -1 -1 -1 -1 -1 0 0 0 -1 1 1 1 -1 
-1 -1 -1 -1 -1 -1 -1 0 0 0 -1 -1 1 1 -1 
-1 -1 -1 -1 -1 -1 -1 0 0 -1 -1 -1 1 1 -1 
-1 -1 -1 -1 -1 -1 -1 0 0 -1 -1 -1 1 1 -1 
-1 -1 -1 -1 -1 -1 -1 0 0 -1 -1 -1 1 1 -1 
-1 -1 -1 -1 -1 -1 -1 0 0 -1 -1 -1 1 1 -1 
-1 -1 -1 -1 -1 -1 -1 0 0 -1 -1 -1 1 1 -1 
-1 -1 -1 -1 -1 -1 -1 0 0 -1 -1 -1 1 1 -1 
-1 -1 -1 -1 -1 -1 -1 0 0 -1 -1 -1 1 1 -1 
-1 -1 -1 -1 -1 -1 -1 0 0 -1 -1 -1 1 1 -1 
END
15 0
1 6
6 11
-1 -1 -1 -1 -1 -1 0 0 0 0 -1 1 1 1 1 
-1 -1 -1 -1 -1 -1 0 0 0 0 -1 1 1 1 1 
-1 -1 -1 -1 -1 -1 -1 0 0 0 -1 1 1 1 -1 
-1 -1 -1 -1 -1 -1 -1 0 0 0 -1 1 1 1 -1 
-1 -1 -1 -1 -1 -1 -1 0 0 0 -1 1 1 1 -1 
-1 -1 -1 -1 -1 -1 -1 0 0 0 -1 1 1 1 -1 
-1 -1 -1 -1 -1 -1 -1 0 0 0 -1 1 1 1 -1 
-1 -1 -1 -1 -1 -1 -1 0 0 -1 -1 -1 1 1 -1 
-1 -1 -1 -1 -1 -1 -1 0 0 -1 -1 -1 1 1 -1 
-1 -1 -1 -1 -1 -1 -1 0 0 -1 -1 -1 1 1 -1 
-1 -1 -1 -1 -1 -1 -1 0 0 -1 -1 -1 1 1 -1 
-1 -1 -1 -1 -1 -1 -1 0 0 -1 -1 -1 1 1 -1 
-1 -1 -1 -1 -1 -1 -1 0 0 -1 -1 -1 1 1 -1 
-1 -1 -1 -1 -1 -1 -1 0 0 -1 -1 -1 1 1 -1 
-1 -1 -1 -1 -1 -1 -1 0 0 -1 -1 -1 1 1 -1 
END
15 0
2 6
7 11
-1 -1 -1 -1 -1 -1 0 0 0 0 -1 1 1 1 1 
-1 -1 -1 -1 -1 -1 0 0 0 0 -1 1 1 1 1 
-1 -1 -1 -1 -1 -1 0 0 0 0 -1 1 1 1 -1 
-1 -1 -1 -1 -1 -1 -1 0 0 0 -1 1 1 1 -1 
-1 -1 -1 -1 -1 -1 -1 0 0 0 -1 1 1 1 -1 
-1 -1 -1 -1 -1 -1 -1 0 0 0 -1 1 1 1 -1 
-1 -1 -1 -1 -1 -1 -1 0 0 0 -1 1 1 1 -1 
-1 -1 -1 -1 -1 -1 -1 0 0 -1 -1 1 1 1 -1 
-1 -1 -1 -1 -1 -1 -1 0 0 -1 -1 -1 1 1 -1 
-1 -1 -1 -1 -1 -1 -1 0 0 -1 -1 -1 1 1 -1 
-1 -1 -1 -1 -1 -1 -1 0 0 -1 -1 -1 1 1 -1 
-1 -1 -1 -1 -1 -1 -1 0 0 -1 -1 -1 1 1 -1 
-1 -1 -1 -1 -1 -1 -1 0 0 -1 -1 -1 1 1 -1 
-1 -1 -1 -1 -1 -1 -1 0 0 -1 -1 -1 1 1 -1 
-1 -1 -1 -1 -1 -1 -1 0 0 -1 -1 -1 1 1 -1 
END
15 0
3 6
8 11
-1 -1 -1 -1 -1 -1 0 0 0 0 -1 1 1 1 1 
-1 -1 -1 -1 -1 -1 0 0 0 0 -1 1 1 1 1 
-1 -1 -1 -1 -1 -1 0 0 0 0 -1 1 1 1 -1 
-1 -1 -1 -1 -1 -1 0 0 0 0 -1 1 1 1 -1 
-1 -1 -1 -1 -1 -1 -1 0 0 0 -1 1 1 1 -1 
-1 -1 -1 -1 -1 -1 -1 0 0 0 -1 1 1 1 -1 
-1 -1 -1 -1 -1 -1 -1 0 0 0 -1 1 1 1 -1 
-1 -1 -1 -1 -1 -1 -1 0 0 -1 -1 1 1 1 -1 
-1 -1 -1 -1 -1 -1 -1 0 0 -1 -1 1 1 1 -1 
-1 -1 -1 -1 -1 -1 -1 0 0 -1 -1 -1 1 1 -1 
-1 -1 -1 -1 -1 -1 -1 0 0 -1 -1 -1 1 1 -1 
-1 -1 -1 -1 -1 -1 -1 0 0 -1 -1 -1 1 1 -1 
-1 -1 -1 -1 -1 -1 -1 0 0 -1 -1 -1 1 1 -1 
-1 -1 -1 -1 -1 -1 -1 0 0 -1 -1 -1 1 1 -1 
-1 -1 -1 -1 -1 -1 -1 0 0 -1 -1 -1 1 1 -1 
END
15 0
4 6
9 11
-1 -1 -1 -1 -1 -1 0 0 0 0 -1 1 1 1 1 
-1 -1 -1 -1 -1 -1 0 0 0 0 -1 1 1 1 1 
-1 -1 -1 -1 -1 -1 0 0 0 0 -1 1 1 1 -1 
-1 -1 -1 -1 -1 -1 0 0 0 0 -1 1 1 1 -1 
-1 -1 -1 -1 -1 -1 0 0 0 0 -1 1 1 1 -1 
-1 -1 -1 -1 -1 -1 -1 0 0 0 -1 1 1 1 -1 
-1 -1 -1 -1 -1 -1 -1 0 0 0 -1 1 1 1 -1 
-1 -1 -1 -1 -1 -1 -1 0 0 -1 -1 1 1 1 -1 
-1 -1 -1 -1 -1 -1 -1 0 0 -1 -1 1 1 1 -1 
-1 -1 -1 -1 -1 -1 -1 0 0 -1 -1 1 1 1 -1 
-1 -1 -1 -1 -1 -1 -1 0 0 -1 -1 -1 1 1 -1 
-1 -1 -1 -1 -1 -1 -1 0 0 -1 -1 -1 1 1 -1 
-1 -1 -1 -1 -1 -1 -1 0 0 -1 -1 -1 1 1 -1 
-1 -1 -1 -1 -1 -1 -1 0 0 -1 -1 -1 1 1 -1 
-1 -1 -1 -1 -1 -1 -1 0 0 -1 -1 -1 1 1 -1 
END
15 0
5 6
10 11
-1 -1 -1 -1 -1 -1 0 0 0 0 -1 1 1 1 1 
-1 -1 -1 -1 -1 -1 0 0 0 0 -1 1 1 1 1 
-1 -1 -1 -1 -1 -1 0 0 0 0 -1 1 1 1 -1 
-1 -1 -1 -1 -1 -1 0 0 0 0 -1 1 1 1 -1 
-1 -1 -1 -1 -1 -1 0 0 0 0 -1 1 1 1 -1 
-1 -1 -1 -1 -1 -1 0 0 0 0 -1 1 1 1 -1 
-1 -1 -1 -1 -1 -1 -1 0 0 0 -1 1 1 1 -1 
-1 -1 -1 -1 -1 -1 -1 0 0 -1 -1 1 1 1 -1 
-1 -1 -1 -1 -1 -1 -1 0 0 -1 -1 1 1 1 -1 
-1 -1 -1 -1 -1 -1 -1 0 0 -1 -1 1 1 1 -1 
-1 -1 -1 -1 -1 -1 -1 0 0 -1 -1 1 1 1 -1 
-1 -1 -1 -1 -1 -1 -1 0 0 -1 -1 -1 1 1 -1 
-1 -1 -1 -1 -1 -1 -1 0 0 -1 -1 -1 1 1 -1 
-1 -1 -1 -1 -1 -1 -1 0 0 -1 -1 -1 1 1 -1 
-1 -1 -1 -1 -1 -1 -1 0 0 -1 -1 -1 1 1 -1 
END
15 0
6 6
11 11
-1 -1 -1 -1 -1 -1 0 0 0 0 -1 1 1 1 1 
-1 -1 -1 -1 -1 -1 0 0 0 0 -1 1 1 1 1 
-1 -1 -1 -1 -1 -1 0 0 0 0 -1 1 1 1 -1 
-1 -1 -1 -1 -1 -1 0 0 0 0 -1 1 1 1 -1 
-1 -1 -1 -1 -1 -1 0 0 0 0 -1 1 1 1 -1 
-1 -1 -1 -1 -1 -1 0 0 0 0 -1 1 1 1 -1 
-1 -1 -1 -1 -1 -1 0 0 0 0 -1 1 1 1 -1 
-1 -1 -1 -1 -1 -1 -1 0 0 -1 -1 1 1 1 -1 
-1 -1 -1 -1 -1 -1 -1 0 0 -1 -1 1 1 1 -1 
-1 -1 -1 -1 -1 -1 -1 0 0 -1 -1 1 1 1 -1 
-1 -1 -1 -1 -1 -1 -1 0 0 -1 -1 1 1 1 -1 
-1 -1 -1 -1 -1 -1 -1 0 0 -1 -1 1 1 1 -1 
-1 -1 -1 -1 -1 -1 -1 0 0 -1 -1 -1 1 1 -1 
-1 -1 -1 -1 -1 -1 -1 0 0 -1 -1 -1 1 1 -1 
-1 -1 -1 -1 -1 -1 -1 0 0 -1 -1 -1 1 1 -1 
END
15 0
7 6
12 11
-1 -1 -1 -1 -1 -1 0 0 0 0 -1 1 1 1 1 
-1 -1 -1 -1 -1 -1 0 0 0 0 -1 1 1 1 1 
-1 -1 -1 -1 -1 -1 0 0 0 0 -1 1 1 1 -1 
-1 -1 -1 -1 -1 -1 0 0 0 0 -1 1 1 1 -1 
-1 -1 -1 -1 -1 -1 0 0 0 0 -1 1 1 1 -1 
-1 -1 -1 -1 -1 -1 0 0 0 0 -1 1 1 1 -1 
-1 -1 -1 -1 -1 -1 0 0 0 0 -1 1 1 1 -1 
-1 -1 -1 -1 -1 -1 0 0 0 -1 -1 1 1 1 -1 
-1 -1 -1 -1 -1 -1 -1 0 0 -1 -1 1 1 1 -1 
-1 -1 -1 -1 -1 -1 -1 0 0 -1 -1 1 1 1 -1 
-1 -1 -1 -1 -1 -1 -1 0 0 -1 -1 1 1 1 -1 
-1 -1 -1 -1 -1 -1 -1 0 0 -1 -1 1 1 1 -1 
-1 -1 -1 -1 -1 -1 -1 0 0 -1 -1 1 1 1 -1 
-1 -1 -1 -1 -1 -1 -1 0 0 -1 -1 -1 1 1 -1 
-1 -1 -1 -1 -1 -1 -1 0 0 -1 -1 -1 1 1 -1 
END
15 0
8 6
13 11
-1 -1 -1 -1 -1 -1 0 0 0 0 -1 1 1 1 1 
-1 -1 -1 -1 -1 -1 0 0 0 0 -1 1 1 1 1 
-1 -1 -1 -1 -1 -1 0 0 0 0 -1 1 1 1 -1 
-1 -1 -1 -1 -1 -1 0 0 0 0 -1 1 1 1 -1 
-1 -1 -1 -1 -1 -1 0 0 0 0 -1 1 1 1 -1 
-1 -1 -1 -1 -1 -1 0 0 0 0 -1 1 1 1 -1 
-1 -1 -1 -1 -1 -1 0 0 0 0 -1 1 1 1 -1 
-1 -1 -1 -1 -1 -1 0 0 0 -1 -1 1 1 1 -1 
-1 -1 -1 -1 -1 -1 0 0 0 -1 -1 1 1 1 -1 
-1 -1 -1 -1 -1 -1 -1 0 0 -1 -1 1 1 1 -1 
-1 -1 -1 -1 -1 -1 -1 0 0 -1 -1 1 1 1 -1 
-1 -1 -1 -1 -1 -1 -1 0 0 -1 -1 1 1 1 -1 
-1 -1 -1 -1 -1 -1 -1 0 0 -1 -1 1 1 1 -1 
-1 -1 -1 -1 -1 -1 -1 0 0 -1 -1 1 1 1 -1 
-1 -1 -1 -1 -1 -1 -1 0 0 -1 -1 -1 1 1 -1 
END
15 0
9 6
14 11
-1 -1 -1 -1 -1 -1 0 0 0 0 -1 1 1 1 1 
-1 -1 -1 -1 -1 -1 0 0 0 0 -1 1 1 1 1 
-1 -1 -1 -1 -1 -1 0 0 0 0 -1 1 1 1 -1 
-1 -1 -1 -1 -1 -1 0 0 0 0 -1 1 1 1 -1 
-1 -1 -1 -1 -1 -1 0 0 0 0 -1 1 1 1 -1 
-1 -1 -1 -1 -1 -1 0 0 0 0 -1 1 1 1 -1 
-1 -1 -1 -1 -1 -1 0 0 0 0 -1 1 1 1 -1 
-1 -1 -1 -1 -1 -1 0 0 0 -1 -1 1 1 1 -1 
-1 -1 -1 -1 -1 -1 0 0 0 -1 -1 1 1 1 -1 
-1 -1 -1 -1 -1 -1 0 0 0 -1 -1 1 1 1 -1 
-1 -1 -1 -1 -1 -1 -1 0 0 -1 -1 1 1 1 -1 
-1 -1 -1 -1 -1 -1 -1 0 0 -1 -1 1 1 1 -1 
-1 -1 -1 -1 -1 -1 -1 0 0 -1 -1 1 1 1 -1 
-1 -1 -1 -1 -1 -1 -1 0 0 -1 -1 1 1 1 -1 
-1 -1 -1 -1 -1 -1 -1 0 0 -1 -1 1 1 1 -1 
END
15 0
10 6
14 10
-1 -1 -1 -1 -1 -1 0 0 0 0 -1 1 1 1 1 
-1 -1 -1 -1 -1 -1 0 0 0 0 -1 1 1 1 1 
-1 -1 -1 -1 -1 -1 0 0 0 0 -1 1 1 1 -1 
-1 -1 -1 -1 -1 -1 0 0 0 0 -1 1 1 1 -1 
-1 -1 -1 -1 -1 -1 0 0 0 0 -1 1 1 1 -1 
-1 -1 -1 -1 -1 -1 0 0 0 0 -1 1 1 1 -1 
-1 -1 -1 -1 -1 -1 0 0 0 0 -1 1 1 1 -1 
-1 -1 -1 -1 -1 -1 0 0 0 -1 -1 1 1 1 -1 
-1 -1 -1 -1 -1 -1 0 0 0 -1 -1 1 1 1 -1 
-1 -1 -1 -1 -1 -1 0 0 0 -1 -1 1 1 1 -1 
-1 -1 -1 -1 -1 -1 0 0 0 -1 -1 1 1 1 -1 
-1 -1 -1 -1 -1 -1 -1 0 0 -1 -1 1 1 1 -1 
-1 -1 -1 -1 -1 -1 -1 0 0 -1 -1 1 1 1 -1 
-1 -1 -1 -1 -1 -1 -1 0 0 -1 -1 1 1 1 -1 
-1 -1 -1 -1 -1 -1 -1 0 0 -1 1 1 1 1 -1 
END
15 0
11 6
13 10
-1 -1 -1 -1 -1 -1 0 0 0 0 -1 1 1 1 1 
-1 -1 -1 -1 -1 -1 0 0 0 0 -1 1 1 1 1 
-1 -1 -1 -1 -1 -1 0 0 0 0 -1 1 1 1 -1 
-1 -1 -1 -1 -1 -1 0 0 0 0 -1 1 1 1 -1 
-1 -1 -1 -1 -1 -1 0 0 0 0 -1 1 1 1 -1 
-1 -1 -1 -1 -1 -1 0 0 0 0 -1 1 1 1 -1 
-1 -1 -1 -1 -1 -1 0 0 0 0 -1 1 1 1 -1 
-1 -1 -1 -1 -1 -1 0 0 0 -1 -1 1 1 1 -1 
-1 -1 -1 -1 -1 -1 0 0 0 -1 -1 1 1 1 -1 
-1 -1 -1 -1 -1 -1 0 0 0 -1 -1 1 1 1 -1 
-1 -1 -1 -1 -1 -1 0 0 0 -1 -1 1 1 1 -1 
-1 -1 -1 -1 -1 -1 0 0 0 -1 -1 1 1 1 -1 
-1 -1 -1 -1 -1 -1 -1 0 0 -1 -1 1 1 1 -1 
-1 -1 -1 -1 -1 -1 -1 0 0 -1 1 1 1 1 -1 
-1 -1 -1 -1 -1 -1 -1 0 0 -1 1 1 1 1 -1 
END
15 0
12 6
12 10
-1 -1 -1 -1 -1 -1 0 0 0 0 -1 1 1 1 1 
-1 -1 -1 -1 -1 -1 0 0 0 0 -1 1 1 1 1 
-1 -1 -1 -1 -1 -1 0 0 0 0 -1 1 1 1 -1 
-1 -1 -1 -1 -1 -1 0 0 0 0 -1 1 1 1 -1 
-1 -1 -1 -1 -1 -1 0 0 0 0 -1 1 1 1 -1 
-1 -1 -1 -1 -1 -1 0 0 0 0 -1 1 1 1 -1 
-1 -1 -1 -1 -1 -1 0 0 0 0 -1 1 1 1 -1 
-1 -1 -1 -1 -1 -1 0 0 0 -1 -1 1 1 1 -1 
-1 -1 -1 -1 -1 -1 0 0 0 -1 -1 1 1 1 -1 
-1 -1 -1 -1 -1 -1 0 0 0 -1 -1 1 1 1 -1 
-1 -1 -1 -1 -1 -1 0 0 0 -1 -1 1 1 1 -1 
-1 -1 -1 -1 -1 -1 0 0 0 -1 -1 1 1 1 -1 
-1 -1 -1 -1 -1 -1 0 0 0 -1 1 1 1 1 -1 
-1 -1 -1 -1 -1 -1 -1 0 0 -1 1 1 1 1 -1 
-1 -1 -1 -1 -1 -1 -1 0 0 -1 1 1 1 1 -1 
END
15 0
13 6
11 10
-1 -1 -1 -1 -1 -1 0 0 0 0 -1 1 1 1 1 
-1 -1 -1 -1 -1 -1 0 0 0 0 -1 1 1 1 1 
-1 -1 -1 -1 -1 -1 0 0 0 0 -1 1 1 1 -1 
-1 -1 -1 -1 -1 -1 0 0 0 0 -1 1 1 1 -1 
-1 -1 -1 -1 -1 -1 0 0 0 0 -1 1 1 1 -1 
-1 -1 -1 -1 -1 -1 0 0 0 0 -1 1 1 1 -1 
-1 -1 -1 -1 -1 -1 0 0 0 0 -1 1 1 1 -1 
-1 -1 -1 -1 -1 -1 0 0 0 -1 -1 1 1 1 -1 
-1 -1 -1 -1 -1 -1 0 0 0 -1 -1 1 1 1 -1 
-1 -1 -1 -1 -1 -1 0 0 0 -1 -1 1 1 1 -1 
-1 -1 -1 -1 -1 -1 0 0 0 -1 -1 1 1 1 -1 
-1 -1 -1 -1 -1 -1 0 0 0 -1 1 1 1 1 -1 
-1 -1 -1 -1 -1 -1 0 0 0 -1 1 1 1 1 -1 
-1 -1 -1 -1 -1 -1 0 0 0 -1 1 1 1 1 -1 
-1 -1 -1 -1 -1 -1 -1 0 0 -1 1 1 1 1 -1 
END
15 0
14 6
10 10
-1 -1 -1 -1 -1 -1 0 0 0 0 -1 1 1 1 1 
-1 -1 -1 -1 -1 -1 0 0 0 0 -1 1 1 1 1 
-1 -1 -1 -1 -1 -1 0 0 0 0 -1 1 1 1 -1 
-1 -1 -1 -1 -1 -1 0 0 0 0 -1 1 1 1 -1 
-1 -1 -1 -1 -1 -1 0 0 0 0 -1 1 1 1 -1 
-1 -1 -1 -1 -1 -1 0 0 0 0 -1 1 1 1 -1 
-1 -1 -1 -1 -1 -1 0 0 0 0 -1 1 1 1 -1 
-1 -1 -1 -1 -1 -1 0 0 0 -1 -1 1 1 1 -1 
-1 -1 -1 -1 -1 -1 0 0 0 -1 -1 1 1 1 -1 
-1 -1 -1 -1 -1 -1 0 0 0 -1 -1 1 1 1 -1 
-1 -1 -1 -1 -1 -1 0 0 0 -1 1 1 1 1 -1 
-1 -1 -1 -1 -1 -1 0 0 0 -1 1 1 1 1 -1 
-1 -1 -1 -1 -1 -1 0 0 0 -1 1 1 1 1 -1 
-1 -1 -1 -1 -1 -1 0 0 0 -1 1 1 1 1 -1 
-1 -1 -1 -1 -1 -1 0 0 0 -1 1 1 1 1 -1 
END
15 0
14 5
9 10
-1 -1 -1 -1 -1 -1 0 0 0 0 -1 1 1 1 1 
-1 -1 -1 -1 -1 -1 0 0 0 0 -1 1 1 1 1 
-1 -1 -1 -1 -1 -1 0 0 0 0 -1 1 1 1 -1 
-1 -1 -1 -1 -1 -1 0 0 0 0 -1 1 1 1 -1 
-1 -1 -1 -1 -1 -1 0 0 0 0 -1 1 1 1 -1 
-1 -1 -1 -1 -1 -1 0 0 0 0 -1 1 1 1 -1 
-1 -1 -1 -1 -1 -1 0 0 0 0 -1 1 1 1 -1 
-1 -1 -1 -1 -1 -1 0 0 0 -1 -1 1 1 1 -1 
-1 -1 -1 -1 -1 -1 0 0 0 -1 -1 1 1 1 -1 
-1 -1 -1 -1 -1 -1 0 0 0 -1 1 1 1 1 -1 
-1 -1 -1 -1 -1 -1 0 0 0 -1 1 1 1 1 -1 
-1 -1 -1 -1 -1 -1 0 0 0 -1 1 1 1 1 -1 
-1 -1 -1 -1 -1 -1 0 0 0 -1 1 1 1 1 -1 
-1 -1 -1 -1 -1 -1 0 0 0 -1 1 1 1 1 -1 
-1 -1 -1 -1 -1 0 0 0 0 -1 1 1 1 1 -1 
END
15 0
13 5
8 10
-1 -1 -1 -1 -1 -1 0 0 0 0 -1 1 1 1 1 
-1 -1 -1 -1 -1 -1 0 0 0 0 -1 1 1 1 1 
-1 -1 -1 -1 -1 -1 0 0 0 0 -1 1 1 1 -1 
-1 -1 -1 -1 -1 -1 0 0 0 0 -1 1 1 1 -1 
-1 -1 -1 -1 -1 -1 0 0 0 0 -1 1 1 1 -1 
-1 -1 -1 -1 -1 -1 0 0 0 0 -1 1 1 1 -1 
-1 -1 -1 -1 -1 -1 0 0 0 0 -1 1 1 1 -1 
-1 -1 -1 -1 -1 -1 0 0 0 -1 -1 1 1 1 -1 
-1 -1 -1 -1 -1 -1 0 0 0 -1 1 1 1 1 -1 
-1 -1 -1 -1 -1 -1 0 0 0 -1 1 1 1 1 -1 
-1 -1 -1 -1 -1 -1 0 0 0 -1 1 1 1 1 -1 
-1 -1 -1 -1 -1 -1 0 0 0 -1 1 1 1 1 -1 
-1 -1 -1 -1 -1 -1 0 0 0 -1 1 1 1 1 -1 
-1 -1 -1 -1 -1 0 0 0 0 -1 1 1 1 1 -1 
-1 -1 -1 -1 -1 0 0 0 0 -1 1 1 1 1 -1 
END
15 0
12 5
7 10
-1 -1 -1 -1 -1 -1 0 0 0 0 -1 1 1 1 1 
-1 -1 -1 -1 -1 -1 0 0 0 0 -1 1 1 1 1 
-1 -1 -1 -1 -1 -1 0 0 0 0 -1 1 1 1 -1 
-1 -1 -1 -1 -1 -1 0 0 0 0 -1 1 1 1 -1 
-1 -1 -1 -1 -1 -1 0 0 0 0 -1 1 1 1 -1 
-1 -1 -1 -1 -1 -1 0 0 0 0 -1 1 1 1 -1 
-1 -1 -1 -1 -1 -1 0 0 0 0 -1 1 1 1 -1 
-1 -1 -1 -1 -1 -1 0 0 0 -1 1 1 1 1 -1 
-1 -1 -1 -1 -1 -1 0 0 0 -1 1 1 1 1 -1 
-1 -1 -1 -1 -1 -1 0 0 0 -1 1 1 1 1 -1 
-1 -1 -1 -1 -1 -1 0 0 0 -1 1 1 1 1 -1 
-1 -1 -1 -1 -1 -1 0 0 0 -1 1 1 1 1 -1 
-1 -1 -1 -1 -1 0 0 0 0 -1 1 1 1 1 -1 
-1 -1 -1 -1 -1 0 0 0 0 -1 1 1 1 1 -1 
-1 -1 -1 -1 -1 0 0 0 0 -1 1 1 1 1 -1 
END
15 0
11 5
6 10
-1 -1 -1 -1 -1 -1 0 0 0 0 -1 1 1 1 1 
-1 -1 -1 -1 -1 -1 0 0 0 0 -1 1 1 1 1 
-1 -1 -1 -1 -1 -1 0 0 0 0 -1 1 1 1 -1 
-1 -1 -1 -1 -1 -1 0 0 0 0 -1 1 1 1 -1 
-1 -1 -1 -1 -1 -1 0 0 0 0 -1 1 1 1 -1 
-1 -1 -1 -1 -1 -1 0 0 0 0 -1 1 1 1 -1 
-1 -1 -1 -1 -1 -1 0 0 0 0 1 1 1 1 -1 
-1 -1 -1 -1 -1 -1 0 0 0 -1 1 1 1 1 -1 
-1 -1 -1 -1 -1 -1 0 0 0 -1 1 1 1 1 -1 
-1 -1 -1 -1 -1 -1 0 0 0 -1 1 1 1 1 -1 
-1 -1 -1 -1 -1 -1 0 0 0 -1 1 1 1 1 -1 
-1 -1 -1 -1 -1 0 0 0 0 -1 1 1 1 1 -1 
-1 -1 -1 -1 -1 0 0 0 0 -1 1 1 1 1 -1 
-1 -1 -1 -1 -1 0 0 0 0 -1 1 1 1 1 -1 
-1 -1 -1 -1 -1 0 0 0 0 -1 1 1 1 1 -1 
END
15 0
10 5
5 10
-1 -1 -1 -1 -1 -1 0 0 0 0 -1 1 1 1 1 
-1 -1 -1 -1 -1 -1 0 0 0 0 -1 1 1 1 1 
-1 -1 -1 -1 -1 -1 0 0 0 0 -1 1 1 1 -1 
-1 -1 -1 -1 -1 -1 0 0 0 0 -1 1 1 1 -1 
-1 -1 -1 -1 -1 -1 0 0 0 0 -1 1 1 1 -1 
-1 -1 -1 -1 -1 -1 0 0 0 0 1 1 1 1 -1 
-1 -1 -1 -1 -1 -1 0 0 0 0 1 1 1 1 -1 
-1 -1 -1 -1 -1 -1 0 0 0 -1 1 1 1 1 -1 
-1 -1 -1 -1 -1 -1 0 0 0 -1 1 1 1 1 -1 
-1 -1 -1 -1 -1 -1 0 0 0 -1 1 1 1 1 -1 
-1 -1 -1 -1 -1 0 0 0 0 -1 1 1 1 1 -1 
-1 -1 -1 -1 -1 0 0 0 0 -1 1 1 1 1 -1 
-1 -1 -1 -1 -1 0 0 0 0 -1 1 1 1 1 -1 
-1 -1 -1 -1 -1 0 0 0 0 -1 1 1 1 1 -1 
-1 -1 -1 -1 -1 0 0 0 0 -1 1 1 1 1 -1 
END
15 0
9 5
4 10
-1 -1 -1 -1 -1 -1 0 0 0 0 -1 1 1 1 1 
-1 -1 -1 -1 -1 -1 0 0 0 0 -1 1 1 1 1 
-1 -1 -1 -1 -1 -1 0 0 0 0 -1 1 1 1 -1 
-1 -1 -1 -1 -1 -1 0 0 0 0 -1 1 1 1 -1 
-1 -1 -1 -1 -1 -1 0 0 0 0 1 1 1 1 -1 
-1 -1 -1 -1 -1 -1 0 0 0 0 1 1 1 1 -1 
-1 -1 -1 -1 -1 -1 0 0 0 0 1 1 1 1 -1 
-1 -1 -1 -1 -1 -1 0 0 0 -1 1 1 1 1 -1 
-1 -1 -1 -1 -1 -1 0 0 0 -1 1 1 1 1 -1 
-1 -1 -1 -1 -1 0 0 0 0 -1 1 1 1 1 -1 
-1 -1 -1 -1 -1 0 0 0 0 -1 1 1 1 1 -1 
-1 -1 -1 -1 -1 0 0 0 0 -1 1 1 1 1 -1 
-1 -1 -1 -1 -1 0 0 0 0 -1 1 1 1 1 -1 
-1 -1 -1 -1 -1 0 0 0 0 -1 1 1 1 1 -1 
-1 -1 -1 -1 -1 0 0 0 0 -1 1 1 1 1 -1 
END
15 0
8 5
3 10
-1 -1 -1 -1 -1 -1 0 0 0 0 -1 1 1 1 1 
-1 -1 -1 -1 -1 -1 0 0 0 0 -1 1 1 1 1 
-1 -1 -1 -1 -1 -1 0 0 0 0 -1 1 1 1 -1 
-1 -1 -1 -1 -1 -1 0 0 0 0 1 1 1 1 -1 
-1 -1 -1 -1 -1 -1 0 0 0 0 1 1 1 1 -1 
-1 -1 -1 -1 -1 -1 0 0 0 0 1 1 1 1 -1 
-1 -1 -1 -1 -1 -1 0 0 0 0 1 1 1 1 -1 
-1 -1 -1 -1 -1 -1 0 0 0 -1 1 1 1 1 -1 
-1 -1 -1 -1 -1 0 0 0 0 -1 1 1 1 1 -1 
-1 -1 -1 -1 -1 0 0 0 0 -1 1 1 1 1 -1 
-1 -1 -1 -1 -1 0 0 0 0 -1 1 1 1 1 -1 
-1 -1 -1 -1 -1 0 0 0 0 -1 1 1 1 1 -1 
-1 -1 -1 -1 -1 0 0 0 0 -1 1 1 1 1 -1 
-1 -1 -1 -1 -1 0 0 0 0 -1 1 1 1 1 -1 
-1 -1 -1 -1 -1 0 0 0 0 -1 1 1 1 1 -1 
END
15 0
7 5
2 10
-1 -1 -1 -1 -1 -1 0 0 0 0 -1 1 1 1 1 
-1 -1 -1 -1 -1 -1 0 0 0 0 -1 1 1 1 1 
-1 -1 -1 -1 -1 -1 0 0 0 0 1 1 1 1 -1 
-1 -1 -1 -1 -1 -1 0 0 0 0 1 1 1 1 -1 
-1 -1 -1 -1 -1 -1 0 0 0 0 1 1 1 1 -1 
-1 -1 -1 -1 -1 -1 0 0 0 0 1 1 1 1 -1 
-1 -1 -1 -1 -1 -1 0 0 0 0 1 1 1 1 -1 
-1 -1 -1 -1 -1 0 0 0 0 -1 1 1 1 1 -1 
-1 -1 -1 -1 -1 0 0 0 0 -1 1 1 1 1 -1 
-1 -1 -1 -1 -1 0 0 0 0 -1 1 1 1 1 -1 
-1 -1 -1 -1 -1 0 0 0 0 -1 1 1 1 1 -1 
-1 -1 -1 -1 -1 0 0 0 0 -1 1 1 1 1 -1 
-1 -1 -1 -1 -1 0 0 0 0 -1 1 1 1 1 -1 
-1 -1 -1 -1 -1 0 0 0 0 -1 1 1 1 1 -1 
-1 -1 -1 -1 -1 0 0 0 0 -1 1 1 1 1 -1 
END
15 0
6 5
1 10
-1 -1 -1 -1 -1 -1 0 0 0 0 -1 1 1 1 1 
-1 -1 -1 -1 -1 -1 0 0 0 0 1 1 1 1 1 
-1 -1 -1 -1 -1 -1 0 0 0 0 1 1 1 1 -1 
-1 -1 -1 -1 -1 -1 0 0 0 0 1 1 1 1 -1 
-1 -1 -1 -1 -1 -1 0 0 0 0 1 1 1 1 -1 
-1 -1 -1 -1 -1 -1 0 0 0 0 1 1 1 1 -1 
-1 -1 -1 -1 -1 0 0 0 0 0 1 1 1 1 -1 
-1 -1 -1 -1 -1 0 0 0 0 -1 1 1 1 1 -1 
-1 -1 -1 -1 -1 0 0 0 0 -1 1 1 1 1 -1 
-1 -1 -1 -1 -1 0 0 0 0 -1 1 1 1 1 -1 
-1 -1 -1 -1 -1 0 0 0 0 -1 1 1 1 1 -1 
-1 -1 -1 -1 -1 0 0 0 0 -1 1 1 1 1 -1 
-1 -1 -1 -1 -1 0 0 0 0 -1 1 1 1 1 -1 
-1 -1 -1 -1 -1 0 0 0 0 -1 1 1 1 1 -1 
-1 -1 -1 -1 -1 0 0 0 0 -1 1 1 1 1 -1 
END
15 0
5 5
0 10
-1 -1 -1 -1 -1 -1 0 0 0 0 1 1 1 1 1 
-1 -1 -1 -1 -1 -1 0 0 0 0 1 1 1 1 1 
-1 -1 -1 -1 -1 -1 0 0 0 0 1 1 1 1 -1 
-1 -1 -1 -1 -1 -1 0 0 0 0 1 1 1 1 -1 
-1 -1 -1 -1 -1 -1 0 0 0 0 1 1 1 1 -1 
-1 -1 -1 -1 -1 0 0 0 0 0 1 1 1 1 -1 
-1 -1 -1 -1 -1 0 0 0 0 0 1 1 1 1 -1 
-1 -1 -1 -1 -1 0 0 0 0 -1 1 1 1 1 -1 
-1 -1 -1 -1 -1 0 0 0 0 -1 1 1 1 1 -1 
-1 -1 -1 -1 -1 0 0 0 0 -1 1 1 1 1 -1 
-1 -1 -1 -1 -1 0 0 0 0 -1 1 1 1 1 -1 
-1 -1 -1 -1 -1 0 0 0 0 -1 1 1 1 1 -1 
-1 -1 -1 -1 -1 0 0 0 0 -1 1 1 1 1 -1 
-1 -1 -1 -1 -1 0 0 0 0 -1 1 1 1 1 -1 
-1 -1 -1 -1 -1 0 0 0 0 -1 1 1 1 1 -1 
END
