15 1
1 12
5 2
-1 -1 -1 -1 -1 -1 -1 -1 -1 -1 -1 -1 -1 -1 -1 
-1 -1 -1 -1 -1 -1 -1 -1 -1 -1 -1 -1 0 -1 -1 
-1 -1 -1 -1 -1 -1 -1 -1 -1 -1 -1 -1 -1 -1 -1 
-1 -1 -1 -1 -1 -1 -1 -1 -1 -1 -1 -1 -1 -1 -1 
-1 -1 -1 -1 -1 -1 -1 -1 -1 -1 -1 -1 -1 -1 -1 
-1 -1 1 -1 -1 -1 -1 -1 -1 -1 -1 -1 -1 -1 -1 
-1 -1 -1 -1 -1 -1 -1 -1 -1 -1 -1 -1 -1 -1 -1 
-1 -1 -1 -1 -1 -1 -1 -1 -1 -1 -1 -1 -1 -1 -1 
-1 -1 -1 -1 -1 -1 -1 -1 -1 -1 -1 -1 -1 -1 -1 
-1 -1 -1 -1 -1 -1 -1 -1 -1 -1 -1 -1 -1 -1 -1 
-1 -1 -1 -1 -1 -1 -1 -1 -1 -1 -1 -1 -1 -1 -1 
-1 -1 -1 -1 -1 -1 -1 -1 -1 -1 -1 -1 -1 -1 -1 
-1 -1 -1 -1 -1 -1 -1 -1 -1 -1 -1 -1 -1 -1 -1 
-1 -1 -1 -1 -1 -1 -1 -1 -1 -1 -1 -1 -1 -1 -1 
-1 -1 -1 -1 -1 -1 -1 -1 -1 -1 -1 -1 -1 -1 -1 
END
15 1
0 12
4 2
-1 -1 -1 -1 -1 -1 -1 -1 -1 -1 -1 -1 0 -1 -1 
-1 -1 -1 -1 -1 -1 -1 -1 -1 -1 -1 -1 0 -1 -1 
-1 -1 -1 -1 -1 -1 -1 -1 -1 -1 -1 -1 -1 -1 -1 
-1 -1 -1 -1 -1 -1 -1 -1 -1 -1 -1 -1 -1 -1 -1 
-1 -1 1 -1 -1 -1 -1 -1 -1 -1 -1 -1 -1 -1 -1 
-1 -1 1 -1 -1 -1 -1 -1 -1 -1 -1 -1 -1 -1 -1 
-1 -1 -1 -1 -1 -1 -1 -1 -1 -1 -1 -1 -1 -1 -1 
-1 -1 -1 -1 -1 -1 -1 -1 -1 -1 -1 -1 -1 -1 -1 
-1 -1 -1 -1 -1 -1 -1 -1 -1 -1 -1 -1 -1 -1 -1 
-1 -1 -1 -1 -1 -1 -1 -1 -1 -1 -1 -1 -1 -1 -1 
-1 -1 -1 -1 -1 -1 -1 -1 -1 -1 -1 -1 -1 -1 -1 
-1 -1 -1 -1 -1 -1 -1 -1 -1 -1 -1 -1 -1 -1 -1 
-1 -1 -1 -1 -1 -1 -1 -1 -1 -1 -1 -1 -1 -1 -1 
-1 -1 -1 -1 -1 -1 -1 -1 -1 -1 -1 -1 -1 -1 -1 
-1 -1 -1 -1 -1 -1 -1 -1 -1 -1 -1 -1 -1 -1 -1 
END
15 1
0 11
3 2
-1 -1 -1 -1 -1 -1 -1 -1 -1 -1 -1 0 0 -1 -1 
-1 -1 -1 -1 -1 -1 -1 -1 -1 -1 -1 -1 0 -1 -1 
-1 -1 -1 -1 -1 -1 -1 -1 -1 -1 -1 -1 -1 -1 -1 
-1 -1 1 -1 -1 -1 -1 -1 -1 -1 -1 -1 -1 -1 -1 
-1 -1 1 -1 -1 -1 -1 -1 -1 -1 -1 -1 -1 -1 -1 
-1 -1 1 -1 -1 -1 -1 -1 -1 -1 -1 -1 -1 -1 -1 
-1 -1 -1 -1 -1 -1 -1 -1 -1 -1 -1 -1 -1 -1 -1 
-1 -1 -1 -1 -1 -1 -1 -1 -1 -1 -1 -1 -1 -1 -1 
-1 -1 -1 -1 -1 -1 -1 -1 -1 -1 -1 -1 -1 -1 -1 
-1 -1 -1 -1 -1 -1 -1 -1 -1 -1 -1 -1 -1 -1 -1 
-1 -1 -1 -1 -1 -1 -1 -1 -1 -1 -1 -1 -1 -1 -1 
-1 -1 -1 -1 -1 -1 -1 -1 -1 -1 -1 -1 -1 -1 -1 
-1 -1 -1 -1 -1 -1 -1 -1 -1 -1 -1 -1 -1 -1 -1 
-1 -1 -1 -1 -1 -1 -1 -1 -1 -1 -1 -1 -1 -1 -1 
-1 -1 -1 -1 -1 -1 -1 -1 -1 -1 -1 -1 -1 -1 -1 
END
15 1
1 11
2 2
-1 -1 -1 -1 -1 -1 -1 -1 -1 -1 -1 0 0 -1 -1 
-1 -1 -1 -1 -1 -1 -1 -1 -1 -1 -1 0 0 -1 -1 
-1 -1 1 -1 -1 -1 -1 -1 -1 -1 -1 -1 -1 -1 -1 
-1 -1 1 -1 -1 -1 -1 -1 -1 -1 -1 -1 -1 -1 -1 
-1 -1 1 -1 -1 -1 -1 -1 -1 -1 -1 -1 -1 -1 -1 
-1 -1 1 -1 -1 -1 -1 -1 -1 -1 -1 -1 -1 -1 -1 
-1 -1 -1 -1 -1 -1 -1 -1 -1 -1 -1 -1 -1 -1 -1 
-1 -1 -1 -1 -1 -1 -1 -1 -1 -1 -1 -1 -1 -1 -1 
-1 -1 -1 -1 -1 -1 -1 -1 -1 -1 -1 -1 -1 -1 -1 
-1 -1 -1 -1 -1 -1 -1 -1 -1 -1 -1 -1 -1 -1 -1 
-1 -1 -1 -1 -1 -1 -1 -1 -1 -1 -1 -1 -1 -1 -1 
-1 -1 -1 -1 -1 -1 -1 -1 -1 -1 -1 -1 -1 -1 -1 
-1 -1 -1 -1 -1 -1 -1 -1 -1 -1 -1 -1 -1 -1 -1 
-1 -1 -1 -1 -1 -1 -1 -1 -1 -1 -1 -1 -1 -1 -1 
-1 -1 -1 -1 -1 -1 -1 -1 -1 -1 -1 -1 -1 -1 -1 
END
15 1
2 11
1 2
-1 -1 -1 -1 -1 -1 -1 -1 -1 -1 -1 0 0 -1 -1 
-1 -1 1 -1 -1 -1 -1 -1 -1 -1 -1 0 0 -1 -1 
-1 -1 1 -1 -1 -1 -1 -1 -1 -1 -1 0 -1 -1 -1 
-1 -1 1 -1 -1 -1 -1 -1 -1 -1 -1 -1 -1 -1 -1 
-1 -1 1 -1 -1 -1 -1 -1 -1 -1 -1 -1 -1 -1 -1 
-1 -1 1 -1 -1 -1 -1 -1 -1 -1 -1 -1 -1 -1 -1 
-1 -1 -1 -1 -1 -1 -1 -1 -1 -1 -1 -1 -1 -1 -1 
-1 -1 -1 -1 -1 -1 -1 -1 -1 -1 -1 -1 -1 -1 -1 
-1 -1 -1 -1 -1 -1 -1 -1 -1 -1 -1 -1 -1 -1 -1 
-1 -1 -1 -1 -1 -1 -1 -1 -1 -1 -1 -1 -1 -1 -1 
-1 -1 -1 -1 -1 -1 -1 -1 -1 -1 -1 -1 -1 -1 -1 
-1 -1 -1 -1 -1 -1 -1 -1 -1 -1 -1 -1 -1 -1 -1 
-1 -1 -1 -1 -1 -1 -1 -1 -1 -1 -1 -1 -1 -1 -1 
-1 -1 -1 -1 -1 -1 -1 -1 -1 -1 -1 -1 -1 -1 -1 
-1 -1 -1 -1 -1 -1 -1 -1 -1 -1 -1 -1 -1 -1 -1 
END
15 1
3 11
0 2
-1 -1 1 -1 -1 -1 -1 -1 -1 -1 -1 0 0 -1 -1 
-1 -1 1 -1 -1 -1 -1 -1 -1 -1 -1 0 0 -1 -1 
-1 -1 1 -1 -1 -1 -1 -1 -1 -1 -1 0 -1 -1 -1 
-1 -1 1 -1 -1 -1 -1 -1 -1 -1 -1 0 -1 -1 -1 
-1 -1 1 -1 -1 -1 -1 -1 -1 -1 -1 -1 -1 -1 -1 
-1 -1 1 -1 -1 -1 -1 -1 -1 -1 -1 -1 -1 -1 -1 
-1 -1 -1 -1 -1 -1 -1 -1 -1 -1 -1 -1 -1 -1 -1 
-1 -1 -1 -1 -1 -1 -1 -1 -1 -1 -1 -1 -1 -1 -1 
-1 -1 -1 -1 -1 -1 -1 -1 -1 -1 -1 -1 -1 -1 -1 
-1 -1 -1 -1 -1 -1 -1 -1 -1 -1 -1 -1 -1 -1 -1 
-1 -1 -1 -1 -1 -1 -1 -1 -1 -1 -1 -1 -1 -1 -1 
-1 -1 -1 -1 -1 -1 -1 -1 -1 -1 -1 -1 -1 -1 -1 
-1 -1 -1 -1 -1 -1 -1 -1 -1 -1 -1 -1 -1 -1 -1 
-1 -1 -1 -1 -1 -1 -1 -1 -1 -1 -1 -1 -1 -1 -1 
-1 -1 -1 -1 -1 -1 -1 -1 -1 -1 -1 -1 -1 -1 -1 
END
15 1
4 11
0 1
-1 1 1 -1 -1 -1 -1 -1 -1 -1 -1 0 0 -1 -1 
-1 -1 1 -1 -1 -1 -1 -1 -1 -1 -1 0 0 -1 -1 
-1 -1 1 -1 -1 -1 -1 -1 -1 -1 -1 0 -1 -1 -1 
-1 -1 1 -1 -1 -1 -1 -1 -1 -1 -1 0 -1 -1 -1 
-1 -1 1 -1 -1 -1 -1 -1 -1 -1 -1 0 -1 -1 -1 
-1 -1 1 -1 -1 -1 -1 -1 -1 -1 -1 -1 -1 -1 -1 
-1 -1 -1 -1 -1 -1 -1 -1 -1 -1 -1 -1 -1 -1 -1 
-1 -1 -1 -1 -1 -1 -1 -1 -1 -1 -1 -1 -1 -1 -1 
-1 -1 -1 -1 -1 -1 -1 -1 -1 -1 -1 -1 -1 -1 -1 
-1 -1 -1 -1 -1 -1 -1 -1 -1 -1 -1 -1 -1 -1 -1 
-1 -1 -1 -1 -1 -1 -1 -1 -1 -1 -1 -1 -1 -1 -1 
-1 -1 -1 -1 -1 -1 -1 -1 -1 -1 -1 -1 -1 -1 -1 
-1 -1 -1 -1 -1 -1 -1 -1 -1 -1 -1 -1 -1 -1 -1 
-1 -1 -1 -1 -1 -1 -1 -1 -1 -1 -1 -1 -1 -1 -1 
-1 -1 -1 -1 -1 -1 -1 -1 -1 -1 -1 -1 -1 -1 -1 
END
15 1
5 11
1 1
-1 1 1 -1 -1 -1 -1 -1 -1 -1 -1 0 0 -1 -1 
-1 1 1 -1 -1 -1 -1 -1 -1 -1 -1 0 0 -1 -1 
-1 -1 1 -1 -1 -1 -1 -1 -1 -1 -1 0 -1 -1 -1 
-1 -1 1 -1 -1 -1 -1 -1 -1 -1 -1 0 -1 -1 -1 
-1 -1 1 -1 -1 -1 -1 -1 -1 -1 -1 0 -1 -1 -1 
-1 -1 1 -1 -1 -1 -1 -1 -1 -1 -1 0 -1 -1 -1 
-1 -1 -1 -1 -1 -1 -1 -1 -1 -1 -1 -1 -1 -1 -1 
-1 -1 -1 -1 -1 -1 -1 -1 -1 -1 -1 -1 -1 -1 -1 
-1 -1 -1 -1 -1 -1 -1 -1 -1 -1 -1 -1 -1 -1 -1 
-1 -1 -1 -1 -1 -1 -1 -1 -1 -1 -1 -1 -1 -1 -1 
-1 -1 -1 -1 -1 -1 -1 -1 -1 -1 -1 -1 -1 -1 -1 
-1 -1 -1 -1 -1 -1 -1 -1 -1 -1 -1 -1 -1 -1 -1 
-1 -1 -1 -1 -1 -1 -1 -1 -1 -1 -1 -1 -1 -1 -1 
-1 -1 -1 -1 -1 -1 -1 -1 -1 -1 -1 -1 -1 -1 -1 
-1 -1 -1 -1 -1 -1 -1 -1 -1 -1 -1 -1 -1 -1 -1 
END
15 1
6 11
2 1
-1 1 1 -1 -1 -1 -1 -1 -1 -1 -1 0 0 -1 -1 
-1 1 1 -1 -1 -1 -1 -1 -1 -1 -1 0 0 -1 -1 
-1 1 1 -1 -1 -1 -1 -1 -1 -1 -1 0 -1 -1 -1 
-1 -1 1 -1 -1 -1 -1 -1 -1 -1 -1 0 -1 -1 -1 
-1 -1 1 -1 -1 -1 -1 -1 -1 -1 -1 0 -1 -1 -1 
-1 -1 1 -1 -1 -1 -1 -1 -1 -1 -1 0 -1 -1 -1 
-1 -1 -1 -1 -1 -1 -1 -1 -1 -1 -1 0 -1 -1 -1 
-1 -1 -1 -1 -1 -1 -1 -1 -1 -1 -1 -1 -1 -1 -1 
-1 -1 -1 -1 -1 -1 -1 -1 -1 -1 -1 -1 -1 -1 -1 
-1 -1 -1 -1 -1 -1 -1 -1 -1 -1 -1 -1 -1 -1 -1 
-1 -1 -1 -1 -1 -1 -1 -1 -1 -1 -1 -1 -1 -1 -1 
-1 -1 -1 -1 -1 -1 -1 -1 -1 -1 -1 -1 -1 -1 -1 
-1 -1 -1 -1 -1 -1 -1 -1 -1 -1 -1 -1 -1 -1 -1 
-1 -1 -1 -1 -1 -1 -1 -1 -1 -1 -1 -1 -1 -1 -1 
-1 -1 -1 -1 -1 -1 -1 -1 -1 -1 -1 -1 -1 -1 -1 
END
15 1
7 11
3 1
-1 1 1 -1 -1 -1 -1 -1 -1 -1 -1 0 0 -1 -1 
-1 1 1 -1 -1 -1 -1 -1 -1 -1 -1 0 0 -1 -1 
-1 1 1 -1 -1 -1 -1 -1 -1 -1 -1 0 -1 -1 -1 
-1 1 1 -1 -1 -1 -1 -1 -1 -1 -1 0 -1 -1 -1 
-1 -1 1 -1 -1 -1 -1 -1 -1 -1 -1 0 -1 -1 -1 
-1 -1 1 -1 -1 -1 -1 -1 -1 -1 -1 0 -1 -1 -1 
-1 -1 -1 -1 -1 -1 -1 -1 -1 -1 -1 0 -1 -1 -1 
-1 -1 -1 -1 -1 -1 -1 -1 -1 -1 -1 0 -1 -1 -1 
-1 -1 -1 -1 -1 -1 -1 -1 -1 -1 -1 -1 -1 -1 -1 
-1 -1 -1 -1 -1 -1 -1 -1 -1 -1 -1 -1 -1 -1 -1 
-1 -1 -1 -1 -1 -1 -1 -1 -1 -1 -1 -1 -1 -1 -1 
-1 -1 -1 -1 -1 -1 -1 -1 -1 -1 -1 -1 -1 -1 -1 
-1 -1 -1 -1 -1 -1 -1 -1 -1 -1 -1 -1 -1 -1 -1 
-1 -1 -1 -1 -1 -1 -1 -1 -1 -1 -1 -1 -1 -1 -1 
-1 -1 -1 -1 -1 -1 -1 -1 -1 -1 -1 -1 -1 -1 -1 
END
15 1
8 11
4 1
-1 1 1 -1 -1 -1 -1 -1 -1 -1 -1 0 0 -1 -1 
-1 1 1 -1 -1 -1 -1 -1 -1 -1 -1 0 0 -1 -1 
-1 1 1 -1 -1 -1 -1 -1 -1 -1 -1 0 -1 -1 -1 
-1 1 1 -1 -1 -1 -1 -1 -1 -1 -1 0 -1 -1 -1 
-1 1 1 -1 -1 -1 -1 -1 -1 -1 -1 0 -1 -1 -1 
-1 -1 1 -1 -1 -1 -1 -1 -1 -1 -1 0 -1 -1 -1 
-1 -1 -1 -1 -1 -1 -1 -1 -1 -1 -1 0 -1 -1 -1 
-1 -1 -1 -1 -1 -1 -1 -1 -1 -1 -1 0 -1 -1 -1 
-1 -1 -1 -1 -1 -1 -1 -1 -1 -1 -1 0 -1 -1 -1 
-1 -1 -1 -1 -1 -1 -1 -1 -1 -1 -1 -1 -1 -1 -1 
-1 -1 -1 -1 -1 -1 -1 -1 -1 -1 -1 -1 -1 -1 -1 
-1 -1 -1 -1 -1 -1 -1 -1 -1 -1 -1 -1 -1 -1 -1 
-1 -1 -1 -1 -1 -1 -1 -1 -1 -1 -1 -1 -1 -1 -1 
-1 -1 -1 -1 -1 -1 -1 -1 -1 -1 -1 -1 -1 -1 -1 
-1 -1 -1 -1 -1 -1 -1 -1 -1 -1 -1 -1 -1 -1 -1 
END
15 1
9 11
5 1
-1 1 1 -1 -1 -1 -1 -1 -1 -1 -1 0 0 -1 -1 
-1 1 1 -1 -1 -1 -1 -1 -1 -1 -1 0 0 -1 -1 
-1 1 1 -1 -1 -1 -1 -1 -1 -1 -1 0 -1 -1 -1 
-1 1 1 -1 -1 -1 -1 -1 -1 -1 -1 0 -1 -1 -1 
-1 1 1 -1 -1 -1 -1 -1 -1 -1 -1 0 -1 -1 -1 
-1 1 1 -1 -1 -1 -1 -1 -1 -1 -1 0 -1 -1 -1 
-1 -1 -1 -1 -1 -1 -1 -1 -1 -1 -1 0 -1 -1 -1 
-1 -1 -1 -1 -1 -1 -1 -1 -1 -1 -1 0 -1 -1 -1 
-1 -1 -1 -1 -1 -1 -1 -1 -1 -1 -1 0 -1 -1 -1 
-1 -1 -1 -1 -1 -1 -1 -1 -1 -1 -1 0 -1 -1 -1 
-1 -1 -1 -1 -1 -1 -1 -1 -1 -1 -1 -1 -1 -1 -1 
-1 -1 -1 -1 -1 -1 -1 -1 -1 -1 -1 -1 -1 -1 -1 
-1 -1 -1 -1 -1 -1 -1 -1 -1 -1 -1 -1 -1 -1 -1 
-1 -1 -1 -1 -1 -1 -1 -1 -1 -1 -1 -1 -1 -1 -1 
-1 -1 -1 -1 -1 -1 -1 -1 -1 -1 -1 -1 -1 -1 -1 
END
15 1
10 11
6 1
-1 1 1 -1 -1 -1 -1 -1 -1 -1 -1 0 0 -1 -1 
-1 1 1 -1 -1 -1 -1 -1 -1 -1 -1 0 0 -1 -1 
-1 1 1 -1 -1 -1 -1 -1 -1 -1 -1 0 -1 -1 -1 
-1 1 1 -1 -1 -1 -1 -1 -1 -1 -1 0 -1 -1 -1 
-1 1 1 -1 -1 -1 -1 -1 -1 -1 -1 0 -1 -1 -1 
-1 1 1 -1 -1 -1 -1 -1 -1 -1 -1 0 -1 -1 -1 
-1 1 -1 -1 -1 -1 -1 -1 -1 -1 -1 0 -1 -1 -1 
-1 -1 -1 -1 -1 -1 -1 -1 -1 -1 -1 0 -1 -1 -1 
-1 -1 -1 -1 -1 -1 -1 -1 -1 -1 -1 0 -1 -1 -1 
-1 -1 -1 -1 -1 -1 -1 -1 -1 -1 -1 0 -1 -1 -1 
-1 -1 -1 -1 -1 -1 -1 -1 -1 -1 -1 0 -1 -1 -1 
-1 -1 -1 -1 -1 -1 -1 -1 -1 -1 -1 -1 -1 -1 -1 
-1 -1 -1 -1 -1 -1 -1 -1 -1 -1 -1 -1 -1 -1 -1 
-1 -1 -1 -1 -1 -1 -1 -1 -1 -1 -1 -1 -1 -1 -1 
-1 -1 -1 -1 -1 -1 -1 -1 -1 -1 -1 -1 -1 -1 -1 
END
15 1
11 11
7 1
-1 1 1 -1 -1 -1 -1 -1 -1 -1 -1 0 0 -1 -1 
-1 1 1 -1 -1 -1 -1 -1 -1 -1 -1 0 0 -1 -1 
-1 1 1 -1 -1 -1 -1 -1 -1 -1 -1 0 -1 -1 -1 
-1 1 1 -1 -1 -1 -1 -1 -1 -1 -1 0 -1 -1 -1 
-1 1 1 -1 -1 -1 -1 -1 -1 -1 -1 0 -1 -1 -1 
-1 1 1 -1 -1 -1 -1 -1 -1 -1 -1 0 -1 -1 -1 
-1 1 -1 -1 -1 -1 -1 -1 -1 -1 -1 0 -1 -1 -1 
-1 1 -1 -1 -1 -1 -1 -1 -1 -1 -1 0 -1 -1 -1 
-1 -1 -1 -1 -1 -1 -1 -1 -1 -1 -1 0 -1 -1 -1 
-1 -1 -1 -1 -1 -1 -1 -1 -1 -1 -1 0 -1 -1 -1 
-1 -1 -1 -1 -1 -1 -1 -1 -1 -1 -1 0 -1 -1 -1 
-1 -1 -1 -1 -1 -1 -1 -1 -1 -1 -1 0 -1 -1 -1 
-1 -1 -1 -1 -1 -1 -1 -1 -1 -1 -1 -1 -1 -1 -1 
-1 -1 -1 -1 -1 -1 -1 -1 -1 -1 -1 -1 -1 -1 -1 
-1 -1 -1 -1 -1 -1 -1 -1 -1 -1 -1 -1 -1 -1 -1 
END
15 1
12 11
8 1
-1 1 1 -1 -1 -1 -1 -1 -1 -1 -1 0 0 -1 -1 
-1 1 1 -1 -1 -1 -1 -1 -1 -1 -1 0 0 -1 -1 
-1 1 1 -1 -1 -1 -1 -1 -1 -1 -1 0 -1 -1 -1 
-1 1 1 -1 -1 -1 -1 -1 -1 -1 -1 0 -1 -1 -1 
-1 1 1 -1 -1 -1 -1 -1 -1 -1 -1 0 -1 -1 -1 
-1 1 1 -1 -1 -1 -1 -1 -1 -1 -1 0 -1 -1 -1 
-1 1 -1 -1 -1 -1 -1 -1 -1 -1 -1 0 -1 -1 -1 
-1 1 -1 -1 -1 -1 -1 -1 -1 -1 -1 0 -1 -1 -1 
-1 1 -1 -1 -1 -1 -1 -1 -1 -1 -1 0 -1 -1 -1 
-1 -1 -1 -1 -1 -1 -1 -1 -1 -1 -1 0 -1 -1 -1 
-1 -1 -1 -1 -1 -1 -1 -1 -1 -1 -1 0 -1 -1 -1 
-1 -1 -1 -1 -1 -1 -1 -1 -1 -1 -1 0 -1 -1 -1 
-1 -1 -1 -1 -1 -1 -1 -1 -1 -1 -1 0 -1 -1 -1 
-1 -1 -1 -1 -1 -1 -1 -1 -1 -1 -1 -1 -1 -1 -1 
-1 -1 -1 -1 -1 -1 -1 -1 -1 -1 -1 -1 -1 -1 -1 
END
15 1
13 11
9 1
-1 1 1 -1 -1 -1 -1 -1 -1 -1 -1 0 0 -1 -1 
-1 1 1 -1 -1 -1 -1 -1 -1 -1 -1 0 0 -1 -1 
-1 1 1 -1 -1 -1 -1 -1 -1 -1 -1 0 -1 -1 -1 
-1 1 1 -1 -1 -1 -1 -1 -1 -1 -1 0 -1 -1 -1 
-1 1 1 -1 -1 -1 -1 -1 -1 -1 -1 0 -1 -1 -1 
-1 1 1 -1 -1 -1 -1 -1 -1 -1 -1 0 -1 -1 -1 
-1 1 -1 -1 -1 -1 -1 -1 -1 -1 -1 0 -1 -1 -1 
-1 1 -1 -1 -1 -1 -1 -1 -1 -1 -1 0 -1 -1 -1 
-1 1 -1 -1 -1 -1 -1 -1 -1 -1 -1 0 -1 -1 -1 
-1 1 -1 -1 -1 -1 -1 -1 -1 -1 -1 0 -1 -1 -1 
-1 -1 -1 -1 -1 -1 -1 -1 -1 -1 -1 0 -1 -1 -1 
-1 -1 -1 -1 -1 -1 -1 -1 -1 -1 -1 0 -1 -1 -1 
-1 -1 -1 -1 -1 -1 -1 -1 -1 -1 -1 0 -1 -1 -1 
-1 -1 -1 -1 -1 -1 -1 -1 -1 -1 -1 0 -1 -1 -1 
-1 -1 -1 -1 -1 -1 -1 -1 -1 -1 -1 -1 -1 -1 -1 
END
15 1
14 11
10 1
-1 1 1 -1 -1 -1 -1 -1 -1 -1 -1 0 0 -1 -1 
-1 1 1 -1 -1 -1 -1 -1 -1 -1 -1 0 0 -1 -1 
-1 1 1 -1 -1 -1 -1 -1 -1 -1 -1 0 -1 -1 -1 
-1 1 1 -1 -1 -1 -1 -1 -1 -1 -1 0 -1 -1 -1 
-1 1 1 -1 -1 -1 -1 -1 -1 -1 -1 0 -1 -1 -1 
-1 1 1 -1 -1 -1 -1 -1 -1 -1 -1 0 -1 -1 -1 
-1 1 -1 -1 -1 -1 -1 -1 -1 -1 -1 0 -1 -1 -1 
-1 1 -1 -1 -1 -1 -1 -1 -1 -1 -1 0 -1 -1 -1 
-1 1 -1 -1 -1 -1 -1 -1 -1 -1 -1 0 -1 -1 -1 
-1 1 -1 -1 -1 -1 -1 -1 -1 -1 -1 0 -1 -1 -1 
-1 1 -1 -1 -1 -1 -1 -1 -1 -1 -1 0 -1 -1 -1 
-1 -1 -1 -1 -1 -1 -1 -1 -1 -1 -1 0 -1 -1 -1 
-1 -1 -1 -1 -1 -1 -1 -1 -1 -1 -1 0 -1 -1 -1 
-1 -1 -1 -1 -1 -1 -1 -1 -1 -1 -1 0 -1 -1 -1 
-1 -1 -1 -1 -1 -1 -1 -1 -1 -1 -1 0 -1 -1 -1 
END
15 1
14 10
11 1
-1 1 1 -1 -1 -1 -1 -1 -1 -1 -1 0 0 -1 -1 
-1 1 1 -1 -1 -1 -1 -1 -1 -1 -1 0 0 -1 -1 
-1 1 1 -1 -1 -1 -1 -1 -1 -1 -1 0 -1 -1 -1 
-1 1 1 -1 -1 -1 -1 -1 -1 -1 -1 0 -1 -1 -1 
-1 1 1 -1 -1 -1 -1 -1 -1 -1 -1 0 -1 -1 -1 
-1 1 1 -1 -1 -1 -1 -1 -1 -1 -1 0 -1 -1 -1 
-1 1 -1 -1 -1 -1 -1 -1 -1 -1 -1 0 -1 -1 -1 
-1 1 -1 -1 -1 -1 -1 -1 -1 -1 -1 0 -1 -1 -1 
-1 1 -1 -1 -1 -1 -1 -1 -1 -1 -1 0 -1 -1 -1 
-1 1 -1 -1 -1 -1 -1 -1 -1 -1 -1 0 -1 -1 -1 
-1 1 -1 -1 -1 -1 -1 -1 -1 -1 -1 0 -1 -1 -1 
-1 1 -1 -1 -1 -1 -1 -1 -1 -1 -1 0 -1 -1 -1 
-1 -1 -1 -1 -1 -1 -1 -1 -1 -1 -1 0 -1 -1 -1 
-1 -1 -1 -1 -1 -1 -1 -1 -1 -1 -1 0 -1 -1 -1 
-1 -1 -1 -1 -1 -1 -1 -1 -1 -1 0 0 -1 -1 -1 
END
15 1
13 10
12 1
-1 1 1 -1 -1 -1 -1 -1 -1 -1 -1 0 0 -1 -1 
-1 1 1 -1 -1 -1 -1 -1 -1 -1 -1 0 0 -1 -1 
-1 1 1 -1 -1 -1 -1 -1 -1 -1 -1 0 -1 -1 -1 
-1 1 1 -1 -1 -1 -1 -1 -1 -1 -1 0 -1 -1 -1 
-1 1 1 -1 -1 -1 -1 -1 -1 -1 -1 0 -1 -1 -1 
-1 1 1 -1 -1 -1 -1 -1 -1 -1 -1 0 -1 -1 -1 
-1 1 -1 -1 -1 -1 -1 -1 -1 -1 -1 0 -1 -1 -1 
-1 1 -1 -1 -1 -1 -1 -1 -1 -1 -1 0 -1 -1 -1 
-1 1 -1 -1 -1 -1 -1 -1 -1 -1 -1 0 -1 -1 -1 
-1 1 -1 -1 -1 -1 -1 -1 -1 -1 -1 0 -1 -1 -1 
-1 1 -1 -1 -1 -1 -1 -1 -1 -1 -1 0 -1 -1 -1 
-1 1 -1 -1 -1 -1 -1 -1 -1 -1 -1 0 -1 -1 -1 
-1 1 -1 -1 -1 -1 -1 -1 -1 -1 -1 0 -1 -1 -1 
-1 -1 -1 -1 -1 -1 -1 -1 -1 -1 0 0 -1 -1 -1 
-1 -1 -1 -1 -1 -1 -1 -1 -1 -1 0 0 -1 -1 -1 
END
15 1
12 10
13 1
-1 1 1 -1 -1 -1 -1 -1 -1 -1 -1 0 0 -1 -1 
-1 1 1 -1 -1 -1 -1 -1 -1 -1 -1 0 0 -1 -1 
-1 1 1 -1 -1 -1 -1 -1 -1 -1 -1 0 -1 -1 -1 
-1 1 1 -1 -1 -1 -1 -1 -1 -1 -1 0 -1 -1 -1 
-1 1 1 -1 -1 -1 -1 -1 -1 -1 -1 0 -1 -1 -1 
-1 1 1 -1 -1 -1 -1 -1 -1 -1 -1 0 -1 -1 -1 
-1 1 -1 -1 -1 -1 -1 -1 -1 -1 -1 0 -1 -1 -1 
-1 1 -1 -1 -1 -1 -1 -1 -1 -1 -1 0 -1 -1 -1 
-1 1 -1 -1 -1 -1 -1 -1 -1 -1 -1 0 -1 -1 -1 
-1 1 -1 -1 -1 -1 -1 -1 -1 -1 -1 0 -1 -1 -1 
-1 1 -1 -1 -1 -1 -1 -1 -1 -1 -1 0 -1 -1 -1 
-1 1 -1 -1 -1 -1 -1 -1 -1 -1 -1 0 -1 -1 -1 
-1 1 -1 -1 -1 -1 -1 -1 -1 -1 0 0 -1 -1 -1 
-1 1 -1 -1 -1 -1 -1 -1 -1 -1 0 0 -1 -1 -1 
-1 -1 -1 -1 -1 -1 -1 -1 -1 -1 0 0 -1 -1 -1 
END
15 1
11 10
14 1
-1 1 1 -1 -1 -1 -1 -1 -1 -1 -1 0 0 -1 -1 
-1 1 1 -1 -1 -1 -1 -1 -1 -1 -1 0 0 -1 -1 
-1 1 1 -1 -1 -1 -1 -1 -1 -1 -1 0 -1 -1 -1 
-1 1 1 -1 -1 -1 -1 -1 -1 -1 -1 0 -1 -1 -1 
-1 1 1 -1 -1 -1 -1 -1 -1 -1 -1 0 -1 -1 -1 
-1 1 1 -1 -1 -1 -1 -1 -1 -1 -1 0 -1 -1 -1 
-1 1 -1 -1 -1 -1 -1 -1 -1 -1 -1 0 -1 -1 -1 
-1 1 -1 -1 -1 -1 -1 -1 -1 -1 -1 0 -1 -1 -1 
-1 1 -1 -1 -1 -1 -1 -1 -1 -1 -1 0 -1 -1 -1 
-1 1 -1 -1 -1 -1 -1 -1 -1 -1 -1 0 -1 -1 -1 
-1 1 -1 -1 -1 -1 -1 -1 -1 -1 -1 0 -1 -1 -1 
-1 1 -1 -1 -1 -1 -1 -1 -1 -1 0 0 -1 -1 -1 
-1 1 -1 -1 -1 -1 -1 -1 -1 -1 0 0 -1 -1 -1 
-1 1 -1 -1 -1 -1 -1 -1 -1 -1 0 0 -1 -1 -1 
-1 1 -1 -1 -1 -1 -1 -1 -1 -1 0 0 -1 -1 -1 
END
15 1
10 10
14 0
-1 1 1 -1 -1 -1 -1 -1 -1 -1 -1 0 0 -1 -1 
-1 1 1 -1 -1 -1 -1 -1 -1 -1 -1 0 0 -1 -1 
-1 1 1 -1 -1 -1 -1 -1 -1 -1 -1 0 -1 -1 -1 
-1 1 1 -1 -1 -1 -1 -1 -1 -1 -1 0 -1 -1 -1 
-1 1 1 -1 -1 -1 -1 -1 -1 -1 -1 0 -1 -1 -1 
-1 1 1 -1 -1 -1 -1 -1 -1 -1 -1 0 -1 -1 -1 
-1 1 -1 -1 -1 -1 -1 -1 -1 -1 -1 0 -1 -1 -1 
-1 1 -1 -1 -1 -1 -1 -1 -1 -1 -1 0 -1 -1 -1 
-1 1 -1 -1 -1 -1 -1 -1 -1 -1 -1 0 -1 -1 -1 
-1 1 -1 -1 -1 -1 -1 -1 -1 -1 -1 0 -1 -1 -1 
-1 1 -1 -1 -1 -1 -1 -1 -1 -1 0 0 -1 -1 -1 
-1 1 -1 -1 -1 -1 -1 -1 -1 -1 0 0 -1 -1 -1 
-1 1 -1 -1 -1 -1 -1 -1 -1 -1 0 0 -1 -1 -1 
-1 1 -1 -1 -1 -1 -1 -1 -1 -1 0 0 -1 -1 -1 
1 1 -1 -1 -1 -1 -1 -1 -1 -1 0 0 -1 -1 -1 
END
15 1
9 10
13 0
-1 1 1 -1 -1 -1 -1 -1 -1 -1 -1 0 0 -1 -1 
-1 1 1 -1 -1 -1 -1 -1 -1 -1 -1 0 0 -1 -1 
-1 1 1 -1 -1 -1 -1 -1 -1 -1 -1 0 -1 -1 -1 
-1 1 1 -1 -1 -1 -1 -1 -1 -1 -1 0 -1 -1 -1 
-1 1 1 -1 -1 -1 -1 -1 -1 -1 -1 0 -1 -1 -1 
-1 1 1 -1 -1 -1 -1 -1 -1 -1 -1 0 -1 -1 -1 
-1 1 -1 -1 -1 -1 -1 -1 -1 -1 -1 0 -1 -1 -1 
-1 1 -1 -1 -1 -1 -1 -1 -1 -1 -1 0 -1 -1 -1 
-1 1 -1 -1 -1 -1 -1 -1 -1 -1 -1 0 -1 -1 -1 
-1 1 -1 -1 -1 -1 -1 -1 -1 -1 0 0 -1 -1 -1 
-1 1 -1 -1 -1 -1 -1 -1 -1 -1 0 0 -1 -1 -1 
-1 1 -1 -1 -1 -1 -1 -1 -1 -1 0 0 -1 -1 -1 
-1 1 -1 -1 -1 -1 -1 -1 -1 -1 0 0 -1 -1 -1 
1 1 -1 -1 -1 -1 -1 -1 -1 -1 0 0 -1 -1 -1 
1 1 -1 -1 -1 -1 -1 -1 -1 -1 0 0 -1 -1 -1 
END
15 1
8 10
12 0
-1 1 1 -1 -1 -1 -1 -1 -1 -1 -1 0 0 -1 -1 
-1 1 1 -1 -1 -1 -1 -1 -1 -1 -1 0 0 -1 -1 
-1 1 1 -1 -1 -1 -1 -1 -1 -1 -1 0 -1 -1 -1 
-1 1 1 -1 -1 -1 -1 -1 -1 -1 -1 0 -1 -1 -1 
-1 1 1 -1 -1 -1 -1 -1 -1 -1 -1 0 -1 -1 -1 
-1 1 1 -1 -1 -1 -1 -1 -1 -1 -1 0 -1 -1 -1 
-1 1 -1 -1 -1 -1 -1 -1 -1 -1 -1 0 -1 -1 -1 
-1 1 -1 -1 -1 -1 -1 -1 -1 -1 -1 0 -1 -1 -1 
-1 1 -1 -1 -1 -1 -1 -1 -1 -1 0 0 -1 -1 -1 
-1 1 -1 -1 -1 -1 -1 -1 -1 -1 0 0 -1 -1 -1 
-1 1 -1 -1 -1 -1 -1 -1 -1 -1 0 0 -1 -1 -1 
-1 1 -1 -1 -1 -1 -1 -1 -1 -1 0 0 -1 -1 -1 
1 1 -1 -1 -1 -1 -1 -1 -1 -1 0 0 -1 -1 -1 
1 1 -1 -1 -1 -1 -1 -1 -1 -1 0 0 -1 -1 -1 
1 1 -1 -1 -1 -1 -1 -1 -1 -1 0 0 -1 -1 -1 
END
15 1
7 10
11 0
-1 1 1 -1 -1 -1 -1 -1 -1 -1 -1 0 0 -1 -1 
-1 1 1 -1 -1 -1 -1 -1 -1 -1 -1 0 0 -1 -1 
-1 1 1 -1 -1 -1 -1 -1 -1 -1 -1 0 -1 -1 -1 
-1 1 1 -1 -1 -1 -1 -1 -1 -1 -1 0 -1 -1 -1 
-1 1 1 -1 -1 -1 -1 -1 -1 -1 -1 0 -1 -1 -1 
-1 1 1 -1 -1 -1 -1 -1 -1 -1 -1 0 -1 -1 -1 
-1 1 -1 -1 -1 -1 -1 -1 -1 -1 -1 0 -1 -1 -1 
-1 1 -1 -1 -1 -1 -1 -1 -1 -1 0 0 -1 -1 -1 
-1 1 -1 -1 -1 -1 -1 -1 -1 -1 0 0 -1 -1 -1 
-1 1 -1 -1 -1 -1 -1 -1 -1 -1 0 0 -1 -1 -1 
-1 1 -1 -1 -1 -1 -1 -1 -1 -1 0 0 -1 -1 -1 
1 1 -1 -1 -1 -1 -1 -1 -1 -1 0 0 -1 -1 -1 
1 1 -1 -1 -1 -1 -1 -1 -1 -1 0 0 -1 -1 -1 
1 1 -1 -1 -1 -1 -1 -1 -1 -1 0 0 -1 -1 -1 
1 1 -1 -1 -1 -1 -1 -1 -1 -1 0 0 -1 -1 -1 
END
15 1
6 10
10 0
-1 1 1 -1 -1 -1 -1 -1 -1 -1 -1 0 0 -1 -1 
-1 1 1 -1 -1 -1 -1 -1 -1 -1 -1 0 0 -1 -1 
-1 1 1 -1 -1 -1 -1 -1 -1 -1 -1 0 -1 -1 -1 
-1 1 1 -1 -1 -1 -1 -1 -1 -1 -1 0 -1 -1 -1 
-1 1 1 -1 -1 -1 -1 -1 -1 -1 -1 0 -1 -1 -1 
-1 1 1 -1 -1 -1 -1 -1 -1 -1 -1 0 -1 -1 -1 
-1 1 -1 -1 -1 -1 -1 -1 -1 -1 0 0 -1 -1 -1 
-1 1 -1 -1 -1 -1 -1 -1 -1 -1 0 0 -1 -1 -1 
-1 1 -1 -1 -1 -1 -1 -1 -1 -1 0 0 -1 -1 -1 
-1 1 -1 -1 -1 -1 -1 -1 -1 -1 0 0 -1 -1 -1 
1 1 -1 -1 -1 -1 -1 -1 -1 -1 0 0 -1 -1 -1 
1 1 -1 -1 -1 -1 -1 -1 -1 -1 0 0 -1 -1 -1 
1 1 -1 -1 -1 -1 -1 -1 -1 -1 0 0 -1 -1 -1 
1 1 -1 -1 -1 -1 -1 -1 -1 -1 0 0 -1 -1 -1 
1 1 -1 -1 -1 -1 -1 -1 -1 -1 0 0 -1 -1 -1 
END
15 1
5 10
9 0
-1 1 1 -1 -1 -1 -1 -1 -1 -1 -1 0 0 -1 -1 
-1 1 1 -1 -1 -1 -1 -1 -1 -1 -1 0 0 -1 -1 
-1 1 1 -1 -1 -1 -1 -1 -1 -1 -1 0 -1 -1 -1 
-1 1 1 -1 -1 -1 -1 -1 -1 -1 -1 0 -1 -1 -1 
-1 1 1 -1 -1 -1 -1 -1 -1 -1 -1 0 -1 -1 -1 
-1 1 1 -1 -1 -1 -1 -1 -1 -1 0 0 -1 -1 -1 
-1 1 -1 -1 -1 -1 -1 -1 -1 -1 0 0 -1 -1 -1 
-1 1 -1 -1 -1 -1 -1 -1 -1 -1 0 0 -1 -1 -1 
-1 1 -1 -1 -1 -1 -1 -1 -1 -1 0 0 -1 -1 -1 
1 1 -1 -1 -1 -1 -1 -1 -1 -1 0 0 -1 -1 -1 
1 1 -1 -1 -1 -1 -1 -1 -1 -1 0 0 -1 -1 -1 
1 1 -1 -1 -1 -1 -1 -1 -1 -1 0 0 -1 -1 -1 
1 1 -1 -1 -1 -1 -1 -1 -1 -1 0 0 -1 -1 -1 
1 1 -1 -1 -1 -1 -1 -1 -1 -1 0 0 -1 -1 -1 
1 1 -1 -1 -1 -1 -1 -1 -1 -1 0 0 -1 -1 -1 
END
15 1
4 10
8 0
-1 1 1 -1 -1 -1 -1 -1 -1 -1 -1 0 0 -1 -1 
-1 1 1 -1 -1 -1 -1 -1 -1 -1 -1 0 0 -1 -1 
-1 1 1 -1 -1 -1 -1 -1 -1 -1 -1 0 -1 -1 -1 
-1 1 1 -1 -1 -1 -1 -1 -1 -1 -1 0 -1 -1 -1 
-1 1 1 -1 -1 -1 -1 -1 -1 -1 0 0 -1 -1 -1 
-1 1 1 -1 -1 -1 -1 -1 -1 -1 0 0 -1 -1 -1 
-1 1 -1 -1 -1 -1 -1 -1 -1 -1 0 0 -1 -1 -1 
-1 1 -1 -1 -1 -1 -1 -1 -1 -1 0 0 -1 -1 -1 
1 1 -1 -1 -1 -1 -1 -1 -1 -1 0 0 -1 -1 -1 
1 1 -1 -1 -1 -1 -1 -1 -1 -1 0 0 -1 -1 -1 
1 1 -1 -1 -1 -1 -1 -1 -1 -1 0 0 -1 -1 -1 
1 1 -1 -1 -1 -1 -1 -1 -1 -1 0 0 -1 -1 -1 
1 1 -1 -1 -1 -1 -1 -1 -1 -1 0 0 -1 -1 -1 
1 1 -1 -1 -1 -1 -1 -1 -1 -1 0 0 -1 -1 -1 
1 1 -1 -1 -1 -1 -1 -1 -1 -1 0 0 -1 -1 -1 
END
15 1
3 10
7 0
-1 1 1 -1 -1 -1 -1 -1 -1 -1 -1 0 0 -1 -1 
-1 1 1 -1 -1 -1 -1 -1 -1 -1 -1 0 0 -1 -1 
-1 1 1 -1 -1 -1 -1 -1 -1 -1 -1 0 -1 -1 -1 
-1 1 1 -1 -1 -1 -1 -1 -1 -1 0 0 -1 -1 -1 
-1 1 1 -1 -1 -1 -1 -1 -1 -1 0 0 -1 -1 -1 
-1 1 1 -1 -1 -1 -1 -1 -1 -1 0 0 -1 -1 -1 
-1 1 -1 -1 -1 -1 -1 -1 -1 -1 0 0 -1 -1 -1 
1 1 -1 -1 -1 -1 -1 -1 -1 -1 0 0 -1 -1 -1 
1 1 -1 -1 -1 -1 -1 -1 -1 -1 0 0 -1 -1 -1 
1 1 -1 -1 -1 -1 -1 -1 -1 -1 0 0 -1 -1 -1 
1 1 -1 -1 -1 -1 -1 -1 -1 -1 0 0 -1 -1 -1 
1 1 -1 -1 -1 -1 -1 -1 -1 -1 0 0 -1 -1 -1 
1 1 -1 -1 -1 -1 -1 -1 -1 -1 0 0 -1 -1 -1 
1 1 -1 -1 -1 -1 -1 -1 -1 -1 0 0 -1 -1 -1 
1 1 -1 -1 -1 -1 -1 -1 -1 -1 0 0 -1 -1 -1 
END
15 1
2 10
6 0
-1 1 1 -1 -1 -1 -1 -1 -1 -1 -1 0 0 -1 -1 
-1 1 1 -1 -1 -1 -1 -1 -1 -1 -1 0 0 -1 -1 
-1 1 1 -1 -1 -1 -1 -1 -1 -1 0 0 -1 -1 -1 
-1 1 1 -1 -1 -1 -1 -1 -1 -1 0 0 -1 -1 -1 
-1 1 1 -1 -1 -1 -1 -1 -1 -1 0 0 -1 -1 -1 
-1 1 1 -1 -1 -1 -1 -1 -1 -1 0 0 -1 -1 -1 
1 1 -1 -1 -1 -1 -1 -1 -1 -1 0 0 -1 -1 -1 
1 1 -1 -1 -1 -1 -1 -1 -1 -1 0 0 -1 -1 -1 
1 1 -1 -1 -1 -1 -1 -1 -1 -1 0 0 -1 -1 -1 
1 1 -1 -1 -1 -1 -1 -1 -1 -1 0 0 -1 -1 -1 
1 1 -1 -1 -1 -1 -1 -1 -1 -1 0 0 -1 -1 -1 
1 1 -1 -1 -1 -1 -1 -1 -1 -1 0 0 -1 -1 -1 
1 1 -1 -1 -1 -1 -1 -1 -1 -1 0 0 -1 -1 -1 
1 1 -1 -1 -1 -1 -1 -1 -1 -1 0 0 -1 -1 -1 
1 1 -1 -1 -1 -1 -1 -1 -1 -1 0 0 -1 -1 -1 
END
15 1
1 10
5 0
-1 1 1 -1 -1 -1 -1 -1 -1 -1 -1 0 0 -1 -1 
-1 1 1 -1 -1 -1 -1 -1 -1 -1 0 0 0 -1 -1 
-1 1 1 -1 -1 -1 -1 -1 -1 -1 0 0 -1 -1 -1 
-1 1 1 -1 -1 -1 -1 -1 -1 -1 0 0 -1 -1 -1 
-1 1 1 -1 -1 -1 -1 -1 -1 -1 0 0 -1 -1 -1 
1 1 1 -1 -1 -1 -1 -1 -1 -1 0 0 -1 -1 -1 
1 1 -1 -1 -1 -1 -1 -1 -1 -1 0 0 -1 -1 -1 
1 1 -1 -1 -1 -1 -1 -1 -1 -1 0 0 -1 -1 -1 
1 1 -1 -1 -1 -1 -1 -1 -1 -1 0 0 -1 -1 -1 
1 1 -1 -1 -1 -1 -1 -1 -1 -1 0 0 -1 -1 -1 
1 1 -1 -1 -1 -1 -1 -1 -1 -1 0 0 -1 -1 -1 
1 1 -1 -1 -1 -1 -1 -1 -1 -1 0 0 -1 -1 -1 
1 1 -1 -1 -1 -1 -1 -1 -1 -1 0 0 -1 -1 -1 
1 1 -1 -1 -1 -1 -1 -1 -1 -1 0 0 -1 -1 -1 
1 1 -1 -1 -1 -1 -1 -1 -1 -1 0 0 -1 -1 -1 
END
15 1
0 10
4 0
-1 1 1 -1 -1 -1 -1 -1 -1 -1 0 0 0 -1 -1 
-1 1 1 -1 -1 -1 -1 -1 -1 -1 0 0 0 -1 -1 
-1 1 1 -1 -1 -1 -1 -1 -1 -1 0 0 -1 -1 -1 
-1 1 1 -1 -1 -1 -1 -1 -1 -1 0 0 -1 -1 -1 
1 1 1 -1 -1 -1 -1 -1 -1 -1 0 0 -1 -1 -1 
1 1 1 -1 -1 -1 -1 -1 -1 -1 0 0 -1 -1 -1 
1 1 -1 -1 -1 -1 -1 -1 -1 -1 0 0 -1 -1 -1 
1 1 -1 -1 -1 -1 -1 -1 -1 -1 0 0 -1 -1 -1 
1 1 -1 -1 -1 -1 -1 -1 -1 -1 0 0 -1 -1 -1 
1 1 -1 -1 -1 -1 -1 -1 -1 -1 0 0 -1 -1 -1 
1 1 -1 -1 -1 -1 -1 -1 -1 -1 0 0 -1 -1 -1 
1 1 -1 -1 -1 -1 -1 -1 -1 -1 0 0 -1 -1 -1 
1 1 -1 -1 -1 -1 -1 -1 -1 -1 0 0 -1 -1 -1 
1 1 -1 -1 -1 -1 -1 -1 -1 -1 0 0 -1 -1 -1 
1 1 -1 -1 -1 -1 -1 -1 -1 -1 0 0 -1 -1 -1 
END
15 1
0 9
3 0
-1 1 1 -1 -1 -1 -1 -1 -1 0 0 0 0 -1 -1 
-1 1 1 -1 -1 -1 -1 -1 -1 -1 0 0 0 -1 -1 
-1 1 1 -1 -1 -1 -1 -1 -1 -1 0 0 -1 -1 -1 
1 1 1 -1 -1 -1 -1 -1 -1 -1 0 0 -1 -1 -1 
1 1 1 -1 -1 -1 -1 -1 -1 -1 0 0 -1 -1 -1 
1 1 1 -1 -1 -1 -1 -1 -1 -1 0 0 -1 -1 -1 
1 1 -1 -1 -1 -1 -1 -1 -1 -1 0 0 -1 -1 -1 
1 1 -1 -1 -1 -1 -1 -1 -1 -1 0 0 -1 -1 -1 
1 1 -1 -1 -1 -1 -1 -1 -1 -1 0 0 -1 -1 -1 
1 1 -1 -1 -1 -1 -1 -1 -1 -1 0 0 -1 -1 -1 
1 1 -1 -1 -1 -1 -1 -1 -1 -1 0 0 -1 -1 -1 
1 1 -1 -1 -1 -1 -1 -1 -1 -1 0 0 -1 -1 -1 
1 1 -1 -1 -1 -1 -1 -1 -1 -1 0 0 -1 -1 -1 
1 1 -1 -1 -1 -1 -1 -1 -1 -1 0 0 -1 -1 -1 
1 1 -1 -1 -1 -1 -1 -1 -1 -1 0 0 -1 -1 -1 
END
15 1
1 9
2 0
-1 1 1 -1 -1 -1 -1 -1 -1 0 0 0 0 -1 -1 
-1 1 1 -1 -1 -1 -1 -1 -1 0 0 0 0 -1 -1 
1 1 1 -1 -1 -1 -1 -1 -1 -1 0 0 -1 -1 -1 
1 1 1 -1 -1 -1 -1 -1 -1 -1 0 0 -1 -1 -1 
1 1 1 -1 -1 -1 -1 -1 -1 -1 0 0 -1 -1 -1 
1 1 1 -1 -1 -1 -1 -1 -1 -1 0 0 -1 -1 -1 
1 1 -1 -1 -1 -1 -1 -1 -1 -1 0 0 -1 -1 -1 
1 1 -1 -1 -1 -1 -1 -1 -1 -1 0 0 -1 -1 -1 
1 1 -1 -1 -1 -1 -1 -1 -1 -1 0 0 -1 -1 -1 
1 1 -1 -1 -1 -1 -1 -1 -1 -1 0 0 -1 -1 -1 
1 1 -1 -1 -1 -1 -1 -1 -1 -1 0 0 -1 -1 -1 
1 1 -1 -1 -1 -1 -1 -1 -1 -1 0 0 -1 -1 -1 
1 1 -1 -1 -1 -1 -1 -1 -1 -1 0 0 -1 -1 -1 
1 1 -1 -1 -1 -1 -1 -1 -1 -1 0 0 -1 -1 -1 
1 1 -1 -1 -1 -1 -1 -1 -1 -1 0 0 -1 -1 -1 
END
15 1
2 9
1 0
-1 1 1 -1 -1 -1 -1 -1 -1 0 0 0 0 -1 -1 
1 1 1 -1 -1 -1 -1 -1 -1 0 0 0 0 -1 -1 
1 1 1 -1 -1 -1 -1 -1 -1 0 0 0 -1 -1 -1 
1 1 1 -1 -1 -1 -1 -1 -1 -1 0 0 -1 -1 -1 
1 1 1 -1 -1 -1 -1 -1 -1 -1 0 0 -1 -1 -1 
1 1 1 -1 -1 -1 -1 -1 -1 -1 0 0 -1 -1 -1 
1 1 -1 -1 -1 -1 -1 -1 -1 -1 0 0 -1 -1 -1 
1 1 -1 -1 -1 -1 -1 -1 -1 -1 0 0 -1 -1 -1 
1 1 -1 -1 -1 -1 -1 -1 -1 -1 0 0 -1 -1 -1 
1 1 -1 -1 -1 -1 -1 -1 -1 -1 0 0 -1 -1 -1 
1 1 -1 -1 -1 -1 -1 -1 -1 -1 0 0 -1 -1 -1 
1 1 -1 -1 -1 -1 -1 -1 -1 -1 0 0 -1 -1 -1 
1 1 -1 -1 -1 -1 -1 -1 -1 -1 0 0 -1 -1 -1 
1 1 -1 -1 -1 -1 -1 -1 -1 -1 0 0 -1 -1 -1 
1 1 -1 -1 -1 -1 -1 -1 -1 -1 0 0 -1 -1 -1 
END
15 1
3 9
0 0
1 1 1 -1 -1 -1 -1 -1 -1 0 0 0 0 -1 -1 
1 1 1 -1 -1 -1 -1 -1 -1 0 0 0 0 -1 -1 
1 1 1 -1 -1 -1 -1 -1 -1 0 0 0 -1 -1 -1 
1 1 1 -1 -1 -1 -1 -1 -1 0 0 0 -1 -1 -1 
1 1 1 -1 -1 -1 -1 -1 -1 -1 0 0 -1 -1 -1 
1 1 1 -1 -1 -1 -1 -1 -1 -1 0 0 -1 -1 -1 
1 1 -1 -1 -1 -1 -1 -1 -1 -1 0 0 -1 -1 -1 
1 1 -1 -1 -1 -1 -1 -1 -1 -1 0 0 -1 -1 -1 
1 1 -1 -1 -1 -1 -1 -1 -1 -1 0 0 -1 -1 -1 
1 1 -1 -1 -1 -1 -1 -1 -1 -1 0 0 -1 -1 -1 
1 1 -1 -1 -1 -1 -1 -1 -1 -1 0 0 -1 -1 -1 
1 1 -1 -1 -1 -1 -1 -1 -1 -1 0 0 -1 -1 -1 
1 1 -1 -1 -1 -1 -1 -1 -1 -1 0 0 -1 -1 -1 
1 1 -1 -1 -1 -1 -1 -1 -1 -1 0 0 -1 -1 -1 
1 1 -1 -1 -1 -1 -1 -1 -1 -1 0 0 -1 -1 -1 
END
