15 0
1 5
0 6
-1 -1 -1 -1 -1 -1 1 -1 -1 -1 -1 -1 -1 -1 -1 
-1 -1 -1 -1 -1 0 -1 -1 -1 -1 -1 -1 -1 -1 -1 
-1 -1 -1 -1 -1 -1 -1 -1 -1 -1 -1 -1 -1 -1 -1 
-1 -1 -1 -1 -1 -1 -1 -1 -1 -1 -1 -1 -1 -1 -1 
-1 -1 -1 -1 -1 -1 -1 -1 -1 -1 -1 -1 -1 -1 -1 
-1 -1 -1 -1 -1 -1 -1 -1 -1 -1 -1 -1 -1 -1 -1 
-1 -1 -1 -1 -1 -1 -1 -1 -1 -1 -1 -1 -1 -1 -1 
-1 -1 -1 -1 -1 -1 -1 -1 -1 -1 -1 -1 -1 -1 -1 
-1 -1 -1 -1 -1 -1 -1 -1 -1 -1 -1 -1 -1 -1 -1 
-1 -1 -1 -1 -1 -1 -1 -1 -1 -1 -1 -1 -1 -1 -1 
-1 -1 -1 -1 -1 -1 -1 -1 -1 -1 -1 -1 -1 -1 -1 
-1 -1 -1 -1 -1 -1 -1 -1 -1 -1 -1 -1 -1 -1 -1 
-1 -1 -1 -1 -1 -1 -1 -1 -1 -1 -1 -1 -1 -1 -1 
-1 -1 -1 -1 -1 -1 -1 -1 -1 -1 -1 -1 -1 -1 -1 
-1 -1 -1 -1 -1 -1 -1 -1 -1 -1 -1 -1 -1 -1 -1 
END
15 0
0 5
1 6
-1 -1 -1 -1 -1 0 1 -1 -1 -1 -1 -1 -1 -1 -1 
-1 -1 -1 -1 -1 0 1 -1 -1 -1 -1 -1 -1 -1 -1 
-1 -1 -1 -1 -1 -1 -1 -1 -1 -1 -1 -1 -1 -1 -1 
-1 -1 -1 -1 -1 -1 -1 -1 -1 -1 -1 -1 -1 -1 -1 
-1 -1 -1 -1 -1 -1 -1 -1 -1 -1 -1 -1 -1 -1 -1 
-1 -1 -1 -1 -1 -1 -1 -1 -1 -1 -1 -1 -1 -1 -1 
-1 -1 -1 -1 -1 -1 -1 -1 -1 -1 -1 -1 -1 -1 -1 
-1 -1 -1 -1 -1 -1 -1 -1 -1 -1 -1 -1 -1 -1 -1 
-1 -1 -1 -1 -1 -1 -1 -1 -1 -1 -1 -1 -1 -1 -1 
-1 -1 -1 -1 -1 -1 -1 -1 -1 -1 -1 -1 -1 -1 -1 
-1 -1 -1 -1 -1 -1 -1 -1 -1 -1 -1 -1 -1 -1 -1 
-1 -1 -1 -1 -1 -1 -1 -1 -1 -1 -1 -1 -1 -1 -1 
-1 -1 -1 -1 -1 -1 -1 -1 -1 -1 -1 -1 -1 -1 -1 
-1 -1 -1 -1 -1 -1 -1 -1 -1 -1 -1 -1 -1 -1 -1 
-1 -1 -1 -1 -1 -1 -1 -1 -1 -1 -1 -1 -1 -1 -1 
END
15 0
0 4
2 6
-1 -1 -1 -1 0 0 1 -1 -1 -1 -1 -1 -1 -1 -1 
-1 -1 -1 -1 -1 0 1 -1 -1 -1 -1 -1 -1 -1 -1 
-1 -1 -1 -1 -1 -1 1 -1 -1 -1 -1 -1 -1 -1 -1 
-1 -1 -1 -1 -1 -1 -1 -1 -1 -1 -1 -1 -1 -1 -1 
-1 -1 -1 -1 -1 -1 -1 -1 -1 -1 -1 -1 -1 -1 -1 
-1 -1 -1 -1 -1 -1 -1 -1 -1 -1 -1 -1 -1 -1 -1 
-1 -1 -1 -1 -1 -1 -1 -1 -1 -1 -1 -1 -1 -1 -1 
-1 -1 -1 -1 -1 -1 -1 -1 -1 -1 -1 -1 -1 -1 -1 
-1 -1 -1 -1 -1 -1 -1 -1 -1 -1 -1 -1 -1 -1 -1 
-1 -1 -1 -1 -1 -1 -1 -1 -1 -1 -1 -1 -1 -1 -1 
-1 -1 -1 -1 -1 -1 -1 -1 -1 -1 -1 -1 -1 -1 -1 
-1 -1 -1 -1 -1 -1 -1 -1 -1 -1 -1 -1 -1 -1 -1 
-1 -1 -1 -1 -1 -1 -1 -1 -1 -1 -1 -1 -1 -1 -1 
-1 -1 -1 -1 -1 -1 -1 -1 -1 -1 -1 -1 -1 -1 -1 
-1 -1 -1 -1 -1 -1 -1 -1 -1 -1 -1 -1 -1 -1 -1 
END
15 0
1 4
3 6
-1 -1 -1 -1 0 0 1 -1 -1 -1 -1 -1 -1 -1 -1 
-1 -1 -1 -1 0 0 1 -1 -1 -1 -1 -1 -1 -1 -1 
-1 -1 -1 -1 -1 -1 1 -1 -1 -1 -1 -1 -1 -1 -1 
-1 -1 -1 -1 -1 -1 1 -1 -1 -1 -1 -1 -1 -1 -1 
-1 -1 -1 -1 -1 -1 -1 -1 -1 -1 -1 -1 -1 -1 -1 
-1 -1 -1 -1 -1 -1 -1 -1 -1 -1 -1 -1 -1 -1 -1 
-1 -1 -1 -1 -1 -1 -1 -1 -1 -1 -1 -1 -1 -1 -1 
-1 -1 -1 -1 -1 -1 -1 -1 -1 -1 -1 -1 -1 -1 -1 
-1 -1 -1 -1 -1 -1 -1 -1 -1 -1 -1 -1 -1 -1 -1 
-1 -1 -1 -1 -1 -1 -1 -1 -1 -1 -1 -1 -1 -1 -1 
-1 -1 -1 -1 -1 -1 -1 -1 -1 -1 -1 -1 -1 -1 -1 
-1 -1 -1 -1 -1 -1 -1 -1 -1 -1 -1 -1 -1 -1 -1 
-1 -1 -1 -1 -1 -1 -1 -1 -1 -1 -1 -1 -1 -1 -1 
-1 -1 -1 -1 -1 -1 -1 -1 -1 -1 -1 -1 -1 -1 -1 
-1 -1 -1 -1 -1 -1 -1 -1 -1 -1 -1 -1 -1 -1 -1 
END
15 0
2 4
4 6
-1 -1 -1 -1 0 0 1 -1 -1 -1 -1 -1 -1 -1 -1 
-1 -1 -1 -1 0 0 1 -1 -1 -1 -1 -1 -1 -1 -1 
-1 -1 -1 -1 0 -1 1 -1 -1 -1 -1 -1 -1 -1 -1 
-1 -1 -1 -1 -1 -1 1 -1 -1 -1 -1 -1 -1 -1 -1 
-1 -1 -1 -1 -1 -1 1 -1 -1 -1 -1 -1 -1 -1 -1 
-1 -1 -1 -1 -1 -1 -1 -1 -1 -1 -1 -1 -1 -1 -1 
-1 -1 -1 -1 -1 -1 -1 -1 -1 -1 -1 -1 -1 -1 -1 
-1 -1 -1 -1 -1 -1 -1 -1 -1 -1 -1 -1 -1 -1 -1 
-1 -1 -1 -1 -1 -1 -1 -1 -1 -1 -1 -1 -1 -1 -1 
-1 -1 -1 -1 -1 -1 -1 -1 -1 -1 -1 -1 -1 -1 -1 
-1 -1 -1 -1 -1 -1 -1 -1 -1 -1 -1 -1 -1 -1 -1 
-1 -1 -1 -1 -1 -1 -1 -1 -1 -1 -1 -1 -1 -1 -1 
-1 -1 -1 -1 -1 -1 -1 -1 -1 -1 -1 -1 -1 -1 -1 
-1 -1 -1 -1 -1 -1 -1 -1 -1 -1 -1 -1 -1 -1 -1 
-1 -1 -1 -1 -1 -1 -1 -1 -1 -1 -1 -1 -1 -1 -1 
END
15 0
3 4
5 6
-1 -1 -1 -1 0 0 1 -1 -1 -1 -1 -1 -1 -1 -1 
-1 -1 -1 -1 0 0 1 -1 -1 -1 -1 -1 -1 -1 -1 
-1 -1 -1 -1 0 -1 1 -1 -1 -1 -1 -1 -1 -1 -1 
-1 -1 -1 -1 0 -1 1 -1 -1 -1 -1 -1 -1 -1 -1 
-1 -1 -1 -1 -1 -1 1 -1 -1 -1 -1 -1 -1 -1 -1 
-1 -1 -1 -1 -1 -1 1 -1 -1 -1 -1 -1 -1 -1 -1 
-1 -1 -1 -1 -1 -1 -1 -1 -1 -1 -1 -1 -1 -1 -1 
-1 -1 -1 -1 -1 -1 -1 -1 -1 -1 -1 -1 -1 -1 -1 
-1 -1 -1 -1 -1 -1 -1 -1 -1 -1 -1 -1 -1 -1 -1 
-1 -1 -1 -1 -1 -1 -1 -1 -1 -1 -1 -1 -1 -1 -1 
-1 -1 -1 -1 -1 -1 -1 -1 -1 -1 -1 -1 -1 -1 -1 
-1 -1 -1 -1 -1 -1 -1 -1 -1 -1 -1 -1 -1 -1 -1 
-1 -1 -1 -1 -1 -1 -1 -1 -1 -1 -1 -1 -1 -1 -1 
-1 -1 -1 -1 -1 -1 -1 -1 -1 -1 -1 -1 -1 -1 -1 
-1 -1 -1 -1 -1 -1 -1 -1 -1 -1 -1 -1 -1 -1 -1 
END
15 0
4 4
6 6
-1 -1 -1 -1 0 0 1 -1 -1 -1 -1 -1 -1 -1 -1 
-1 -1 -1 -1 0 0 1 -1 -1 -1 -1 -1 -1 -1 -1 
-1 -1 -1 -1 0 -1 1 -1 -1 -1 -1 -1 -1 -1 -1 
-1 -1 -1 -1 0 -1 1 -1 -1 -1 -1 -1 -1 -1 -1 
-1 -1 -1 -1 0 -1 1 -1 -1 -1 -1 -1 -1 -1 -1 
-1 -1 -1 -1 -1 -1 1 -1 -1 -1 -1 -1 -1 -1 -1 
-1 -1 -1 -1 -1 -1 1 -1 -1 -1 -1 -1 -1 -1 -1 
-1 -1 -1 -1 -1 -1 -1 -1 -1 -1 -1 -1 -1 -1 -1 
-1 -1 -1 -1 -1 -1 -1 -1 -1 -1 -1 -1 -1 -1 -1 
-1 -1 -1 -1 -1 -1 -1 -1 -1 -1 -1 -1 -1 -1 -1 
-1 -1 -1 -1 -1 -1 -1 -1 -1 -1 -1 -1 -1 -1 -1 
-1 -1 -1 -1 -1 -1 -1 -1 -1 -1 -1 -1 -1 -1 -1 
-1 -1 -1 -1 -1 -1 -1 -1 -1 -1 -1 -1 -1 -1 -1 
-1 -1 -1 -1 -1 -1 -1 -1 -1 -1 -1 -1 -1 -1 -1 
-1 -1 -1 -1 -1 -1 -1 -1 -1 -1 -1 -1 -1 -1 -1 
END
15 0
5 4
7 6
-1 -1 -1 -1 0 0 1 -1 -1 -1 -1 -1 -1 -1 -1 
-1 -1 -1 -1 0 0 1 -1 -1 -1 -1 -1 -1 -1 -1 
-1 -1 -1 -1 0 -1 1 -1 -1 -1 -1 -1 -1 -1 -1 
-1 -1 -1 -1 0 -1 1 -1 -1 -1 -1 -1 -1 -1 -1 
-1 -1 -1 -1 0 -1 1 -1 -1 -1 -1 -1 -1 -1 -1 
-1 -1 -1 -1 0 -1 1 -1 -1 -1 -1 -1 -1 -1 -1 
-1 -1 -1 -1 -1 -1 1 -1 -1 -1 -1 -1 -1 -1 -1 
-1 -1 -1 -1 -1 -1 1 -1 -1 -1 -1 -1 -1 -1 -1 
-1 -1 -1 -1 -1 -1 -1 -1 -1 -1 -1 -1 -1 -1 -1 
-1 -1 -1 -1 -1 -1 -1 -1 -1 -1 -1 -1 -1 -1 -1 
-1 -1 -1 -1 -1 -1 -1 -1 -1 -1 -1 -1 -1 -1 -1 
-1 -1 -1 -1 -1 -1 -1 -1 -1 -1 -1 -1 -1 -1 -1 
-1 -1 -1 -1 -1 -1 -1 -1 -1 -1 -1 -1 -1 -1 -1 
-1 -1 -1 -1 -1 -1 -1 -1 -1 -1 -1 -1 -1 -1 -1 
-1 -1 -1 -1 -1 -1 -1 -1 -1 -1 -1 -1 -1 -1 -1 
END
15 0
6 4
8 6
-1 -1 -1 -1 0 0 1 -1 -1 -1 -1 -1 -1 -1 -1 
-1 -1 -1 -1 0 0 1 -1 -1 -1 -1 -1 -1 -1 -1 
-1 -1 -1 -1 0 -1 1 -1 -1 -1 -1 -1 -1 -1 -1 
-1 -1 -1 -1 0 -1 1 -1 -1 -1 -1 -1 -1 -1 -1 
-1 -1 -1 -1 0 -1 1 -1 -1 -1 -1 -1 -1 -1 -1 
-1 -1 -1 -1 0 -1 1 -1 -1 -1 -1 -1 -1 -1 -1 
-1 -1 -1 -1 0 -1 1 -1 -1 -1 -1 -1 -1 -1 -1 
-1 -1 -1 -1 -1 -1 1 -1 -1 -1 -1 -1 -1 -1 -1 
-1 -1 -1 -1 -1 -1 1 -1 -1 -1 -1 -1 -1 -1 -1 
-1 -1 -1 -1 -1 -1 -1 -1 -1 -1 -1 -1 -1 -1 -1 
-1 -1 -1 -1 -1 -1 -1 -1 -1 -1 -1 -1 -1 -1 -1 
-1 -1 -1 -1 -1 -1 -1 -1 -1 -1 -1 -1 -1 -1 -1 
-1 -1 -1 -1 -1 -1 -1 -1 -1 -1 -1 -1 -1 -1 -1 
-1 -1 -1 -1 -1 -1 -1 -1 -1 -1 -1 -1 -1 -1 -1 
-1 -1 -1 -1 -1 -1 -1 -1 -1 -1 -1 -1 -1 -1 -1 
END
15 0
7 4
9 6
-1 -1 -1 -1 0 0 1 -1 -1 -1 -1 -1 -1 -1 -1 
-1 -1 -1 -1 0 0 1 -1 -1 -1 -1 -1 -1 -1 -1 
-1 -1 -1 -1 0 -1 1 -1 -1 -1 -1 -1 -1 -1 -1 
-1 -1 -1 -1 0 -1 1 -1 -1 -1 -1 -1 -1 -1 -1 
-1 -1 -1 -1 0 -1 1 -1 -1 -1 -1 -1 -1 -1 -1 
-1 -1 -1 -1 0 -1 1 -1 -1 -1 -1 -1 -1 -1 -1 
-1 -1 -1 -1 0 -1 1 -1 -1 -1 -1 -1 -1 -1 -1 
-1 -1 -1 -1 0 -1 1 -1 -1 -1 -1 -1 -1 -1 -1 
-1 -1 -1 -1 -1 -1 1 -1 -1 -1 -1 -1 -1 -1 -1 
-1 -1 -1 -1 -1 -1 1 -1 -1 -1 -1 -1 -1 -1 -1 
-1 -1 -1 -1 -1 -1 -1 -1 -1 -1 -1 -1 -1 -1 -1 
-1 -1 -1 -1 -1 -1 -1 -1 -1 -1 -1 -1 -1 -1 -1 
-1 -1 -1 -1 -1 -1 -1 -1 -1 -1 -1 -1 -1 -1 -1 
-1 -1 -1 -1 -1 -1 -1 -1 -1 -1 -1 -1 -1 -1 -1 
-1 -1 -1 -1 -1 -1 -1 -1 -1 -1 -1 -1 -1 -1 -1 
END
15 0
8 4
10 6
-1 -1 -1 -1 0 0 1 -1 -1 -1 -1 -1 -1 -1 -1 
-1 -1 -1 -1 0 0 1 -1 -1 -1 -1 -1 -1 -1 -1 
-1 -1 -1 -1 0 -1 1 -1 -1 -1 -1 -1 -1 -1 -1 
-1 -1 -1 -1 0 -1 1 -1 -1 -1 -1 -1 -1 -1 -1 
-1 -1 -1 -1 0 -1 1 -1 -1 -1 -1 -1 -1 -1 -1 
-1 -1 -1 -1 0 -1 1 -1 -1 -1 -1 -1 -1 -1 -1 
-1 -1 -1 -1 0 -1 1 -1 -1 -1 -1 -1 -1 -1 -1 
-1 -1 -1 -1 0 -1 1 -1 -1 -1 -1 -1 -1 -1 -1 
-1 -1 -1 -1 0 -1 1 -1 -1 -1 -1 -1 -1 -1 -1 
-1 -1 -1 -1 -1 -1 1 -1 -1 -1 -1 -1 -1 -1 -1 
-1 -1 -1 -1 -1 -1 1 -1 -1 -1 -1 -1 -1 -1 -1 
-1 -1 -1 -1 -1 -1 -1 -1 -1 -1 -1 -1 -1 -1 -1 
-1 -1 -1 -1 -1 -1 -1 -1 -1 -1 -1 -1 -1 -1 -1 
-1 -1 -1 -1 -1 -1 -1 -1 -1 -1 -1 -1 -1 -1 -1 
-1 -1 -1 -1 -1 -1 -1 -1 -1 -1 -1 -1 -1 -1 -1 
END
15 0
9 4
11 6
-1 -1 -1 -1 0 0 1 -1 -1 -1 -1 -1 -1 -1 -1 
-1 -1 -1 -1 0 0 1 -1 -1 -1 -1 -1 -1 -1 -1 
-1 -1 -1 -1 0 -1 1 -1 -1 -1 -1 -1 -1 -1 -1 
-1 -1 -1 -1 0 -1 1 -1 -1 -1 -1 -1 -1 -1 -1 
-1 -1 -1 -1 0 -1 1 -1 -1 -1 -1 -1 -1 -1 -1 
-1 -1 -1 -1 0 -1 1 -1 -1 -1 -1 -1 -1 -1 -1 
-1 -1 -1 -1 0 -1 1 -1 -1 -1 -1 -1 -1 -1 -1 
-1 -1 -1 -1 0 -1 1 -1 -1 -1 -1 -1 -1 -1 -1 
-1 -1 -1 -1 0 -1 1 -1 -1 -1 -1 -1 -1 -1 -1 
-1 -1 -1 -1 0 -1 1 -1 -1 -1 -1 -1 -1 -1 -1 
-1 -1 -1 -1 -1 -1 1 -1 -1 -1 -1 -1 -1 -1 -1 
-1 -1 -1 -1 -1 -1 1 -1 -1 -1 -1 -1 -1 -1 -1 
-1 -1 -1 -1 -1 -1 -1 -1 -1 -1 -1 -1 -1 -1 -1 
-1 -1 -1 -1 -1 -1 -1 -1 -1 -1 -1 -1 -1 -1 -1 
-1 -1 -1 -1 -1 -1 -1 -1 -1 -1 -1 -1 -1 -1 -1 
END
15 0
10 4
12 6
-1 -1 -1 -1 0 0 1 -1 -1 -1 -1 -1 -1 -1 -1 
-1 -1 -1 -1 0 0 1 -1 -1 -1 -1 -1 -1 -1 -1 
-1 -1 -1 -1 0 -1 1 -1 -1 -1 -1 -1 -1 -1 -1 
-1 -1 -1 -1 0 -1 1 -1 -1 -1 -1 -1 -1 -1 -1 
-1 -1 -1 -1 0 -1 1 -1 -1 -1 -1 -1 -1 -1 -1 
-1 -1 -1 -1 0 -1 1 -1 -1 -1 -1 -1 -1 -1 -1 
-1 -1 -1 -1 0 -1 1 -1 -1 -1 -1 -1 -1 -1 -1 
-1 -1 -1 -1 0 -1 1 -1 -1 -1 -1 -1 -1 -1 -1 
-1 -1 -1 -1 0 -1 1 -1 -1 -1 -1 -1 -1 -1 -1 
-1 -1 -1 -1 0 -1 1 -1 -1 -1 -1 -1 -1 -1 -1 
-1 -1 -1 -1 0 -1 1 -1 -1 -1 -1 -1 -1 -1 -1 
-1 -1 -1 -1 -1 -1 1 -1 -1 -1 -1 -1 -1 -1 -1 
-1 -1 -1 -1 -1 -1 1 -1 -1 -1 -1 -1 -1 -1 -1 
-1 -1 -1 -1 -1 -1 -1 -1 -1 -1 -1 -1 -1 -1 -1 
-1 -1 -1 -1 -1 -1 -1 -1 -1 -1 -1 -1 -1 -1 -1 
END
15 0
11 4
13 6
-1 -1 -1 -1 0 0 1 -1 -1 -1 -1 -1 -1 -1 -1 
-1 -1 -1 -1 0 0 1 -1 -1 -1 -1 -1 -1 -1 -1 
-1 -1 -1 -1 0 -1 1 -1 -1 -1 -1 -1 -1 -1 -1 
-1 -1 -1 -1 0 -1 1 -1 -1 -1 -1 -1 -1 -1 -1 
-1 -1 -1 -1 0 -1 1 -1 -1 -1 -1 -1 -1 -1 -1 
-1 -1 -1 -1 0 -1 1 -1 -1 -1 -1 -1 -1 -1 -1 
-1 -1 -1 -1 0 -1 1 -1 -1 -1 -1 -1 -1 -1 -1 
-1 -1 -1 -1 0 -1 1 -1 -1 -1 -1 -1 -1 -1 -1 
-1 -1 -1 -1 0 -1 1 -1 -1 -1 -1 -1 -1 -1 -1 
-1 -1 -1 -1 0 -1 1 -1 -1 -1 -1 -1 -1 -1 -1 
-1 -1 -1 -1 0 -1 1 -1 -1 -1 -1 -1 -1 -1 -1 
-1 -1 -1 -1 0 -1 1 -1 -1 -1 -1 -1 -1 -1 -1 
-1 -1 -1 -1 -1 -1 1 -1 -1 -1 -1 -1 -1 -1 -1 
-1 -1 -1 -1 -1 -1 1 -1 -1 -1 -1 -1 -1 -1 -1 
-1 -1 -1 -1 -1 -1 -1 -1 -1 -1 -1 -1 -1 -1 -1 
END
15 0
12 4
14 6
-1 -1 -1 -1 0 0 1 -1 -1 -1 -1 -1 -1 -1 -1 
-1 -1 -1 -1 0 0 1 -1 -1 -1 -1 -1 -1 -1 -1 
-1 -1 -1 -1 0 -1 1 -1 -1 -1 -1 -1 -1 -1 -1 
-1 -1 -1 -1 0 -1 1 -1 -1 -1 -1 -1 -1 -1 -1 
-1 -1 -1 -1 0 -1 1 -1 -1 -1 -1 -1 -1 -1 -1 
-1 -1 -1 -1 0 -1 1 -1 -1 -1 -1 -1 -1 -1 -1 
-1 -1 -1 -1 0 -1 1 -1 -1 -1 -1 -1 -1 -1 -1 
-1 -1 -1 -1 0 -1 1 -1 -1 -1 -1 -1 -1 -1 -1 
-1 -1 -1 -1 0 -1 1 -1 -1 -1 -1 -1 -1 -1 -1 
-1 -1 -1 -1 0 -1 1 -1 -1 -1 -1 -1 -1 -1 -1 
-1 -1 -1 -1 0 -1 1 -1 -1 -1 -1 -1 -1 -1 -1 
-1 -1 -1 -1 0 -1 1 -1 -1 -1 -1 -1 -1 -1 -1 
-1 -1 -1 -1 0 -1 1 -1 -1 -1 -1 -1 -1 -1 -1 
-1 -1 -1 -1 -1 -1 1 -1 -1 -1 -1 -1 -1 -1 -1 
-1 -1 -1 -1 -1 -1 1 -1 -1 -1 -1 -1 -1 -1 -1 
END
15 0
13 4
14 5
-1 -1 -1 -1 0 0 1 -1 -1 -1 -1 -1 -1 -1 -1 
-1 -1 -1 -1 0 0 1 -1 -1 -1 -1 -1 -1 -1 -1 
-1 -1 -1 -1 0 -1 1 -1 -1 -1 -1 -1 -1 -1 -1 
-1 -1 -1 -1 0 -1 1 -1 -1 -1 -1 -1 -1 -1 -1 
-1 -1 -1 -1 0 -1 1 -1 -1 -1 -1 -1 -1 -1 -1 
-1 -1 -1 -1 0 -1 1 -1 -1 -1 -1 -1 -1 -1 -1 
-1 -1 -1 -1 0 -1 1 -1 -1 -1 -1 -1 -1 -1 -1 
-1 -1 -1 -1 0 -1 1 -1 -1 -1 -1 -1 -1 -1 -1 
-1 -1 -1 -1 0 -1 1 -1 -1 -1 -1 -1 -1 -1 -1 
-1 -1 -1 -1 0 -1 1 -1 -1 -1 -1 -1 -1 -1 -1 
-1 -1 -1 -1 0 -1 1 -1 -1 -1 -1 -1 -1 -1 -1 
-1 -1 -1 -1 0 -1 1 -1 -1 -1 -1 -1 -1 -1 -1 
-1 -1 -1 -1 0 -1 1 -1 -1 -1 -1 -1 -1 -1 -1 
-1 -1 -1 -1 0 -1 1 -1 -1 -1 -1 -1 -1 -1 -1 
-1 -1 -1 -1 -1 1 1 -1 -1 -1 -1 -1 -1 -1 -1 
END
15 0
14 4
13 5
-1 -1 -1 -1 0 0 1 -1 -1 -1 -1 -1 -1 -1 -1 
-1 -1 -1 -1 0 0 1 -1 -1 -1 -1 -1 -1 -1 -1 
-1 -1 -1 -1 0 -1 1 -1 -1 -1 -1 -1 -1 -1 -1 
-1 -1 -1 -1 0 -1 1 -1 -1 -1 -1 -1 -1 -1 -1 
-1 -1 -1 -1 0 -1 1 -1 -1 -1 -1 -1 -1 -1 -1 
-1 -1 -1 -1 0 -1 1 -1 -1 -1 -1 -1 -1 -1 -1 
-1 -1 -1 -1 0 -1 1 -1 -1 -1 -1 -1 -1 -1 -1 
-1 -1 -1 -1 0 -1 1 -1 -1 -1 -1 -1 -1 -1 -1 
-1 -1 -1 -1 0 -1 1 -1 -1 -1 -1 -1 -1 -1 -1 
-1 -1 -1 -1 0 -1 1 -1 -1 -1 -1 -1 -1 -1 -1 
-1 -1 -1 -1 0 -1 1 -1 -1 -1 -1 -1 -1 -1 -1 
-1 -1 -1 -1 0 -1 1 -1 -1 -1 -1 -1 -1 -1 -1 
-1 -1 -1 -1 0 -1 1 -1 -1 -1 -1 -1 -1 -1 -1 
-1 -1 -1 -1 0 1 1 -1 -1 -1 -1 -1 -1 -1 -1 
-1 -1 -1 -1 0 1 1 -1 -1 -1 -1 -1 -1 -1 -1 
END
15 0
14 3
12 5
-1 -1 -1 -1 0 0 1 -1 -1 -1 -1 -1 -1 -1 -1 
-1 -1 -1 -1 0 0 1 -1 -1 -1 -1 -1 -1 -1 -1 
-1 -1 -1 -1 0 -1 1 -1 -1 -1 -1 -1 -1 -1 -1 
-1 -1 -1 -1 0 -1 1 -1 -1 -1 -1 -1 -1 -1 -1 
-1 -1 -1 -1 0 -1 1 -1 -1 -1 -1 -1 -1 -1 -1 
-1 -1 -1 -1 0 -1 1 -1 -1 -1 -1 -1 -1 -1 -1 
-1 -1 -1 -1 0 -1 1 -1 -1 -1 -1 -1 -1 -1 -1 
-1 -1 -1 -1 0 -1 1 -1 -1 -1 -1 -1 -1 -1 -1 
-1 -1 -1 -1 0 -1 1 -1 -1 -1 -1 -1 -1 -1 -1 
-1 -1 -1 -1 0 -1 1 -1 -1 -1 -1 -1 -1 -1 -1 
-1 -1 -1 -1 0 -1 1 -1 -1 -1 -1 -1 -1 -1 -1 
-1 -1 -1 -1 0 -1 1 -1 -1 -1 -1 -1 -1 -1 -1 
-1 -1 -1 -1 0 1 1 -1 -1 -1 -1 -1 -1 -1 -1 
-1 -1 -1 -1 0 1 1 -1 -1 -1 -1 -1 -1 -1 -1 
-1 -1 -1 0 0 1 1 -1 -1 -1 -1 -1 -1 -1 -1 
END
15 0
13 3
11 5
-1 -1 -1 -1 0 0 1 -1 -1 -1 -1 -1 -1 -1 -1 
-1 -1 -1 -1 0 0 1 -1 -1 -1 -1 -1 -1 -1 -1 
-1 -1 -1 -1 0 -1 1 -1 -1 -1 -1 -1 -1 -1 -1 
-1 -1 -1 -1 0 -1 1 -1 -1 -1 -1 -1 -1 -1 -1 
-1 -1 -1 -1 0 -1 1 -1 -1 -1 -1 -1 -1 -1 -1 
-1 -1 -1 -1 0 -1 1 -1 -1 -1 -1 -1 -1 -1 -1 
-1 -1 -1 -1 0 -1 1 -1 -1 -1 -1 -1 -1 -1 -1 
-1 -1 -1 -1 0 -1 1 -1 -1 -1 -1 -1 -1 -1 -1 
-1 -1 -1 -1 0 -1 1 -1 -1 -1 -1 -1 -1 -1 -1 
-1 -1 -1 -1 0 -1 1 -1 -1 -1 -1 -1 -1 -1 -1 
-1 -1 -1 -1 0 -1 1 -1 -1 -1 -1 -1 -1 -1 -1 
-1 -1 -1 -1 0 1 1 -1 -1 -1 -1 -1 -1 -1 -1 
-1 -1 -1 -1 0 1 1 -1 -1 -1 -1 -1 -1 -1 -1 
-1 -1 -1 0 0 1 1 -1 -1 -1 -1 -1 -1 -1 -1 
-1 -1 -1 0 0 1 1 -1 -1 -1 -1 -1 -1 -1 -1 
END
15 0
12 3
10 5
-1 -1 -1 -1 0 0 1 -1 -1 -1 -1 -1 -1 -1 -1 
-1 -1 -1 -1 0 0 1 -1 -1 -1 -1 -1 -1 -1 -1 
-1 -1 -1 -1 0 -1 1 -1 -1 -1 -1 -1 -1 -1 -1 
-1 -1 -1 -1 0 -1 1 -1 -1 -1 -1 -1 -1 -1 -1 
-1 -1 -1 -1 0 -1 1 -1 -1 -1 -1 -1 -1 -1 -1 
-1 -1 -1 -1 0 -1 1 -1 -1 -1 -1 -1 -1 -1 -1 
-1 -1 -1 -1 0 -1 1 -1 -1 -1 -1 -1 -1 -1 -1 
-1 -1 -1 -1 0 -1 1 -1 -1 -1 -1 -1 -1 -1 -1 
-1 -1 -1 -1 0 -1 1 -1 -1 -1 -1 -1 -1 -1 -1 
-1 -1 -1 -1 0 -1 1 -1 -1 -1 -1 -1 -1 -1 -1 
-1 -1 -1 -1 0 1 1 -1 -1 -1 -1 -1 -1 -1 -1 
-1 -1 -1 -1 0 1 1 -1 -1 -1 -1 -1 -1 -1 -1 
-1 -1 -1 0 0 1 1 -1 -1 -1 -1 -1 -1 -1 -1 
-1 -1 -1 0 0 1 1 -1 -1 -1 -1 -1 -1 -1 -1 
-1 -1 -1 0 0 1 1 -1 -1 -1 -1 -1 -1 -1 -1 
END
15 0
11 3
9 5
-1 -1 -1 -1 0 0 1 -1 -1 -1 -1 -1 -1 -1 -1 
-1 -1 -1 -1 0 0 1 -1 -1 -1 -1 -1 -1 -1 -1 
-1 -1 -1 -1 0 -1 1 -1 -1 -1 -1 -1 -1 -1 -1 
-1 -1 -1 -1 0 -1 1 -1 -1 -1 -1 -1 -1 -1 -1 
-1 -1 -1 -1 0 -1 1 -1 -1 -1 -1 -1 -1 -1 -1 
-1 -1 -1 -1 0 -1 1 -1 -1 -1 -1 -1 -1 -1 -1 
-1 -1 -1 -1 0 -1 1 -1 -1 -1 -1 -1 -1 -1 -1 
-1 -1 -1 -1 0 -1 1 -1 -1 -1 -1 -1 -1 -1 -1 
-1 -1 -1 -1 0 -1 1 -1 -1 -1 -1 -1 -1 -1 -1 
-1 -1 -1 -1 0 1 1 -1 -1 -1 -1 -1 -1 -1 -1 
-1 -1 -1 -1 0 1 1 -1 -1 -1 -1 -1 -1 -1 -1 
-1 -1 -1 0 0 1 1 -1 -1 -1 -1 -1 -1 -1 -1 
-1 -1 -1 0 0 1 1 -1 -1 -1 -1 -1 -1 -1 -1 
-1 -1 -1 0 0 1 1 -1 -1 -1 -1 -1 -1 -1 -1 
-1 -1 -1 0 0 1 1 -1 -1 -1 -1 -1 -1 -1 -1 
END
15 0
10 3
8 5
-1 -1 -1 -1 0 0 1 -1 -1 -1 -1 -1 -1 -1 -1 
-1 -1 -1 -1 0 0 1 -1 -1 -1 -1 -1 -1 -1 -1 
-1 -1 -1 -1 0 -1 1 -1 -1 -1 -1 -1 -1 -1 -1 
-1 -1 -1 -1 0 -1 1 -1 -1 -1 -1 -1 -1 -1 -1 
-1 -1 -1 -1 0 -1 1 -1 -1 -1 -1 -1 -1 -1 -1 
-1 -1 -1 -1 0 -1 1 -1 -1 -1 -1 -1 -1 -1 -1 
-1 -1 -1 -1 0 -1 1 -1 -1 -1 -1 -1 -1 -1 -1 
-1 -1 -1 -1 0 -1 1 -1 -1 -1 -1 -1 -1 -1 -1 
-1 -1 -1 -1 0 1 1 -1 -1 -1 -1 -1 -1 -1 -1 
-1 -1 -1 -1 0 1 1 -1 -1 -1 -1 -1 -1 -1 -1 
-1 -1 -1 0 0 1 1 -1 -1 -1 -1 -1 -1 -1 -1 
-1 -1 -1 0 0 1 1 -1 -1 -1 -1 -1 -1 -1 -1 
-1 -1 -1 0 0 1 1 -1 -1 -1 -1 -1 -1 -1 -1 
-1 -1 -1 0 0 1 1 -1 -1 -1 -1 -1 -1 -1 -1 
-1 -1 -1 0 0 1 1 -1 -1 -1 -1 -1 -1 -1 -1 
END
15 0
9 3
7 5
-1 -1 -1 -1 0 0 1 -1 -1 -1 -1 -1 -1 -1 -1 
-1 -1 -1 -1 0 0 1 -1 -1 -1 -1 -1 -1 -1 -1 
-1 -1 -1 -1 0 -1 1 -1 -1 -1 -1 -1 -1 -1 -1 
-1 -1 -1 -1 0 -1 1 -1 -1 -1 -1 -1 -1 -1 -1 
-1 -1 -1 -1 0 -1 1 -1 -1 -1 -1 -1 -1 -1 -1 
-1 -1 -1 -1 0 -1 1 -1 -1 -1 -1 -1 -1 -1 -1 
-1 -1 -1 -1 0 -1 1 -1 -1 -1 -1 -1 -1 -1 -1 
-1 -1 -1 -1 0 1 1 -1 -1 -1 -1 -1 -1 -1 -1 
-1 -1 -1 -1 0 1 1 -1 -1 -1 -1 -1 -1 -1 -1 
-1 -1 -1 0 0 1 1 -1 -1 -1 -1 -1 -1 -1 -1 
-1 -1 -1 0 0 1 1 -1 -1 -1 -1 -1 -1 -1 -1 
-1 -1 -1 0 0 1 1 -1 -1 -1 -1 -1 -1 -1 -1 
-1 -1 -1 0 0 1 1 -1 -1 -1 -1 -1 -1 -1 -1 
-1 -1 -1 0 0 1 1 -1 -1 -1 -1 -1 -1 -1 -1 
-1 -1 -1 0 0 1 1 -1 -1 -1 -1 -1 -1 -1 -1 
END
15 0
8 3
6 5
-1 -1 -1 -1 0 0 1 -1 -1 -1 -1 -1 -1 -1 -1 
-1 -1 -1 -1 0 0 1 -1 -1 -1 -1 -1 -1 -1 -1 
-1 -1 -1 -1 0 -1 1 -1 -1 -1 -1 -1 -1 -1 -1 
-1 -1 -1 -1 0 -1 1 -1 -1 -1 -1 -1 -1 -1 -1 
-1 -1 -1 -1 0 -1 1 -1 -1 -1 -1 -1 -1 -1 -1 
-1 -1 -1 -1 0 -1 1 -1 -1 -1 -1 -1 -1 -1 -1 
-1 -1 -1 -1 0 1 1 -1 -1 -1 -1 -1 -1 -1 -1 
-1 -1 -1 -1 0 1 1 -1 -1 -1 -1 -1 -1 -1 -1 
-1 -1 -1 0 0 1 1 -1 -1 -1 -1 -1 -1 -1 -1 
-1 -1 -1 0 0 1 1 -1 -1 -1 -1 -1 -1 -1 -1 
-1 -1 -1 0 0 1 1 -1 -1 -1 -1 -1 -1 -1 -1 
-1 -1 -1 0 0 1 1 -1 -1 -1 -1 -1 -1 -1 -1 
-1 -1 -1 0 0 1 1 -1 -1 -1 -1 -1 -1 -1 -1 
-1 -1 -1 0 0 1 1 -1 -1 -1 -1 -1 -1 -1 -1 
-1 -1 -1 0 0 1 1 -1 -1 -1 -1 -1 -1 -1 -1 
END
15 0
7 3
5 5
-1 -1 -1 -1 0 0 1 -1 -1 -1 -1 -1 -1 -1 -1 
-1 -1 -1 -1 0 0 1 -1 -1 -1 -1 -1 -1 -1 -1 
-1 -1 -1 -1 0 -1 1 -1 -1 -1 -1 -1 -1 -1 -1 
-1 -1 -1 -1 0 -1 1 -1 -1 -1 -1 -1 -1 -1 -1 
-1 -1 -1 -1 0 -1 1 -1 -1 -1 -1 -1 -1 -1 -1 
-1 -1 -1 -1 0 1 1 -1 -1 -1 -1 -1 -1 -1 -1 
-1 -1 -1 -1 0 1 1 -1 -1 -1 -1 -1 -1 -1 -1 
-1 -1 -1 0 0 1 1 -1 -1 -1 -1 -1 -1 -1 -1 
-1 -1 -1 0 0 1 1 -1 -1 -1 -1 -1 -1 -1 -1 
-1 -1 -1 0 0 1 1 -1 -1 -1 -1 -1 -1 -1 -1 
-1 -1 -1 0 0 1 1 -1 -1 -1 -1 -1 -1 -1 -1 
-1 -1 -1 0 0 1 1 -1 -1 -1 -1 -1 -1 -1 -1 
-1 -1 -1 0 0 1 1 -1 -1 -1 -1 -1 -1 -1 -1 
-1 -1 -1 0 0 1 1 -1 -1 -1 -1 -1 -1 -1 -1 
-1 -1 -1 0 0 1 1 -1 -1 -1 -1 -1 -1 -1 -1 
END
15 0
6 3
4 5
-1 -1 -1 -1 0 0 1 -1 -1 -1 -1 -1 -1 -1 -1 
-1 -1 -1 -1 0 0 1 -1 -1 -1 -1 -1 -1 -1 -1 
-1 -1 -1 -1 0 -1 1 -1 -1 -1 -1 -1 -1 -1 -1 
-1 -1 -1 -1 0 -1 1 -1 -1 -1 -1 -1 -1 -1 -1 
-1 -1 -1 -1 0 1 1 -1 -1 -1 -1 -1 -1 -1 -1 
-1 -1 -1 -1 0 1 1 -1 -1 -1 -1 -1 -1 -1 -1 
-1 -1 -1 0 0 1 1 -1 -1 -1 -1 -1 -1 -1 -1 
-1 -1 -1 0 0 1 1 -1 -1 -1 -1 -1 -1 -1 -1 
-1 -1 -1 0 0 1 1 -1 -1 -1 -1 -1 -1 -1 -1 
-1 -1 -1 0 0 1 1 -1 -1 -1 -1 -1 -1 -1 -1 
-1 -1 -1 0 0 1 1 -1 -1 -1 -1 -1 -1 -1 -1 
-1 -1 -1 0 0 1 1 -1 -1 -1 -1 -1 -1 -1 -1 
-1 -1 -1 0 0 1 1 -1 -1 -1 -1 -1 -1 -1 -1 
-1 -1 -1 0 0 1 1 -1 -1 -1 -1 -1 -1 -1 -1 
-1 -1 -1 0 0 1 1 -1 -1 -1 -1 -1 -1 -1 -1 
END
15 0
5 3
3 5
-1 -1 -1 -1 0 0 1 -1 -1 -1 -1 -1 -1 -1 -1 
-1 -1 -1 -1 0 0 1 -1 -1 -1 -1 -1 -1 -1 -1 
-1 -1 -1 -1 0 -1 1 -1 -1 -1 -1 -1 -1 -1 -1 
-1 -1 -1 -1 0 1 1 -1 -1 -1 -1 -1 -1 -1 -1 
-1 -1 -1 -1 0 1 1 -1 -1 -1 -1 -1 -1 -1 -1 
-1 -1 -1 0 0 1 1 -1 -1 -1 -1 -1 -1 -1 -1 
-1 -1 -1 0 0 1 1 -1 -1 -1 -1 -1 -1 -1 -1 
-1 -1 -1 0 0 1 1 -1 -1 -1 -1 -1 -1 -1 -1 
-1 -1 -1 0 0 1 1 -1 -1 -1 -1 -1 -1 -1 -1 
-1 -1 -1 0 0 1 1 -1 -1 -1 -1 -1 -1 -1 -1 
-1 -1 -1 0 0 1 1 -1 -1 -1 -1 -1 -1 -1 -1 
-1 -1 -1 0 0 1 1 -1 -1 -1 -1 -1 -1 -1 -1 
-1 -1 -1 0 0 1 1 -1 -1 -1 -1 -1 -1 -1 -1 
-1 -1 -1 0 0 1 1 -1 -1 -1 -1 -1 -1 -1 -1 
-1 -1 -1 0 0 1 1 -1 -1 -1 -1 -1 -1 -1 -1 
END
15 0
4 3
2 5
-1 -1 -1 -1 0 0 1 -1 -1 -1 -1 -1 -1 -1 -1 
-1 -1 -1 -1 0 0 1 -1 -1 -1 -1 -1 -1 -1 -1 
-1 -1 -1 -1 0 1 1 -1 -1 -1 -1 -1 -1 -1 -1 
-1 -1 -1 -1 0 1 1 -1 -1 -1 -1 -1 -1 -1 -1 
-1 -1 -1 0 0 1 1 -1 -1 -1 -1 -1 -1 -1 -1 
-1 -1 -1 0 0 1 1 -1 -1 -1 -1 -1 -1 -1 -1 
-1 -1 -1 0 0 1 1 -1 -1 -1 -1 -1 -1 -1 -1 
-1 -1 -1 0 0 1 1 -1 -1 -1 -1 -1 -1 -1 -1 
-1 -1 -1 0 0 1 1 -1 -1 -1 -1 -1 -1 -1 -1 
-1 -1 -1 0 0 1 1 -1 -1 -1 -1 -1 -1 -1 -1 
-1 -1 -1 0 0 1 1 -1 -1 -1 -1 -1 -1 -1 -1 
-1 -1 -1 0 0 1 1 -1 -1 -1 -1 -1 -1 -1 -1 
-1 -1 -1 0 0 1 1 -1 -1 -1 -1 -1 -1 -1 -1 
-1 -1 -1 0 0 1 1 -1 -1 -1 -1 -1 -1 -1 -1 
-1 -1 -1 0 0 1 1 -1 -1 -1 -1 -1 -1 -1 -1 
END
