15 0
11 8
13 10
-1 -1 -1 -1 -1 -1 -1 -1 -1 -1 -1 -1 -1 -1 -1 
-1 -1 -1 -1 -1 -1 -1 -1 -1 -1 -1 -1 -1 -1 -1 
-1 -1 -1 -1 -1 -1 -1 -1 -1 -1 -1 -1 -1 -1 -1 
-1 -1 -1 -1 -1 -1 -1 -1 -1 -1 -1 -1 -1 -1 -1 
-1 -1 -1 -1 -1 -1 -1 -1 -1 -1 -1 -1 -1 -1 -1 
-1 -1 -1 -1 -1 -1 -1 -1 -1 -1 -1 -1 -1 -1 -1 
-1 -1 -1 -1 -1 -1 -1 -1 -1 -1 -1 -1 -1 -1 -1 
-1 -1 -1 -1 -1 -1 -1 -1 -1 -1 -1 -1 -1 -1 -1 
-1 -1 -1 -1 -1 -1 -1 -1 -1 -1 -1 -1 -1 -1 -1 
-1 -1 -1 -1 -1 -1 -1 -1 -1 -1 -1 -1 -1 -1 -1 
-1 -1 -1 -1 -1 -1 -1 -1 -1 -1 -1 -1 -1 -1 -1 
-1 -1 -1 -1 -1 -1 -1 -1 0 -1 -1 -1 -1 -1 -1 
-1 -1 -1 -1 -1 -1 -1 -1 -1 -1 -1 -1 -1 -1 -1 
-1 -1 -1 -1 -1 -1 -1 -1 -1 -1 1 -1 -1 -1 -1 
-1 -1 -1 -1 -1 -1 -1 -1 -1 -1 -1 -1 -1 -1 -1 
END
15 0
10 8
12 10
-1 -1 -1 -1 -1 -1 -1 -1 -1 -1 -1 -1 -1 -1 -1 
-1 -1 -1 -1 -1 -1 -1 -1 -1 -1 -1 -1 -1 -1 -1 
-1 -1 -1 -1 -1 -1 -1 -1 -1 -1 -1 -1 -1 -1 -1 
-1 -1 -1 -1 -1 -1 -1 -1 -1 -1 -1 -1 -1 -1 -1 
-1 -1 -1 -1 -1 -1 -1 -1 -1 -1 -1 -1 -1 -1 -1 
-1 -1 -1 -1 -1 -1 -1 -1 -1 -1 -1 -1 -1 -1 -1 
-1 -1 -1 -1 -1 -1 -1 -1 -1 -1 -1 -1 -1 -1 -1 
-1 -1 -1 -1 -1 -1 -1 -1 -1 -1 -1 -1 -1 -1 -1 
-1 -1 -1 -1 -1 -1 -1 -1 -1 -1 -1 -1 -1 -1 -1 
-1 -1 -1 -1 -1 -1 -1 -1 -1 -1 -1 -1 -1 -1 -1 
-1 -1 -1 -1 -1 -1 -1 -1 0 -1 -1 -1 -1 -1 -1 
-1 -1 -1 -1 -1 -1 -1 -1 0 -1 -1 -1 -1 -1 -1 
-1 -1 -1 -1 -1 -1 -1 -1 -1 -1 1 -1 -1 -1 -1 
-1 -1 -1 -1 -1 -1 -1 -1 -1 -1 1 -1 -1 -1 -1 
-1 -1 -1 -1 -1 -1 -1 -1 -1 -1 -1 -1 -1 -1 -1 
END
15 0
9 8
11 10
-1 -1 -1 -1 -1 -1 -1 -1 -1 -1 -1 -1 -1 -1 -1 
-1 -1 -1 -1 -1 -1 -1 -1 -1 -1 -1 -1 -1 -1 -1 
-1 -1 -1 -1 -1 -1 -1 -1 -1 -1 -1 -1 -1 -1 -1 
-1 -1 -1 -1 -1 -1 -1 -1 -1 -1 -1 -1 -1 -1 -1 
-1 -1 -1 -1 -1 -1 -1 -1 -1 -1 -1 -1 -1 -1 -1 
-1 -1 -1 -1 -1 -1 -1 -1 -1 -1 -1 -1 -1 -1 -1 
-1 -1 -1 -1 -1 -1 -1 -1 -1 -1 -1 -1 -1 -1 -1 
-1 -1 -1 -1 -1 -1 -1 -1 -1 -1 -1 -1 -1 -1 -1 
-1 -1 -1 -1 -1 -1 -1 -1 -1 -1 -1 -1 -1 -1 -1 
-1 -1 -1 -1 -1 -1 -1 -1 0 -1 -1 -1 -1 -1 -1 
-1 -1 -1 -1 -1 -1 -1 -1 0 -1 -1 -1 -1 -1 -1 
-1 -1 -1 -1 -1 -1 -1 -1 0 -1 1 -1 -1 -1 -1 
-1 -1 -1 -1 -1 -1 -1 -1 -1 -1 1 -1 -1 -1 -1 
-1 -1 -1 -1 -1 -1 -1 -1 -1 -1 1 -1 -1 -1 -1 
-1 -1 -1 -1 -1 -1 -1 -1 -1 -1 -1 -1 -1 -1 -1 
END
15 0
8 8
10 10
-1 -1 -1 -1 -1 -1 -1 -1 -1 -1 -1 -1 -1 -1 -1 
-1 -1 -1 -1 -1 -1 -1 -1 -1 -1 -1 -1 -1 -1 -1 
-1 -1 -1 -1 -1 -1 -1 -1 -1 -1 -1 -1 -1 -1 -1 
-1 -1 -1 -1 -1 -1 -1 -1 -1 -1 -1 -1 -1 -1 -1 
-1 -1 -1 -1 -1 -1 -1 -1 -1 -1 -1 -1 -1 -1 -1 
-1 -1 -1 -1 -1 -1 -1 -1 -1 -1 -1 -1 -1 -1 -1 
-1 -1 -1 -1 -1 -1 -1 -1 -1 -1 -1 -1 -1 -1 -1 
-1 -1 -1 -1 -1 -1 -1 -1 -1 -1 -1 -1 -1 -1 -1 
-1 -1 -1 -1 -1 -1 -1 -1 0 -1 -1 -1 -1 -1 -1 
-1 -1 -1 -1 -1 -1 -1 -1 0 -1 -1 -1 -1 -1 -1 
-1 -1 -1 -1 -1 -1 -1 -1 0 -1 1 -1 -1 -1 -1 
-1 -1 -1 -1 -1 -1 -1 -1 0 -1 1 -1 -1 -1 -1 
-1 -1 -1 -1 -1 -1 -1 -1 -1 -1 1 -1 -1 -1 -1 
-1 -1 -1 -1 -1 -1 -1 -1 -1 -1 1 -1 -1 -1 -1 
-1 -1 -1 -1 -1 -1 -1 -1 -1 -1 -1 -1 -1 -1 -1 
END
15 0
7 8
9 10
-1 -1 -1 -1 -1 -1 -1 -1 -1 -1 -1 -1 -1 -1 -1 
-1 -1 -1 -1 -1 -1 -1 -1 -1 -1 -1 -1 -1 -1 -1 
-1 -1 -1 -1 -1 -1 -1 -1 -1 -1 -1 -1 -1 -1 -1 
-1 -1 -1 -1 -1 -1 -1 -1 -1 -1 -1 -1 -1 -1 -1 
-1 -1 -1 -1 -1 -1 -1 -1 -1 -1 -1 -1 -1 -1 -1 
-1 -1 -1 -1 -1 -1 -1 -1 -1 -1 -1 -1 -1 -1 -1 
-1 -1 -1 -1 -1 -1 -1 -1 -1 -1 -1 -1 -1 -1 -1 
-1 -1 -1 -1 -1 -1 -1 -1 0 -1 -1 -1 -1 -1 -1 
-1 -1 -1 -1 -1 -1 -1 -1 0 -1 -1 -1 -1 -1 -1 
-1 -1 -1 -1 -1 -1 -1 -1 0 -1 1 -1 -1 -1 -1 
-1 -1 -1 -1 -1 -1 -1 -1 0 -1 1 -1 -1 -1 -1 
-1 -1 -1 -1 -1 -1 -1 -1 0 -1 1 -1 -1 -1 -1 
-1 -1 -1 -1 -1 -1 -1 -1 -1 -1 1 -1 -1 -1 -1 
-1 -1 -1 -1 -1 -1 -1 -1 -1 -1 1 -1 -1 -1 -1 
-1 -1 -1 -1 -1 -1 -1 -1 -1 -1 -1 -1 -1 -1 -1 
END
15 0
6 8
8 10
-1 -1 -1 -1 -1 -1 -1 -1 -1 -1 -1 -1 -1 -1 -1 
-1 -1 -1 -1 -1 -1 -1 -1 -1 -1 -1 -1 -1 -1 -1 
-1 -1 -1 -1 -1 -1 -1 -1 -1 -1 -1 -1 -1 -1 -1 
-1 -1 -1 -1 -1 -1 -1 -1 -1 -1 -1 -1 -1 -1 -1 
-1 -1 -1 -1 -1 -1 -1 -1 -1 -1 -1 -1 -1 -1 -1 
-1 -1 -1 -1 -1 -1 -1 -1 -1 -1 -1 -1 -1 -1 -1 
-1 -1 -1 -1 -1 -1 -1 -1 0 -1 -1 -1 -1 -1 -1 
-1 -1 -1 -1 -1 -1 -1 -1 0 -1 -1 -1 -1 -1 -1 
-1 -1 -1 -1 -1 -1 -1 -1 0 -1 1 -1 -1 -1 -1 
-1 -1 -1 -1 -1 -1 -1 -1 0 -1 1 -1 -1 -1 -1 
-1 -1 -1 -1 -1 -1 -1 -1 0 -1 1 -1 -1 -1 -1 
-1 -1 -1 -1 -1 -1 -1 -1 0 -1 1 -1 -1 -1 -1 
-1 -1 -1 -1 -1 -1 -1 -1 -1 -1 1 -1 -1 -1 -1 
-1 -1 -1 -1 -1 -1 -1 -1 -1 -1 1 -1 -1 -1 -1 
-1 -1 -1 -1 -1 -1 -1 -1 -1 -1 -1 -1 -1 -1 -1 
END
15 0
5 8
7 10
-1 -1 -1 -1 -1 -1 -1 -1 -1 -1 -1 -1 -1 -1 -1 
-1 -1 -1 -1 -1 -1 -1 -1 -1 -1 -1 -1 -1 -1 -1 
-1 -1 -1 -1 -1 -1 -1 -1 -1 -1 -1 -1 -1 -1 -1 
-1 -1 -1 -1 -1 -1 -1 -1 -1 -1 -1 -1 -1 -1 -1 
-1 -1 -1 -1 -1 -1 -1 -1 -1 -1 -1 -1 -1 -1 -1 
-1 -1 -1 -1 -1 -1 -1 -1 0 -1 -1 -1 -1 -1 -1 
-1 -1 -1 -1 -1 -1 -1 -1 0 -1 -1 -1 -1 -1 -1 
-1 -1 -1 -1 -1 -1 -1 -1 0 -1 1 -1 -1 -1 -1 
-1 -1 -1 -1 -1 -1 -1 -1 0 -1 1 -1 -1 -1 -1 
-1 -1 -1 -1 -1 -1 -1 -1 0 -1 1 -1 -1 -1 -1 
-1 -1 -1 -1 -1 -1 -1 -1 0 -1 1 -1 -1 -1 -1 
-1 -1 -1 -1 -1 -1 -1 -1 0 -1 1 -1 -1 -1 -1 
-1 -1 -1 -1 -1 -1 -1 -1 -1 -1 1 -1 -1 -1 -1 
-1 -1 -1 -1 -1 -1 -1 -1 -1 -1 1 -1 -1 -1 -1 
-1 -1 -1 -1 -1 -1 -1 -1 -1 -1 -1 -1 -1 -1 -1 
END
15 0
4 8
6 10
-1 -1 -1 -1 -1 -1 -1 -1 -1 -1 -1 -1 -1 -1 -1 
-1 -1 -1 -1 -1 -1 -1 -1 -1 -1 -1 -1 -1 -1 -1 
-1 -1 -1 -1 -1 -1 -1 -1 -1 -1 -1 -1 -1 -1 -1 
-1 -1 -1 -1 -1 -1 -1 -1 -1 -1 -1 -1 -1 -1 -1 
-1 -1 -1 -1 -1 -1 -1 -1 0 -1 -1 -1 -1 -1 -1 
-1 -1 -1 -1 -1 -1 -1 -1 0 -1 -1 -1 -1 -1 -1 
-1 -1 -1 -1 -1 -1 -1 -1 0 -1 1 -1 -1 -1 -1 
-1 -1 -1 -1 -1 -1 -1 -1 0 -1 1 -1 -1 -1 -1 
-1 -1 -1 -1 -1 -1 -1 -1 0 -1 1 -1 -1 -1 -1 
-1 -1 -1 -1 -1 -1 -1 -1 0 -1 1 -1 -1 -1 -1 
-1 -1 -1 -1 -1 -1 -1 -1 0 -1 1 -1 -1 -1 -1 
-1 -1 -1 -1 -1 -1 -1 -1 0 -1 1 -1 -1 -1 -1 
-1 -1 -1 -1 -1 -1 -1 -1 -1 -1 1 -1 -1 -1 -1 
-1 -1 -1 -1 -1 -1 -1 -1 -1 -1 1 -1 -1 -1 -1 
-1 -1 -1 -1 -1 -1 -1 -1 -1 -1 -1 -1 -1 -1 -1 
END
15 0
3 8
5 10
-1 -1 -1 -1 -1 -1 -1 -1 -1 -1 -1 -1 -1 -1 -1 
-1 -1 -1 -1 -1 -1 -1 -1 -1 -1 -1 -1 -1 -1 -1 
-1 -1 -1 -1 -1 -1 -1 -1 -1 -1 -1 -1 -1 -1 -1 
-1 -1 -1 -1 -1 -1 -1 -1 0 -1 -1 -1 -1 -1 -1 
-1 -1 -1 -1 -1 -1 -1 -1 0 -1 -1 -1 -1 -1 -1 
-1 -1 -1 -1 -1 -1 -1 -1 0 -1 1 -1 -1 -1 -1 
-1 -1 -1 -1 -1 -1 -1 -1 0 -1 1 -1 -1 -1 -1 
-1 -1 -1 -1 -1 -1 -1 -1 0 -1 1 -1 -1 -1 -1 
-1 -1 -1 -1 -1 -1 -1 -1 0 -1 1 -1 -1 -1 -1 
-1 -1 -1 -1 -1 -1 -1 -1 0 -1 1 -1 -1 -1 -1 
-1 -1 -1 -1 -1 -1 -1 -1 0 -1 1 -1 -1 -1 -1 
-1 -1 -1 -1 -1 -1 -1 -1 0 -1 1 -1 -1 -1 -1 
-1 -1 -1 -1 -1 -1 -1 -1 -1 -1 1 -1 -1 -1 -1 
-1 -1 -1 -1 -1 -1 -1 -1 -1 -1 1 -1 -1 -1 -1 
-1 -1 -1 -1 -1 -1 -1 -1 -1 -1 -1 -1 -1 -1 -1 
END
15 0
2 8
4 10
-1 -1 -1 -1 -1 -1 -1 -1 -1 -1 -1 -1 -1 -1 -1 
-1 -1 -1 -1 -1 -1 -1 -1 -1 -1 -1 -1 -1 -1 -1 
-1 -1 -1 -1 -1 -1 -1 -1 0 -1 -1 -1 -1 -1 -1 
-1 -1 -1 -1 -1 -1 -1 -1 0 -1 -1 -1 -1 -1 -1 
-1 -1 -1 -1 -1 -1 -1 -1 0 -1 1 -1 -1 -1 -1 
-1 -1 -1 -1 -1 -1 -1 -1 0 -1 1 -1 -1 -1 -1 
-1 -1 -1 -1 -1 -1 -1 -1 0 -1 1 -1 -1 -1 -1 
-1 -1 -1 -1 -1 -1 -1 -1 0 -1 1 -1 -1 -1 -1 
-1 -1 -1 -1 -1 -1 -1 -1 0 -1 1 -1 -1 -1 -1 
-1 -1 -1 -1 -1 -1 -1 -1 0 -1 1 -1 -1 -1 -1 
-1 -1 -1 -1 -1 -1 -1 -1 0 -1 1 -1 -1 -1 -1 
-1 -1 -1 -1 -1 -1 -1 -1 0 -1 1 -1 -1 -1 -1 
-1 -1 -1 -1 -1 -1 -1 -1 -1 -1 1 -1 -1 -1 -1 
-1 -1 -1 -1 -1 -1 -1 -1 -1 -1 1 -1 -1 -1 -1 
-1 -1 -1 -1 -1 -1 -1 -1 -1 -1 -1 -1 -1 -1 -1 
END
15 0
1 8
3 10
-1 -1 -1 -1 -1 -1 -1 -1 -1 -1 -1 -1 -1 -1 -1 
-1 -1 -1 -1 -1 -1 -1 -1 0 -1 -1 -1 -1 -1 -1 
-1 -1 -1 -1 -1 -1 -1 -1 0 -1 -1 -1 -1 -1 -1 
-1 -1 -1 -1 -1 -1 -1 -1 0 -1 1 -1 -1 -1 -1 
-1 -1 -1 -1 -1 -1 -1 -1 0 -1 1 -1 -1 -1 -1 
-1 -1 -1 -1 -1 -1 -1 -1 0 -1 1 -1 -1 -1 -1 
-1 -1 -1 -1 -1 -1 -1 -1 0 -1 1 -1 -1 -1 -1 
-1 -1 -1 -1 -1 -1 -1 -1 0 -1 1 -1 -1 -1 -1 
-1 -1 -1 -1 -1 -1 -1 -1 0 -1 1 -1 -1 -1 -1 
-1 -1 -1 -1 -1 -1 -1 -1 0 -1 1 -1 -1 -1 -1 
-1 -1 -1 -1 -1 -1 -1 -1 0 -1 1 -1 -1 -1 -1 
-1 -1 -1 -1 -1 -1 -1 -1 0 -1 1 -1 -1 -1 -1 
-1 -1 -1 -1 -1 -1 -1 -1 -1 -1 1 -1 -1 -1 -1 
-1 -1 -1 -1 -1 -1 -1 -1 -1 -1 1 -1 -1 -1 -1 
-1 -1 -1 -1 -1 -1 -1 -1 -1 -1 -1 -1 -1 -1 -1 
END
15 0
0 8
2 10
-1 -1 -1 -1 -1 -1 -1 -1 0 -1 -1 -1 -1 -1 -1 
-1 -1 -1 -1 -1 -1 -1 -1 0 -1 -1 -1 -1 -1 -1 
-1 -1 -1 -1 -1 -1 -1 -1 0 -1 1 -1 -1 -1 -1 
-1 -1 -1 -1 -1 -1 -1 -1 0 -1 1 -1 -1 -1 -1 
-1 -1 -1 -1 -1 -1 -1 -1 0 -1 1 -1 -1 -1 -1 
-1 -1 -1 -1 -1 -1 -1 -1 0 -1 1 -1 -1 -1 -1 
-1 -1 -1 -1 -1 -1 -1 -1 0 -1 1 -1 -1 -1 -1 
-1 -1 -1 -1 -1 -1 -1 -1 0 -1 1 -1 -1 -1 -1 
-1 -1 -1 -1 -1 -1 -1 -1 0 -1 1 -1 -1 -1 -1 
-1 -1 -1 -1 -1 -1 -1 -1 0 -1 1 -1 -1 -1 -1 
-1 -1 -1 -1 -1 -1 -1 -1 0 -1 1 -1 -1 -1 -1 
-1 -1 -1 -1 -1 -1 -1 -1 0 -1 1 -1 -1 -1 -1 
-1 -1 -1 -1 -1 -1 -1 -1 -1 -1 1 -1 -1 -1 -1 
-1 -1 -1 -1 -1 -1 -1 -1 -1 -1 1 -1 -1 -1 -1 
-1 -1 -1 -1 -1 -1 -1 -1 -1 -1 -1 -1 -1 -1 -1 
END
15 0
0 7
1 10
-1 -1 -1 -1 -1 -1 -1 0 0 -1 -1 -1 -1 -1 -1 
-1 -1 -1 -1 -1 -1 -1 -1 0 -1 1 -1 -1 -1 -1 
-1 -1 -1 -1 -1 -1 -1 -1 0 -1 1 -1 -1 -1 -1 
-1 -1 -1 -1 -1 -1 -1 -1 0 -1 1 -1 -1 -1 -1 
-1 -1 -1 -1 -1 -1 -1 -1 0 -1 1 -1 -1 -1 -1 
-1 -1 -1 -1 -1 -1 -1 -1 0 -1 1 -1 -1 -1 -1 
-1 -1 -1 -1 -1 -1 -1 -1 0 -1 1 -1 -1 -1 -1 
-1 -1 -1 -1 -1 -1 -1 -1 0 -1 1 -1 -1 -1 -1 
-1 -1 -1 -1 -1 -1 -1 -1 0 -1 1 -1 -1 -1 -1 
-1 -1 -1 -1 -1 -1 -1 -1 0 -1 1 -1 -1 -1 -1 
-1 -1 -1 -1 -1 -1 -1 -1 0 -1 1 -1 -1 -1 -1 
-1 -1 -1 -1 -1 -1 -1 -1 0 -1 1 -1 -1 -1 -1 
-1 -1 -1 -1 -1 -1 -1 -1 -1 -1 1 -1 -1 -1 -1 
-1 -1 -1 -1 -1 -1 -1 -1 -1 -1 1 -1 -1 -1 -1 
-1 -1 -1 -1 -1 -1 -1 -1 -1 -1 -1 -1 -1 -1 -1 
END
15 0
1 7
0 10
-1 -1 -1 -1 -1 -1 -1 0 0 -1 1 -1 -1 -1 -1 
-1 -1 -1 -1 -1 -1 -1 0 0 -1 1 -1 -1 -1 -1 
-1 -1 -1 -1 -1 -1 -1 -1 0 -1 1 -1 -1 -1 -1 
-1 -1 -1 -1 -1 -1 -1 -1 0 -1 1 -1 -1 -1 -1 
-1 -1 -1 -1 -1 -1 -1 -1 0 -1 1 -1 -1 -1 -1 
-1 -1 -1 -1 -1 -1 -1 -1 0 -1 1 -1 -1 -1 -1 
-1 -1 -1 -1 -1 -1 -1 -1 0 -1 1 -1 -1 -1 -1 
-1 -1 -1 -1 -1 -1 -1 -1 0 -1 1 -1 -1 -1 -1 
-1 -1 -1 -1 -1 -1 -1 -1 0 -1 1 -1 -1 -1 -1 
-1 -1 -1 -1 -1 -1 -1 -1 0 -1 1 -1 -1 -1 -1 
-1 -1 -1 -1 -1 -1 -1 -1 0 -1 1 -1 -1 -1 -1 
-1 -1 -1 -1 -1 -1 -1 -1 0 -1 1 -1 -1 -1 -1 
-1 -1 -1 -1 -1 -1 -1 -1 -1 -1 1 -1 -1 -1 -1 
-1 -1 -1 -1 -1 -1 -1 -1 -1 -1 1 -1 -1 -1 -1 
-1 -1 -1 -1 -1 -1 -1 -1 -1 -1 -1 -1 -1 -1 -1 
END
15 0
2 7
0 9
-1 -1 -1 -1 -1 -1 -1 0 0 1 1 -1 -1 -1 -1 
-1 -1 -1 -1 -1 -1 -1 0 0 -1 1 -1 -1 -1 -1 
-1 -1 -1 -1 -1 -1 -1 0 0 -1 1 -1 -1 -1 -1 
-1 -1 -1 -1 -1 -1 -1 -1 0 -1 1 -1 -1 -1 -1 
-1 -1 -1 -1 -1 -1 -1 -1 0 -1 1 -1 -1 -1 -1 
-1 -1 -1 -1 -1 -1 -1 -1 0 -1 1 -1 -1 -1 -1 
-1 -1 -1 -1 -1 -1 -1 -1 0 -1 1 -1 -1 -1 -1 
-1 -1 -1 -1 -1 -1 -1 -1 0 -1 1 -1 -1 -1 -1 
-1 -1 -1 -1 -1 -1 -1 -1 0 -1 1 -1 -1 -1 -1 
-1 -1 -1 -1 -1 -1 -1 -1 0 -1 1 -1 -1 -1 -1 
-1 -1 -1 -1 -1 -1 -1 -1 0 -1 1 -1 -1 -1 -1 
-1 -1 -1 -1 -1 -1 -1 -1 0 -1 1 -1 -1 -1 -1 
-1 -1 -1 -1 -1 -1 -1 -1 -1 -1 1 -1 -1 -1 -1 
-1 -1 -1 -1 -1 -1 -1 -1 -1 -1 1 -1 -1 -1 -1 
-1 -1 -1 -1 -1 -1 -1 -1 -1 -1 -1 -1 -1 -1 -1 
END
15 0
3 7
1 9
-1 -1 -1 -1 -1 -1 -1 0 0 1 1 -1 -1 -1 -1 
-1 -1 -1 -1 -1 -1 -1 0 0 1 1 -1 -1 -1 -1 
-1 -1 -1 -1 -1 -1 -1 0 0 -1 1 -1 -1 -1 -1 
-1 -1 -1 -1 -1 -1 -1 0 0 -1 1 -1 -1 -1 -1 
-1 -1 -1 -1 -1 -1 -1 -1 0 -1 1 -1 -1 -1 -1 
-1 -1 -1 -1 -1 -1 -1 -1 0 -1 1 -1 -1 -1 -1 
-1 -1 -1 -1 -1 -1 -1 -1 0 -1 1 -1 -1 -1 -1 
-1 -1 -1 -1 -1 -1 -1 -1 0 -1 1 -1 -1 -1 -1 
-1 -1 -1 -1 -1 -1 -1 -1 0 -1 1 -1 -1 -1 -1 
-1 -1 -1 -1 -1 -1 -1 -1 0 -1 1 -1 -1 -1 -1 
-1 -1 -1 -1 -1 -1 -1 -1 0 -1 1 -1 -1 -1 -1 
-1 -1 -1 -1 -1 -1 -1 -1 0 -1 1 -1 -1 -1 -1 
-1 -1 -1 -1 -1 -1 -1 -1 -1 -1 1 -1 -1 -1 -1 
-1 -1 -1 -1 -1 -1 -1 -1 -1 -1 1 -1 -1 -1 -1 
-1 -1 -1 -1 -1 -1 -1 -1 -1 -1 -1 -1 -1 -1 -1 
END
15 0
4 7
2 9
-1 -1 -1 -1 -1 -1 -1 0 0 1 1 -1 -1 -1 -1 
-1 -1 -1 -1 -1 -1 -1 0 0 1 1 -1 -1 -1 -1 
-1 -1 -1 -1 -1 -1 -1 0 0 1 1 -1 -1 -1 -1 
-1 -1 -1 -1 -1 -1 -1 0 0 -1 1 -1 -1 -1 -1 
-1 -1 -1 -1 -1 -1 -1 0 0 -1 1 -1 -1 -1 -1 
-1 -1 -1 -1 -1 -1 -1 -1 0 -1 1 -1 -1 -1 -1 
-1 -1 -1 -1 -1 -1 -1 -1 0 -1 1 -1 -1 -1 -1 
-1 -1 -1 -1 -1 -1 -1 -1 0 -1 1 -1 -1 -1 -1 
-1 -1 -1 -1 -1 -1 -1 -1 0 -1 1 -1 -1 -1 -1 
-1 -1 -1 -1 -1 -1 -1 -1 0 -1 1 -1 -1 -1 -1 
-1 -1 -1 -1 -1 -1 -1 -1 0 -1 1 -1 -1 -1 -1 
-1 -1 -1 -1 -1 -1 -1 -1 0 -1 1 -1 -1 -1 -1 
-1 -1 -1 -1 -1 -1 -1 -1 -1 -1 1 -1 -1 -1 -1 
-1 -1 -1 -1 -1 -1 -1 -1 -1 -1 1 -1 -1 -1 -1 
-1 -1 -1 -1 -1 -1 -1 -1 -1 -1 -1 -1 -1 -1 -1 
END
15 0
5 7
3 9
-1 -1 -1 -1 -1 -1 -1 0 0 1 1 -1 -1 -1 -1 
-1 -1 -1 -1 -1 -1 -1 0 0 1 1 -1 -1 -1 -1 
-1 -1 -1 -1 -1 -1 -1 0 0 1 1 -1 -1 -1 -1 
-1 -1 -1 -1 -1 -1 -1 0 0 1 1 -1 -1 -1 -1 
-1 -1 -1 -1 -1 -1 -1 0 0 -1 1 -1 -1 -1 -1 
-1 -1 -1 -1 -1 -1 -1 0 0 -1 1 -1 -1 -1 -1 
-1 -1 -1 -1 -1 -1 -1 -1 0 -1 1 -1 -1 -1 -1 
-1 -1 -1 -1 -1 -1 -1 -1 0 -1 1 -1 -1 -1 -1 
-1 -1 -1 -1 -1 -1 -1 -1 0 -1 1 -1 -1 -1 -1 
-1 -1 -1 -1 -1 -1 -1 -1 0 -1 1 -1 -1 -1 -1 
-1 -1 -1 -1 -1 -1 -1 -1 0 -1 1 -1 -1 -1 -1 
-1 -1 -1 -1 -1 -1 -1 -1 0 -1 1 -1 -1 -1 -1 
-1 -1 -1 -1 -1 -1 -1 -1 -1 -1 1 -1 -1 -1 -1 
-1 -1 -1 -1 -1 -1 -1 -1 -1 -1 1 -1 -1 -1 -1 
-1 -1 -1 -1 -1 -1 -1 -1 -1 -1 -1 -1 -1 -1 -1 
END
15 0
6 7
4 9
-1 -1 -1 -1 -1 -1 -1 0 0 1 1 -1 -1 -1 -1 
-1 -1 -1 -1 -1 -1 -1 0 0 1 1 -1 -1 -1 -1 
-1 -1 -1 -1 -1 -1 -1 0 0 1 1 -1 -1 -1 -1 
-1 -1 -1 -1 -1 -1 -1 0 0 1 1 -1 -1 -1 -1 
-1 -1 -1 -1 -1 -1 -1 0 0 1 1 -1 -1 -1 -1 
-1 -1 -1 -1 -1 -1 -1 0 0 -1 1 -1 -1 -1 -1 
-1 -1 -1 -1 -1 -1 -1 0 0 -1 1 -1 -1 -1 -1 
-1 -1 -1 -1 -1 -1 -1 -1 0 -1 1 -1 -1 -1 -1 
-1 -1 -1 -1 -1 -1 -1 -1 0 -1 1 -1 -1 -1 -1 
-1 -1 -1 -1 -1 -1 -1 -1 0 -1 1 -1 -1 -1 -1 
-1 -1 -1 -1 -1 -1 -1 -1 0 -1 1 -1 -1 -1 -1 
-1 -1 -1 -1 -1 -1 -1 -1 0 -1 1 -1 -1 -1 -1 
-1 -1 -1 -1 -1 -1 -1 -1 -1 -1 1 -1 -1 -1 -1 
-1 -1 -1 -1 -1 -1 -1 -1 -1 -1 1 -1 -1 -1 -1 
-1 -1 -1 -1 -1 -1 -1 -1 -1 -1 -1 -1 -1 -1 -1 
END
15 0
7 7
5 9
-1 -1 -1 -1 -1 -1 -1 0 0 1 1 -1 -1 -1 -1 
-1 -1 -1 -1 -1 -1 -1 0 0 1 1 -1 -1 -1 -1 
-1 -1 -1 -1 -1 -1 -1 0 0 1 1 -1 -1 -1 -1 
-1 -1 -1 -1 -1 -1 -1 0 0 1 1 -1 -1 -1 -1 
-1 -1 -1 -1 -1 -1 -1 0 0 1 1 -1 -1 -1 -1 
-1 -1 -1 -1 -1 -1 -1 0 0 1 1 -1 -1 -1 -1 
-1 -1 -1 -1 -1 -1 -1 0 0 -1 1 -1 -1 -1 -1 
-1 -1 -1 -1 -1 -1 -1 0 0 -1 1 -1 -1 -1 -1 
-1 -1 -1 -1 -1 -1 -1 -1 0 -1 1 -1 -1 -1 -1 
-1 -1 -1 -1 -1 -1 -1 -1 0 -1 1 -1 -1 -1 -1 
-1 -1 -1 -1 -1 -1 -1 -1 0 -1 1 -1 -1 -1 -1 
-1 -1 -1 -1 -1 -1 -1 -1 0 -1 1 -1 -1 -1 -1 
-1 -1 -1 -1 -1 -1 -1 -1 -1 -1 1 -1 -1 -1 -1 
-1 -1 -1 -1 -1 -1 -1 -1 -1 -1 1 -1 -1 -1 -1 
-1 -1 -1 -1 -1 -1 -1 -1 -1 -1 -1 -1 -1 -1 -1 
END
15 0
8 7
6 9
-1 -1 -1 -1 -1 -1 -1 0 0 1 1 -1 -1 -1 -1 
-1 -1 -1 -1 -1 -1 -1 0 0 1 1 -1 -1 -1 -1 
-1 -1 -1 -1 -1 -1 -1 0 0 1 1 -1 -1 -1 -1 
-1 -1 -1 -1 -1 -1 -1 0 0 1 1 -1 -1 -1 -1 
-1 -1 -1 -1 -1 -1 -1 0 0 1 1 -1 -1 -1 -1 
-1 -1 -1 -1 -1 -1 -1 0 0 1 1 -1 -1 -1 -1 
-1 -1 -1 -1 -1 -1 -1 0 0 1 1 -1 -1 -1 -1 
-1 -1 -1 -1 -1 -1 -1 0 0 -1 1 -1 -1 -1 -1 
-1 -1 -1 -1 -1 -1 -1 0 0 -1 1 -1 -1 -1 -1 
-1 -1 -1 -1 -1 -1 -1 -1 0 -1 1 -1 -1 -1 -1 
-1 -1 -1 -1 -1 -1 -1 -1 0 -1 1 -1 -1 -1 -1 
-1 -1 -1 -1 -1 -1 -1 -1 0 -1 1 -1 -1 -1 -1 
-1 -1 -1 -1 -1 -1 -1 -1 -1 -1 1 -1 -1 -1 -1 
-1 -1 -1 -1 -1 -1 -1 -1 -1 -1 1 -1 -1 -1 -1 
-1 -1 -1 -1 -1 -1 -1 -1 -1 -1 -1 -1 -1 -1 -1 
END
15 0
9 7
7 9
-1 -1 -1 -1 -1 -1 -1 0 0 1 1 -1 -1 -1 -1 
-1 -1 -1 -1 -1 -1 -1 0 0 1 1 -1 -1 -1 -1 
-1 -1 -1 -1 -1 -1 -1 0 0 1 1 -1 -1 -1 -1 
-1 -1 -1 -1 -1 -1 -1 0 0 1 1 -1 -1 -1 -1 
-1 -1 -1 -1 -1 -1 -1 0 0 1 1 -1 -1 -1 -1 
-1 -1 -1 -1 -1 -1 -1 0 0 1 1 -1 -1 -1 -1 
-1 -1 -1 -1 -1 -1 -1 0 0 1 1 -1 -1 -1 -1 
-1 -1 -1 -1 -1 -1 -1 0 0 1 1 -1 -1 -1 -1 
-1 -1 -1 -1 -1 -1 -1 0 0 -1 1 -1 -1 -1 -1 
-1 -1 -1 -1 -1 -1 -1 0 0 -1 1 -1 -1 -1 -1 
-1 -1 -1 -1 -1 -1 -1 -1 0 -1 1 -1 -1 -1 -1 
-1 -1 -1 -1 -1 -1 -1 -1 0 -1 1 -1 -1 -1 -1 
-1 -1 -1 -1 -1 -1 -1 -1 -1 -1 1 -1 -1 -1 -1 
-1 -1 -1 -1 -1 -1 -1 -1 -1 -1 1 -1 -1 -1 -1 
-1 -1 -1 -1 -1 -1 -1 -1 -1 -1 -1 -1 -1 -1 -1 
END
15 0
10 7
8 9
-1 -1 -1 -1 -1 -1 -1 0 0 1 1 -1 -1 -1 -1 
-1 -1 -1 -1 -1 -1 -1 0 0 1 1 -1 -1 -1 -1 
-1 -1 -1 -1 -1 -1 -1 0 0 1 1 -1 -1 -1 -1 
-1 -1 -1 -1 -1 -1 -1 0 0 1 1 -1 -1 -1 -1 
-1 -1 -1 -1 -1 -1 -1 0 0 1 1 -1 -1 -1 -1 
-1 -1 -1 -1 -1 -1 -1 0 0 1 1 -1 -1 -1 -1 
-1 -1 -1 -1 -1 -1 -1 0 0 1 1 -1 -1 -1 -1 
-1 -1 -1 -1 -1 -1 -1 0 0 1 1 -1 -1 -1 -1 
-1 -1 -1 -1 -1 -1 -1 0 0 1 1 -1 -1 -1 -1 
-1 -1 -1 -1 -1 -1 -1 0 0 -1 1 -1 -1 -1 -1 
-1 -1 -1 -1 -1 -1 -1 0 0 -1 1 -1 -1 -1 -1 
-1 -1 -1 -1 -1 -1 -1 -1 0 -1 1 -1 -1 -1 -1 
-1 -1 -1 -1 -1 -1 -1 -1 -1 -1 1 -1 -1 -1 -1 
-1 -1 -1 -1 -1 -1 -1 -1 -1 -1 1 -1 -1 -1 -1 
-1 -1 -1 -1 -1 -1 -1 -1 -1 -1 -1 -1 -1 -1 -1 
END
15 0
11 7
9 9
-1 -1 -1 -1 -1 -1 -1 0 0 1 1 -1 -1 -1 -1 
-1 -1 -1 -1 -1 -1 -1 0 0 1 1 -1 -1 -1 -1 
-1 -1 -1 -1 -1 -1 -1 0 0 1 1 -1 -1 -1 -1 
-1 -1 -1 -1 -1 -1 -1 0 0 1 1 -1 -1 -1 -1 
-1 -1 -1 -1 -1 -1 -1 0 0 1 1 -1 -1 -1 -1 
-1 -1 -1 -1 -1 -1 -1 0 0 1 1 -1 -1 -1 -1 
-1 -1 -1 -1 -1 -1 -1 0 0 1 1 -1 -1 -1 -1 
-1 -1 -1 -1 -1 -1 -1 0 0 1 1 -1 -1 -1 -1 
-1 -1 -1 -1 -1 -1 -1 0 0 1 1 -1 -1 -1 -1 
-1 -1 -1 -1 -1 -1 -1 0 0 1 1 -1 -1 -1 -1 
-1 -1 -1 -1 -1 -1 -1 0 0 -1 1 -1 -1 -1 -1 
-1 -1 -1 -1 -1 -1 -1 0 0 -1 1 -1 -1 -1 -1 
-1 -1 -1 -1 -1 -1 -1 -1 -1 -1 1 -1 -1 -1 -1 
-1 -1 -1 -1 -1 -1 -1 -1 -1 -1 1 -1 -1 -1 -1 
-1 -1 -1 -1 -1 -1 -1 -1 -1 -1 -1 -1 -1 -1 -1 
END
15 0
12 7
10 9
-1 -1 -1 -1 -1 -1 -1 0 0 1 1 -1 -1 -1 -1 
-1 -1 -1 -1 -1 -1 -1 0 0 1 1 -1 -1 -1 -1 
-1 -1 -1 -1 -1 -1 -1 0 0 1 1 -1 -1 -1 -1 
-1 -1 -1 -1 -1 -1 -1 0 0 1 1 -1 -1 -1 -1 
-1 -1 -1 -1 -1 -1 -1 0 0 1 1 -1 -1 -1 -1 
-1 -1 -1 -1 -1 -1 -1 0 0 1 1 -1 -1 -1 -1 
-1 -1 -1 -1 -1 -1 -1 0 0 1 1 -1 -1 -1 -1 
-1 -1 -1 -1 -1 -1 -1 0 0 1 1 -1 -1 -1 -1 
-1 -1 -1 -1 -1 -1 -1 0 0 1 1 -1 -1 -1 -1 
-1 -1 -1 -1 -1 -1 -1 0 0 1 1 -1 -1 -1 -1 
-1 -1 -1 -1 -1 -1 -1 0 0 1 1 -1 -1 -1 -1 
-1 -1 -1 -1 -1 -1 -1 0 0 -1 1 -1 -1 -1 -1 
-1 -1 -1 -1 -1 -1 -1 0 -1 -1 1 -1 -1 -1 -1 
-1 -1 -1 -1 -1 -1 -1 -1 -1 -1 1 -1 -1 -1 -1 
-1 -1 -1 -1 -1 -1 -1 -1 -1 -1 -1 -1 -1 -1 -1 
END
15 0
13 7
11 9
-1 -1 -1 -1 -1 -1 -1 0 0 1 1 -1 -1 -1 -1 
-1 -1 -1 -1 -1 -1 -1 0 0 1 1 -1 -1 -1 -1 
-1 -1 -1 -1 -1 -1 -1 0 0 1 1 -1 -1 -1 -1 
-1 -1 -1 -1 -1 -1 -1 0 0 1 1 -1 -1 -1 -1 
-1 -1 -1 -1 -1 -1 -1 0 0 1 1 -1 -1 -1 -1 
-1 -1 -1 -1 -1 -1 -1 0 0 1 1 -1 -1 -1 -1 
-1 -1 -1 -1 -1 -1 -1 0 0 1 1 -1 -1 -1 -1 
-1 -1 -1 -1 -1 -1 -1 0 0 1 1 -1 -1 -1 -1 
-1 -1 -1 -1 -1 -1 -1 0 0 1 1 -1 -1 -1 -1 
-1 -1 -1 -1 -1 -1 -1 0 0 1 1 -1 -1 -1 -1 
-1 -1 -1 -1 -1 -1 -1 0 0 1 1 -1 -1 -1 -1 
-1 -1 -1 -1 -1 -1 -1 0 0 1 1 -1 -1 -1 -1 
-1 -1 -1 -1 -1 -1 -1 0 -1 -1 1 -1 -1 -1 -1 
-1 -1 -1 -1 -1 -1 -1 0 -1 -1 1 -1 -1 -1 -1 
-1 -1 -1 -1 -1 -1 -1 -1 -1 -1 -1 -1 -1 -1 -1 
END
15 0
14 7
12 9
-1 -1 -1 -1 -1 -1 -1 0 0 1 1 -1 -1 -1 -1 
-1 -1 -1 -1 -1 -1 -1 0 0 1 1 -1 -1 -1 -1 
-1 -1 -1 -1 -1 -1 -1 0 0 1 1 -1 -1 -1 -1 
-1 -1 -1 -1 -1 -1 -1 0 0 1 1 -1 -1 -1 -1 
-1 -1 -1 -1 -1 -1 -1 0 0 1 1 -1 -1 -1 -1 
-1 -1 -1 -1 -1 -1 -1 0 0 1 1 -1 -1 -1 -1 
-1 -1 -1 -1 -1 -1 -1 0 0 1 1 -1 -1 -1 -1 
-1 -1 -1 -1 -1 -1 -1 0 0 1 1 -1 -1 -1 -1 
-1 -1 -1 -1 -1 -1 -1 0 0 1 1 -1 -1 -1 -1 
-1 -1 -1 -1 -1 -1 -1 0 0 1 1 -1 -1 -1 -1 
-1 -1 -1 -1 -1 -1 -1 0 0 1 1 -1 -1 -1 -1 
-1 -1 -1 -1 -1 -1 -1 0 0 1 1 -1 -1 -1 -1 
-1 -1 -1 -1 -1 -1 -1 0 -1 1 1 -1 -1 -1 -1 
-1 -1 -1 -1 -1 -1 -1 0 -1 -1 1 -1 -1 -1 -1 
-1 -1 -1 -1 -1 -1 -1 0 -1 -1 -1 -1 -1 -1 -1 
END
15 0
14 6
13 9
-1 -1 -1 -1 -1 -1 -1 0 0 1 1 -1 -1 -1 -1 
-1 -1 -1 -1 -1 -1 -1 0 0 1 1 -1 -1 -1 -1 
-1 -1 -1 -1 -1 -1 -1 0 0 1 1 -1 -1 -1 -1 
-1 -1 -1 -1 -1 -1 -1 0 0 1 1 -1 -1 -1 -1 
-1 -1 -1 -1 -1 -1 -1 0 0 1 1 -1 -1 -1 -1 
-1 -1 -1 -1 -1 -1 -1 0 0 1 1 -1 -1 -1 -1 
-1 -1 -1 -1 -1 -1 -1 0 0 1 1 -1 -1 -1 -1 
-1 -1 -1 -1 -1 -1 -1 0 0 1 1 -1 -1 -1 -1 
-1 -1 -1 -1 -1 -1 -1 0 0 1 1 -1 -1 -1 -1 
-1 -1 -1 -1 -1 -1 -1 0 0 1 1 -1 -1 -1 -1 
-1 -1 -1 -1 -1 -1 -1 0 0 1 1 -1 -1 -1 -1 
-1 -1 -1 -1 -1 -1 -1 0 0 1 1 -1 -1 -1 -1 
-1 -1 -1 -1 -1 -1 -1 0 -1 1 1 -1 -1 -1 -1 
-1 -1 -1 -1 -1 -1 -1 0 -1 1 1 -1 -1 -1 -1 
-1 -1 -1 -1 -1 -1 0 0 -1 -1 -1 -1 -1 -1 -1 
END
15 0
13 6
14 9
-1 -1 -1 -1 -1 -1 -1 0 0 1 1 -1 -1 -1 -1 
-1 -1 -1 -1 -1 -1 -1 0 0 1 1 -1 -1 -1 -1 
-1 -1 -1 -1 -1 -1 -1 0 0 1 1 -1 -1 -1 -1 
-1 -1 -1 -1 -1 -1 -1 0 0 1 1 -1 -1 -1 -1 
-1 -1 -1 -1 -1 -1 -1 0 0 1 1 -1 -1 -1 -1 
-1 -1 -1 -1 -1 -1 -1 0 0 1 1 -1 -1 -1 -1 
-1 -1 -1 -1 -1 -1 -1 0 0 1 1 -1 -1 -1 -1 
-1 -1 -1 -1 -1 -1 -1 0 0 1 1 -1 -1 -1 -1 
-1 -1 -1 -1 -1 -1 -1 0 0 1 1 -1 -1 -1 -1 
-1 -1 -1 -1 -1 -1 -1 0 0 1 1 -1 -1 -1 -1 
-1 -1 -1 -1 -1 -1 -1 0 0 1 1 -1 -1 -1 -1 
-1 -1 -1 -1 -1 -1 -1 0 0 1 1 -1 -1 -1 -1 
-1 -1 -1 -1 -1 -1 -1 0 -1 1 1 -1 -1 -1 -1 
-1 -1 -1 -1 -1 -1 0 0 -1 1 1 -1 -1 -1 -1 
-1 -1 -1 -1 -1 -1 0 0 -1 1 -1 -1 -1 -1 -1 
END
15 0
12 6
14 8
-1 -1 -1 -1 -1 -1 -1 0 0 1 1 -1 -1 -1 -1 
-1 -1 -1 -1 -1 -1 -1 0 0 1 1 -1 -1 -1 -1 
-1 -1 -1 -1 -1 -1 -1 0 0 1 1 -1 -1 -1 -1 
-1 -1 -1 -1 -1 -1 -1 0 0 1 1 -1 -1 -1 -1 
-1 -1 -1 -1 -1 -1 -1 0 0 1 1 -1 -1 -1 -1 
-1 -1 -1 -1 -1 -1 -1 0 0 1 1 -1 -1 -1 -1 
-1 -1 -1 -1 -1 -1 -1 0 0 1 1 -1 -1 -1 -1 
-1 -1 -1 -1 -1 -1 -1 0 0 1 1 -1 -1 -1 -1 
-1 -1 -1 -1 -1 -1 -1 0 0 1 1 -1 -1 -1 -1 
-1 -1 -1 -1 -1 -1 -1 0 0 1 1 -1 -1 -1 -1 
-1 -1 -1 -1 -1 -1 -1 0 0 1 1 -1 -1 -1 -1 
-1 -1 -1 -1 -1 -1 -1 0 0 1 1 -1 -1 -1 -1 
-1 -1 -1 -1 -1 -1 0 0 -1 1 1 -1 -1 -1 -1 
-1 -1 -1 -1 -1 -1 0 0 -1 1 1 -1 -1 -1 -1 
-1 -1 -1 -1 -1 -1 0 0 1 1 -1 -1 -1 -1 -1 
END
15 0
11 6
13 8
-1 -1 -1 -1 -1 -1 -1 0 0 1 1 -1 -1 -1 -1 
-1 -1 -1 -1 -1 -1 -1 0 0 1 1 -1 -1 -1 -1 
-1 -1 -1 -1 -1 -1 -1 0 0 1 1 -1 -1 -1 -1 
-1 -1 -1 -1 -1 -1 -1 0 0 1 1 -1 -1 -1 -1 
-1 -1 -1 -1 -1 -1 -1 0 0 1 1 -1 -1 -1 -1 
-1 -1 -1 -1 -1 -1 -1 0 0 1 1 -1 -1 -1 -1 
-1 -1 -1 -1 -1 -1 -1 0 0 1 1 -1 -1 -1 -1 
-1 -1 -1 -1 -1 -1 -1 0 0 1 1 -1 -1 -1 -1 
-1 -1 -1 -1 -1 -1 -1 0 0 1 1 -1 -1 -1 -1 
-1 -1 -1 -1 -1 -1 -1 0 0 1 1 -1 -1 -1 -1 
-1 -1 -1 -1 -1 -1 -1 0 0 1 1 -1 -1 -1 -1 
-1 -1 -1 -1 -1 -1 0 0 0 1 1 -1 -1 -1 -1 
-1 -1 -1 -1 -1 -1 0 0 -1 1 1 -1 -1 -1 -1 
-1 -1 -1 -1 -1 -1 0 0 1 1 1 -1 -1 -1 -1 
-1 -1 -1 -1 -1 -1 0 0 1 1 -1 -1 -1 -1 -1 
END
15 0
10 6
12 8
-1 -1 -1 -1 -1 -1 -1 0 0 1 1 -1 -1 -1 -1 
-1 -1 -1 -1 -1 -1 -1 0 0 1 1 -1 -1 -1 -1 
-1 -1 -1 -1 -1 -1 -1 0 0 1 1 -1 -1 -1 -1 
-1 -1 -1 -1 -1 -1 -1 0 0 1 1 -1 -1 -1 -1 
-1 -1 -1 -1 -1 -1 -1 0 0 1 1 -1 -1 -1 -1 
-1 -1 -1 -1 -1 -1 -1 0 0 1 1 -1 -1 -1 -1 
-1 -1 -1 -1 -1 -1 -1 0 0 1 1 -1 -1 -1 -1 
-1 -1 -1 -1 -1 -1 -1 0 0 1 1 -1 -1 -1 -1 
-1 -1 -1 -1 -1 -1 -1 0 0 1 1 -1 -1 -1 -1 
-1 -1 -1 -1 -1 -1 -1 0 0 1 1 -1 -1 -1 -1 
-1 -1 -1 -1 -1 -1 0 0 0 1 1 -1 -1 -1 -1 
-1 -1 -1 -1 -1 -1 0 0 0 1 1 -1 -1 -1 -1 
-1 -1 -1 -1 -1 -1 0 0 1 1 1 -1 -1 -1 -1 
-1 -1 -1 -1 -1 -1 0 0 1 1 1 -1 -1 -1 -1 
-1 -1 -1 -1 -1 -1 0 0 1 1 -1 -1 -1 -1 -1 
END
