15 1
6 8
2 11
-1 -1 -1 -1 -1 -1 -1 -1 -1 -1 -1 -1 -1 -1 -1 
-1 -1 -1 -1 -1 -1 -1 -1 -1 -1 -1 -1 -1 -1 -1 
-1 -1 -1 -1 -1 -1 -1 -1 -1 -1 -1 1 -1 -1 -1 
-1 -1 -1 -1 -1 -1 -1 -1 -1 -1 -1 -1 -1 -1 -1 
-1 -1 -1 -1 -1 -1 -1 -1 -1 -1 -1 -1 -1 -1 -1 
-1 -1 -1 -1 -1 -1 -1 -1 -1 -1 -1 -1 -1 -1 -1 
-1 -1 -1 -1 -1 -1 -1 -1 0 -1 -1 -1 -1 -1 -1 
-1 -1 -1 -1 -1 -1 -1 -1 -1 -1 -1 -1 -1 -1 -1 
-1 -1 -1 -1 -1 -1 -1 -1 -1 -1 -1 -1 -1 -1 -1 
-1 -1 -1 -1 -1 -1 -1 -1 -1 -1 -1 -1 -1 -1 -1 
-1 -1 -1 -1 -1 -1 -1 -1 -1 -1 -1 -1 -1 -1 -1 
-1 -1 -1 -1 -1 -1 -1 -1 -1 -1 -1 -1 -1 -1 -1 
-1 -1 -1 -1 -1 -1 -1 -1 -1 -1 -1 -1 -1 -1 -1 
-1 -1 -1 -1 -1 -1 -1 -1 -1 -1 -1 -1 -1 -1 -1 
-1 -1 -1 -1 -1 -1 -1 -1 -1 -1 -1 -1 -1 -1 -1 
END
15 1
5 8
1 11
-1 -1 -1 -1 -1 -1 -1 -1 -1 -1 -1 -1 -1 -1 -1 
-1 -1 -1 -1 -1 -1 -1 -1 -1 -1 -1 1 -1 -1 -1 
-1 -1 -1 -1 -1 -1 -1 -1 -1 -1 -1 1 -1 -1 -1 
-1 -1 -1 -1 -1 -1 -1 -1 -1 -1 -1 -1 -1 -1 -1 
-1 -1 -1 -1 -1 -1 -1 -1 -1 -1 -1 -1 -1 -1 -1 
-1 -1 -1 -1 -1 -1 -1 -1 0 -1 -1 -1 -1 -1 -1 
-1 -1 -1 -1 -1 -1 -1 -1 0 -1 -1 -1 -1 -1 -1 
-1 -1 -1 -1 -1 -1 -1 -1 -1 -1 -1 -1 -1 -1 -1 
-1 -1 -1 -1 -1 -1 -1 -1 -1 -1 -1 -1 -1 -1 -1 
-1 -1 -1 -1 -1 -1 -1 -1 -1 -1 -1 -1 -1 -1 -1 
-1 -1 -1 -1 -1 -1 -1 -1 -1 -1 -1 -1 -1 -1 -1 
-1 -1 -1 -1 -1 -1 -1 -1 -1 -1 -1 -1 -1 -1 -1 
-1 -1 -1 -1 -1 -1 -1 -1 -1 -1 -1 -1 -1 -1 -1 
-1 -1 -1 -1 -1 -1 -1 -1 -1 -1 -1 -1 -1 -1 -1 
-1 -1 -1 -1 -1 -1 -1 -1 -1 -1 -1 -1 -1 -1 -1 
END
15 1
4 8
0 11
-1 -1 -1 -1 -1 -1 -1 -1 -1 -1 -1 1 -1 -1 -1 
-1 -1 -1 -1 -1 -1 -1 -1 -1 -1 -1 1 -1 -1 -1 
-1 -1 -1 -1 -1 -1 -1 -1 -1 -1 -1 1 -1 -1 -1 
-1 -1 -1 -1 -1 -1 -1 -1 -1 -1 -1 -1 -1 -1 -1 
-1 -1 -1 -1 -1 -1 -1 -1 0 -1 -1 -1 -1 -1 -1 
-1 -1 -1 -1 -1 -1 -1 -1 0 -1 -1 -1 -1 -1 -1 
-1 -1 -1 -1 -1 -1 -1 -1 0 -1 -1 -1 -1 -1 -1 
-1 -1 -1 -1 -1 -1 -1 -1 -1 -1 -1 -1 -1 -1 -1 
-1 -1 -1 -1 -1 -1 -1 -1 -1 -1 -1 -1 -1 -1 -1 
-1 -1 -1 -1 -1 -1 -1 -1 -1 -1 -1 -1 -1 -1 -1 
-1 -1 -1 -1 -1 -1 -1 -1 -1 -1 -1 -1 -1 -1 -1 
-1 -1 -1 -1 -1 -1 -1 -1 -1 -1 -1 -1 -1 -1 -1 
-1 -1 -1 -1 -1 -1 -1 -1 -1 -1 -1 -1 -1 -1 -1 
-1 -1 -1 -1 -1 -1 -1 -1 -1 -1 -1 -1 -1 -1 -1 
-1 -1 -1 -1 -1 -1 -1 -1 -1 -1 -1 -1 -1 -1 -1 
END
15 1
3 8
0 10
-1 -1 -1 -1 -1 -1 -1 -1 -1 -1 1 1 -1 -1 -1 
-1 -1 -1 -1 -1 -1 -1 -1 -1 -1 -1 1 -1 -1 -1 
-1 -1 -1 -1 -1 -1 -1 -1 -1 -1 -1 1 -1 -1 -1 
-1 -1 -1 -1 -1 -1 -1 -1 0 -1 -1 -1 -1 -1 -1 
-1 -1 -1 -1 -1 -1 -1 -1 0 -1 -1 -1 -1 -1 -1 
-1 -1 -1 -1 -1 -1 -1 -1 0 -1 -1 -1 -1 -1 -1 
-1 -1 -1 -1 -1 -1 -1 -1 0 -1 -1 -1 -1 -1 -1 
-1 -1 -1 -1 -1 -1 -1 -1 -1 -1 -1 -1 -1 -1 -1 
-1 -1 -1 -1 -1 -1 -1 -1 -1 -1 -1 -1 -1 -1 -1 
-1 -1 -1 -1 -1 -1 -1 -1 -1 -1 -1 -1 -1 -1 -1 
-1 -1 -1 -1 -1 -1 -1 -1 -1 -1 -1 -1 -1 -1 -1 
-1 -1 -1 -1 -1 -1 -1 -1 -1 -1 -1 -1 -1 -1 -1 
-1 -1 -1 -1 -1 -1 -1 -1 -1 -1 -1 -1 -1 -1 -1 
-1 -1 -1 -1 -1 -1 -1 -1 -1 -1 -1 -1 -1 -1 -1 
-1 -1 -1 -1 -1 -1 -1 -1 -1 -1 -1 -1 -1 -1 -1 
END
15 1
2 8
1 10
-1 -1 -1 -1 -1 -1 -1 -1 -1 -1 1 1 -1 -1 -1 
-1 -1 -1 -1 -1 -1 -1 -1 -1 -1 1 1 -1 -1 -1 
-1 -1 -1 -1 -1 -1 -1 -1 0 -1 -1 1 -1 -1 -1 
-1 -1 -1 -1 -1 -1 -1 -1 0 -1 -1 -1 -1 -1 -1 
-1 -1 -1 -1 -1 -1 -1 -1 0 -1 -1 -1 -1 -1 -1 
-1 -1 -1 -1 -1 -1 -1 -1 0 -1 -1 -1 -1 -1 -1 
-1 -1 -1 -1 -1 -1 -1 -1 0 -1 -1 -1 -1 -1 -1 
-1 -1 -1 -1 -1 -1 -1 -1 -1 -1 -1 -1 -1 -1 -1 
-1 -1 -1 -1 -1 -1 -1 -1 -1 -1 -1 -1 -1 -1 -1 
-1 -1 -1 -1 -1 -1 -1 -1 -1 -1 -1 -1 -1 -1 -1 
-1 -1 -1 -1 -1 -1 -1 -1 -1 -1 -1 -1 -1 -1 -1 
-1 -1 -1 -1 -1 -1 -1 -1 -1 -1 -1 -1 -1 -1 -1 
-1 -1 -1 -1 -1 -1 -1 -1 -1 -1 -1 -1 -1 -1 -1 
-1 -1 -1 -1 -1 -1 -1 -1 -1 -1 -1 -1 -1 -1 -1 
-1 -1 -1 -1 -1 -1 -1 -1 -1 -1 -1 -1 -1 -1 -1 
END
15 1
1 8
2 10
-1 -1 -1 -1 -1 -1 -1 -1 -1 -1 1 1 -1 -1 -1 
-1 -1 -1 -1 -1 -1 -1 -1 0 -1 1 1 -1 -1 -1 
-1 -1 -1 -1 -1 -1 -1 -1 0 -1 1 1 -1 -1 -1 
-1 -1 -1 -1 -1 -1 -1 -1 0 -1 -1 -1 -1 -1 -1 
-1 -1 -1 -1 -1 -1 -1 -1 0 -1 -1 -1 -1 -1 -1 
-1 -1 -1 -1 -1 -1 -1 -1 0 -1 -1 -1 -1 -1 -1 
-1 -1 -1 -1 -1 -1 -1 -1 0 -1 -1 -1 -1 -1 -1 
-1 -1 -1 -1 -1 -1 -1 -1 -1 -1 -1 -1 -1 -1 -1 
-1 -1 -1 -1 -1 -1 -1 -1 -1 -1 -1 -1 -1 -1 -1 
-1 -1 -1 -1 -1 -1 -1 -1 -1 -1 -1 -1 -1 -1 -1 
-1 -1 -1 -1 -1 -1 -1 -1 -1 -1 -1 -1 -1 -1 -1 
-1 -1 -1 -1 -1 -1 -1 -1 -1 -1 -1 -1 -1 -1 -1 
-1 -1 -1 -1 -1 -1 -1 -1 -1 -1 -1 -1 -1 -1 -1 
-1 -1 -1 -1 -1 -1 -1 -1 -1 -1 -1 -1 -1 -1 -1 
-1 -1 -1 -1 -1 -1 -1 -1 -1 -1 -1 -1 -1 -1 -1 
END
15 1
0 8
3 10
-1 -1 -1 -1 -1 -1 -1 -1 0 -1 1 1 -1 -1 -1 
-1 -1 -1 -1 -1 -1 -1 -1 0 -1 1 1 -1 -1 -1 
-1 -1 -1 -1 -1 -1 -1 -1 0 -1 1 1 -1 -1 -1 
-1 -1 -1 -1 -1 -1 -1 -1 0 -1 1 -1 -1 -1 -1 
-1 -1 -1 -1 -1 -1 -1 -1 0 -1 -1 -1 -1 -1 -1 
-1 -1 -1 -1 -1 -1 -1 -1 0 -1 -1 -1 -1 -1 -1 
-1 -1 -1 -1 -1 -1 -1 -1 0 -1 -1 -1 -1 -1 -1 
-1 -1 -1 -1 -1 -1 -1 -1 -1 -1 -1 -1 -1 -1 -1 
-1 -1 -1 -1 -1 -1 -1 -1 -1 -1 -1 -1 -1 -1 -1 
-1 -1 -1 -1 -1 -1 -1 -1 -1 -1 -1 -1 -1 -1 -1 
-1 -1 -1 -1 -1 -1 -1 -1 -1 -1 -1 -1 -1 -1 -1 
-1 -1 -1 -1 -1 -1 -1 -1 -1 -1 -1 -1 -1 -1 -1 
-1 -1 -1 -1 -1 -1 -1 -1 -1 -1 -1 -1 -1 -1 -1 
-1 -1 -1 -1 -1 -1 -1 -1 -1 -1 -1 -1 -1 -1 -1 
-1 -1 -1 -1 -1 -1 -1 -1 -1 -1 -1 -1 -1 -1 -1 
END
15 1
0 7
4 10
-1 -1 -1 -1 -1 -1 -1 0 0 -1 1 1 -1 -1 -1 
-1 -1 -1 -1 -1 -1 -1 -1 0 -1 1 1 -1 -1 -1 
-1 -1 -1 -1 -1 -1 -1 -1 0 -1 1 1 -1 -1 -1 
-1 -1 -1 -1 -1 -1 -1 -1 0 -1 1 -1 -1 -1 -1 
-1 -1 -1 -1 -1 -1 -1 -1 0 -1 1 -1 -1 -1 -1 
-1 -1 -1 -1 -1 -1 -1 -1 0 -1 -1 -1 -1 -1 -1 
-1 -1 -1 -1 -1 -1 -1 -1 0 -1 -1 -1 -1 -1 -1 
-1 -1 -1 -1 -1 -1 -1 -1 -1 -1 -1 -1 -1 -1 -1 
-1 -1 -1 -1 -1 -1 -1 -1 -1 -1 -1 -1 -1 -1 -1 
-1 -1 -1 -1 -1 -1 -1 -1 -1 -1 -1 -1 -1 -1 -1 
-1 -1 -1 -1 -1 -1 -1 -1 -1 -1 -1 -1 -1 -1 -1 
-1 -1 -1 -1 -1 -1 -1 -1 -1 -1 -1 -1 -1 -1 -1 
-1 -1 -1 -1 -1 -1 -1 -1 -1 -1 -1 -1 -1 -1 -1 
-1 -1 -1 -1 -1 -1 -1 -1 -1 -1 -1 -1 -1 -1 -1 
-1 -1 -1 -1 -1 -1 -1 -1 -1 -1 -1 -1 -1 -1 -1 
END
15 1
1 7
5 10
-1 -1 -1 -1 -1 -1 -1 0 0 -1 1 1 -1 -1 -1 
-1 -1 -1 -1 -1 -1 -1 0 0 -1 1 1 -1 -1 -1 
-1 -1 -1 -1 -1 -1 -1 -1 0 -1 1 1 -1 -1 -1 
-1 -1 -1 -1 -1 -1 -1 -1 0 -1 1 -1 -1 -1 -1 
-1 -1 -1 -1 -1 -1 -1 -1 0 -1 1 -1 -1 -1 -1 
-1 -1 -1 -1 -1 -1 -1 -1 0 -1 1 -1 -1 -1 -1 
-1 -1 -1 -1 -1 -1 -1 -1 0 -1 -1 -1 -1 -1 -1 
-1 -1 -1 -1 -1 -1 -1 -1 -1 -1 -1 -1 -1 -1 -1 
-1 -1 -1 -1 -1 -1 -1 -1 -1 -1 -1 -1 -1 -1 -1 
-1 -1 -1 -1 -1 -1 -1 -1 -1 -1 -1 -1 -1 -1 -1 
-1 -1 -1 -1 -1 -1 -1 -1 -1 -1 -1 -1 -1 -1 -1 
-1 -1 -1 -1 -1 -1 -1 -1 -1 -1 -1 -1 -1 -1 -1 
-1 -1 -1 -1 -1 -1 -1 -1 -1 -1 -1 -1 -1 -1 -1 
-1 -1 -1 -1 -1 -1 -1 -1 -1 -1 -1 -1 -1 -1 -1 
-1 -1 -1 -1 -1 -1 -1 -1 -1 -1 -1 -1 -1 -1 -1 
END
15 1
2 7
6 10
-1 -1 -1 -1 -1 -1 -1 0 0 -1 1 1 -1 -1 -1 
-1 -1 -1 -1 -1 -1 -1 0 0 -1 1 1 -1 -1 -1 
-1 -1 -1 -1 -1 -1 -1 0 0 -1 1 1 -1 -1 -1 
-1 -1 -1 -1 -1 -1 -1 -1 0 -1 1 -1 -1 -1 -1 
-1 -1 -1 -1 -1 -1 -1 -1 0 -1 1 -1 -1 -1 -1 
-1 -1 -1 -1 -1 -1 -1 -1 0 -1 1 -1 -1 -1 -1 
-1 -1 -1 -1 -1 -1 -1 -1 0 -1 1 -1 -1 -1 -1 
-1 -1 -1 -1 -1 -1 -1 -1 -1 -1 -1 -1 -1 -1 -1 
-1 -1 -1 -1 -1 -1 -1 -1 -1 -1 -1 -1 -1 -1 -1 
-1 -1 -1 -1 -1 -1 -1 -1 -1 -1 -1 -1 -1 -1 -1 
-1 -1 -1 -1 -1 -1 -1 -1 -1 -1 -1 -1 -1 -1 -1 
-1 -1 -1 -1 -1 -1 -1 -1 -1 -1 -1 -1 -1 -1 -1 
-1 -1 -1 -1 -1 -1 -1 -1 -1 -1 -1 -1 -1 -1 -1 
-1 -1 -1 -1 -1 -1 -1 -1 -1 -1 -1 -1 -1 -1 -1 
-1 -1 -1 -1 -1 -1 -1 -1 -1 -1 -1 -1 -1 -1 -1 
END
15 1
3 7
7 10
-1 -1 -1 -1 -1 -1 -1 0 0 -1 1 1 -1 -1 -1 
-1 -1 -1 -1 -1 -1 -1 0 0 -1 1 1 -1 -1 -1 
-1 -1 -1 -1 -1 -1 -1 0 0 -1 1 1 -1 -1 -1 
-1 -1 -1 -1 -1 -1 -1 0 0 -1 1 -1 -1 -1 -1 
-1 -1 -1 -1 -1 -1 -1 -1 0 -1 1 -1 -1 -1 -1 
-1 -1 -1 -1 -1 -1 -1 -1 0 -1 1 -1 -1 -1 -1 
-1 -1 -1 -1 -1 -1 -1 -1 0 -1 1 -1 -1 -1 -1 
-1 -1 -1 -1 -1 -1 -1 -1 -1 -1 1 -1 -1 -1 -1 
-1 -1 -1 -1 -1 -1 -1 -1 -1 -1 -1 -1 -1 -1 -1 
-1 -1 -1 -1 -1 -1 -1 -1 -1 -1 -1 -1 -1 -1 -1 
-1 -1 -1 -1 -1 -1 -1 -1 -1 -1 -1 -1 -1 -1 -1 
-1 -1 -1 -1 -1 -1 -1 -1 -1 -1 -1 -1 -1 -1 -1 
-1 -1 -1 -1 -1 -1 -1 -1 -1 -1 -1 -1 -1 -1 -1 
-1 -1 -1 -1 -1 -1 -1 -1 -1 -1 -1 -1 -1 -1 -1 
-1 -1 -1 -1 -1 -1 -1 -1 -1 -1 -1 -1 -1 -1 -1 
END
15 1
4 7
8 10
-1 -1 -1 -1 -1 -1 -1 0 0 -1 1 1 -1 -1 -1 
-1 -1 -1 -1 -1 -1 -1 0 0 -1 1 1 -1 -1 -1 
-1 -1 -1 -1 -1 -1 -1 0 0 -1 1 1 -1 -1 -1 
-1 -1 -1 -1 -1 -1 -1 0 0 -1 1 -1 -1 -1 -1 
-1 -1 -1 -1 -1 -1 -1 0 0 -1 1 -1 -1 -1 -1 
-1 -1 -1 -1 -1 -1 -1 -1 0 -1 1 -1 -1 -1 -1 
-1 -1 -1 -1 -1 -1 -1 -1 0 -1 1 -1 -1 -1 -1 
-1 -1 -1 -1 -1 -1 -1 -1 -1 -1 1 -1 -1 -1 -1 
-1 -1 -1 -1 -1 -1 -1 -1 -1 -1 1 -1 -1 -1 -1 
-1 -1 -1 -1 -1 -1 -1 -1 -1 -1 -1 -1 -1 -1 -1 
-1 -1 -1 -1 -1 -1 -1 -1 -1 -1 -1 -1 -1 -1 -1 
-1 -1 -1 -1 -1 -1 -1 -1 -1 -1 -1 -1 -1 -1 -1 
-1 -1 -1 -1 -1 -1 -1 -1 -1 -1 -1 -1 -1 -1 -1 
-1 -1 -1 -1 -1 -1 -1 -1 -1 -1 -1 -1 -1 -1 -1 
-1 -1 -1 -1 -1 -1 -1 -1 -1 -1 -1 -1 -1 -1 -1 
END
15 1
5 7
9 10
-1 -1 -1 -1 -1 -1 -1 0 0 -1 1 1 -1 -1 -1 
-1 -1 -1 -1 -1 -1 -1 0 0 -1 1 1 -1 -1 -1 
-1 -1 -1 -1 -1 -1 -1 0 0 -1 1 1 -1 -1 -1 
-1 -1 -1 -1 -1 -1 -1 0 0 -1 1 -1 -1 -1 -1 
-1 -1 -1 -1 -1 -1 -1 0 0 -1 1 -1 -1 -1 -1 
-1 -1 -1 -1 -1 -1 -1 0 0 -1 1 -1 -1 -1 -1 
-1 -1 -1 -1 -1 -1 -1 -1 0 -1 1 -1 -1 -1 -1 
-1 -1 -1 -1 -1 -1 -1 -1 -1 -1 1 -1 -1 -1 -1 
-1 -1 -1 -1 -1 -1 -1 -1 -1 -1 1 -1 -1 -1 -1 
-1 -1 -1 -1 -1 -1 -1 -1 -1 -1 1 -1 -1 -1 -1 
-1 -1 -1 -1 -1 -1 -1 -1 -1 -1 -1 -1 -1 -1 -1 
-1 -1 -1 -1 -1 -1 -1 -1 -1 -1 -1 -1 -1 -1 -1 
-1 -1 -1 -1 -1 -1 -1 -1 -1 -1 -1 -1 -1 -1 -1 
-1 -1 -1 -1 -1 -1 -1 -1 -1 -1 -1 -1 -1 -1 -1 
-1 -1 -1 -1 -1 -1 -1 -1 -1 -1 -1 -1 -1 -1 -1 
END
15 1
6 7
10 10
-1 -1 -1 -1 -1 -1 -1 0 0 -1 1 1 -1 -1 -1 
-1 -1 -1 -1 -1 -1 -1 0 0 -1 1 1 -1 -1 -1 
-1 -1 -1 -1 -1 -1 -1 0 0 -1 1 1 -1 -1 -1 
-1 -1 -1 -1 -1 -1 -1 0 0 -1 1 -1 -1 -1 -1 
-1 -1 -1 -1 -1 -1 -1 0 0 -1 1 -1 -1 -1 -1 
-1 -1 -1 -1 -1 -1 -1 0 0 -1 1 -1 -1 -1 -1 
-1 -1 -1 -1 -1 -1 -1 0 0 -1 1 -1 -1 -1 -1 
-1 -1 -1 -1 -1 -1 -1 -1 -1 -1 1 -1 -1 -1 -1 
-1 -1 -1 -1 -1 -1 -1 -1 -1 -1 1 -1 -1 -1 -1 
-1 -1 -1 -1 -1 -1 -1 -1 -1 -1 1 -1 -1 -1 -1 
-1 -1 -1 -1 -1 -1 -1 -1 -1 -1 1 -1 -1 -1 -1 
-1 -1 -1 -1 -1 -1 -1 -1 -1 -1 -1 -1 -1 -1 -1 
-1 -1 -1 -1 -1 -1 -1 -1 -1 -1 -1 -1 -1 -1 -1 
-1 -1 -1 -1 -1 -1 -1 -1 -1 -1 -1 -1 -1 -1 -1 
-1 -1 -1 -1 -1 -1 -1 -1 -1 -1 -1 -1 -1 -1 -1 
END
15 1
7 7
11 10
-1 -1 -1 -1 -1 -1 -1 0 0 -1 1 1 -1 -1 -1 
-1 -1 -1 -1 -1 -1 -1 0 0 -1 1 1 -1 -1 -1 
-1 -1 -1 -1 -1 -1 -1 0 0 -1 1 1 -1 -1 -1 
-1 -1 -1 -1 -1 -1 -1 0 0 -1 1 -1 -1 -1 -1 
-1 -1 -1 -1 -1 -1 -1 0 0 -1 1 -1 -1 -1 -1 
-1 -1 -1 -1 -1 -1 -1 0 0 -1 1 -1 -1 -1 -1 
-1 -1 -1 -1 -1 -1 -1 0 0 -1 1 -1 -1 -1 -1 
-1 -1 -1 -1 -1 -1 -1 0 -1 -1 1 -1 -1 -1 -1 
-1 -1 -1 -1 -1 -1 -1 -1 -1 -1 1 -1 -1 -1 -1 
-1 -1 -1 -1 -1 -1 -1 -1 -1 -1 1 -1 -1 -1 -1 
-1 -1 -1 -1 -1 -1 -1 -1 -1 -1 1 -1 -1 -1 -1 
-1 -1 -1 -1 -1 -1 -1 -1 -1 -1 1 -1 -1 -1 -1 
-1 -1 -1 -1 -1 -1 -1 -1 -1 -1 -1 -1 -1 -1 -1 
-1 -1 -1 -1 -1 -1 -1 -1 -1 -1 -1 -1 -1 -1 -1 
-1 -1 -1 -1 -1 -1 -1 -1 -1 -1 -1 -1 -1 -1 -1 
END
15 1
8 7
12 10
-1 -1 -1 -1 -1 -1 -1 0 0 -1 1 1 -1 -1 -1 
-1 -1 -1 -1 -1 -1 -1 0 0 -1 1 1 -1 -1 -1 
-1 -1 -1 -1 -1 -1 -1 0 0 -1 1 1 -1 -1 -1 
-1 -1 -1 -1 -1 -1 -1 0 0 -1 1 -1 -1 -1 -1 
-1 -1 -1 -1 -1 -1 -1 0 0 -1 1 -1 -1 -1 -1 
-1 -1 -1 -1 -1 -1 -1 0 0 -1 1 -1 -1 -1 -1 
-1 -1 -1 -1 -1 -1 -1 0 0 -1 1 -1 -1 -1 -1 
-1 -1 -1 -1 -1 -1 -1 0 -1 -1 1 -1 -1 -1 -1 
-1 -1 -1 -1 -1 -1 -1 0 -1 -1 1 -1 -1 -1 -1 
-1 -1 -1 -1 -1 -1 -1 -1 -1 -1 1 -1 -1 -1 -1 
-1 -1 -1 -1 -1 -1 -1 -1 -1 -1 1 -1 -1 -1 -1 
-1 -1 -1 -1 -1 -1 -1 -1 -1 -1 1 -1 -1 -1 -1 
-1 -1 -1 -1 -1 -1 -1 -1 -1 -1 1 -1 -1 -1 -1 
-1 -1 -1 -1 -1 -1 -1 -1 -1 -1 -1 -1 -1 -1 -1 
-1 -1 -1 -1 -1 -1 -1 -1 -1 -1 -1 -1 -1 -1 -1 
END
15 1
9 7
13 10
-1 -1 -1 -1 -1 -1 -1 0 0 -1 1 1 -1 -1 -1 
-1 -1 -1 -1 -1 -1 -1 0 0 -1 1 1 -1 -1 -1 
-1 -1 -1 -1 -1 -1 -1 0 0 -1 1 1 -1 -1 -1 
-1 -1 -1 -1 -1 -1 -1 0 0 -1 1 -1 -1 -1 -1 
-1 -1 -1 -1 -1 -1 -1 0 0 -1 1 -1 -1 -1 -1 
-1 -1 -1 -1 -1 -1 -1 0 0 -1 1 -1 -1 -1 -1 
-1 -1 -1 -1 -1 -1 -1 0 0 -1 1 -1 -1 -1 -1 
-1 -1 -1 -1 -1 -1 -1 0 -1 -1 1 -1 -1 -1 -1 
-1 -1 -1 -1 -1 -1 -1 0 -1 -1 1 -1 -1 -1 -1 
-1 -1 -1 -1 -1 -1 -1 0 -1 -1 1 -1 -1 -1 -1 
-1 -1 -1 -1 -1 -1 -1 -1 -1 -1 1 -1 -1 -1 -1 
-1 -1 -1 -1 -1 -1 -1 -1 -1 -1 1 -1 -1 -1 -1 
-1 -1 -1 -1 -1 -1 -1 -1 -1 -1 1 -1 -1 -1 -1 
-1 -1 -1 -1 -1 -1 -1 -1 -1 -1 1 -1 -1 -1 -1 
-1 -1 -1 -1 -1 -1 -1 -1 -1 -1 -1 -1 -1 -1 -1 
END
15 1
10 7
14 10
-1 -1 -1 -1 -1 -1 -1 0 0 -1 1 1 -1 -1 -1 
-1 -1 -1 -1 -1 -1 -1 0 0 -1 1 1 -1 -1 -1 
-1 -1 -1 -1 -1 -1 -1 0 0 -1 1 1 -1 -1 -1 
-1 -1 -1 -1 -1 -1 -1 0 0 -1 1 -1 -1 -1 -1 
-1 -1 -1 -1 -1 -1 -1 0 0 -1 1 -1 -1 -1 -1 
-1 -1 -1 -1 -1 -1 -1 0 0 -1 1 -1 -1 -1 -1 
-1 -1 -1 -1 -1 -1 -1 0 0 -1 1 -1 -1 -1 -1 
-1 -1 -1 -1 -1 -1 -1 0 -1 -1 1 -1 -1 -1 -1 
-1 -1 -1 -1 -1 -1 -1 0 -1 -1 1 -1 -1 -1 -1 
-1 -1 -1 -1 -1 -1 -1 0 -1 -1 1 -1 -1 -1 -1 
-1 -1 -1 -1 -1 -1 -1 0 -1 -1 1 -1 -1 -1 -1 
-1 -1 -1 -1 -1 -1 -1 -1 -1 -1 1 -1 -1 -1 -1 
-1 -1 -1 -1 -1 -1 -1 -1 -1 -1 1 -1 -1 -1 -1 
-1 -1 -1 -1 -1 -1 -1 -1 -1 -1 1 -1 -1 -1 -1 
-1 -1 -1 -1 -1 -1 -1 -1 -1 -1 1 -1 -1 -1 -1 
END
15 1
11 7
14 9
-1 -1 -1 -1 -1 -1 -1 0 0 -1 1 1 -1 -1 -1 
-1 -1 -1 -1 -1 -1 -1 0 0 -1 1 1 -1 -1 -1 
-1 -1 -1 -1 -1 -1 -1 0 0 -1 1 1 -1 -1 -1 
-1 -1 -1 -1 -1 -1 -1 0 0 -1 1 -1 -1 -1 -1 
-1 -1 -1 -1 -1 -1 -1 0 0 -1 1 -1 -1 -1 -1 
-1 -1 -1 -1 -1 -1 -1 0 0 -1 1 -1 -1 -1 -1 
-1 -1 -1 -1 -1 -1 -1 0 0 -1 1 -1 -1 -1 -1 
-1 -1 -1 -1 -1 -1 -1 0 -1 -1 1 -1 -1 -1 -1 
-1 -1 -1 -1 -1 -1 -1 0 -1 -1 1 -1 -1 -1 -1 
-1 -1 -1 -1 -1 -1 -1 0 -1 -1 1 -1 -1 -1 -1 
-1 -1 -1 -1 -1 -1 -1 0 -1 -1 1 -1 -1 -1 -1 
-1 -1 -1 -1 -1 -1 -1 0 -1 -1 1 -1 -1 -1 -1 
-1 -1 -1 -1 -1 -1 -1 -1 -1 -1 1 -1 -1 -1 -1 
-1 -1 -1 -1 -1 -1 -1 -1 -1 -1 1 -1 -1 -1 -1 
-1 -1 -1 -1 -1 -1 -1 -1 -1 1 1 -1 -1 -1 -1 
END
15 1
12 7
13 9
-1 -1 -1 -1 -1 -1 -1 0 0 -1 1 1 -1 -1 -1 
-1 -1 -1 -1 -1 -1 -1 0 0 -1 1 1 -1 -1 -1 
-1 -1 -1 -1 -1 -1 -1 0 0 -1 1 1 -1 -1 -1 
-1 -1 -1 -1 -1 -1 -1 0 0 -1 1 -1 -1 -1 -1 
-1 -1 -1 -1 -1 -1 -1 0 0 -1 1 -1 -1 -1 -1 
-1 -1 -1 -1 -1 -1 -1 0 0 -1 1 -1 -1 -1 -1 
-1 -1 -1 -1 -1 -1 -1 0 0 -1 1 -1 -1 -1 -1 
-1 -1 -1 -1 -1 -1 -1 0 -1 -1 1 -1 -1 -1 -1 
-1 -1 -1 -1 -1 -1 -1 0 -1 -1 1 -1 -1 -1 -1 
-1 -1 -1 -1 -1 -1 -1 0 -1 -1 1 -1 -1 -1 -1 
-1 -1 -1 -1 -1 -1 -1 0 -1 -1 1 -1 -1 -1 -1 
-1 -1 -1 -1 -1 -1 -1 0 -1 -1 1 -1 -1 -1 -1 
-1 -1 -1 -1 -1 -1 -1 0 -1 -1 1 -1 -1 -1 -1 
-1 -1 -1 -1 -1 -1 -1 -1 -1 1 1 -1 -1 -1 -1 
-1 -1 -1 -1 -1 -1 -1 -1 -1 1 1 -1 -1 -1 -1 
END
15 1
13 7
12 9
-1 -1 -1 -1 -1 -1 -1 0 0 -1 1 1 -1 -1 -1 
-1 -1 -1 -1 -1 -1 -1 0 0 -1 1 1 -1 -1 -1 
-1 -1 -1 -1 -1 -1 -1 0 0 -1 1 1 -1 -1 -1 
-1 -1 -1 -1 -1 -1 -1 0 0 -1 1 -1 -1 -1 -1 
-1 -1 -1 -1 -1 -1 -1 0 0 -1 1 -1 -1 -1 -1 
-1 -1 -1 -1 -1 -1 -1 0 0 -1 1 -1 -1 -1 -1 
-1 -1 -1 -1 -1 -1 -1 0 0 -1 1 -1 -1 -1 -1 
-1 -1 -1 -1 -1 -1 -1 0 -1 -1 1 -1 -1 -1 -1 
-1 -1 -1 -1 -1 -1 -1 0 -1 -1 1 -1 -1 -1 -1 
-1 -1 -1 -1 -1 -1 -1 0 -1 -1 1 -1 -1 -1 -1 
-1 -1 -1 -1 -1 -1 -1 0 -1 -1 1 -1 -1 -1 -1 
-1 -1 -1 -1 -1 -1 -1 0 -1 -1 1 -1 -1 -1 -1 
-1 -1 -1 -1 -1 -1 -1 0 -1 1 1 -1 -1 -1 -1 
-1 -1 -1 -1 -1 -1 -1 0 -1 1 1 -1 -1 -1 -1 
-1 -1 -1 -1 -1 -1 -1 -1 -1 1 1 -1 -1 -1 -1 
END
15 1
14 7
11 9
-1 -1 -1 -1 -1 -1 -1 0 0 -1 1 1 -1 -1 -1 
-1 -1 -1 -1 -1 -1 -1 0 0 -1 1 1 -1 -1 -1 
-1 -1 -1 -1 -1 -1 -1 0 0 -1 1 1 -1 -1 -1 
-1 -1 -1 -1 -1 -1 -1 0 0 -1 1 -1 -1 -1 -1 
-1 -1 -1 -1 -1 -1 -1 0 0 -1 1 -1 -1 -1 -1 
-1 -1 -1 -1 -1 -1 -1 0 0 -1 1 -1 -1 -1 -1 
-1 -1 -1 -1 -1 -1 -1 0 0 -1 1 -1 -1 -1 -1 
-1 -1 -1 -1 -1 -1 -1 0 -1 -1 1 -1 -1 -1 -1 
-1 -1 -1 -1 -1 -1 -1 0 -1 -1 1 -1 -1 -1 -1 
-1 -1 -1 -1 -1 -1 -1 0 -1 -1 1 -1 -1 -1 -1 
-1 -1 -1 -1 -1 -1 -1 0 -1 -1 1 -1 -1 -1 -1 
-1 -1 -1 -1 -1 -1 -1 0 -1 1 1 -1 -1 -1 -1 
-1 -1 -1 -1 -1 -1 -1 0 -1 1 1 -1 -1 -1 -1 
-1 -1 -1 -1 -1 -1 -1 0 -1 1 1 -1 -1 -1 -1 
-1 -1 -1 -1 -1 -1 -1 0 -1 1 1 -1 -1 -1 -1 
END
15 1
14 6
10 9
-1 -1 -1 -1 -1 -1 -1 0 0 -1 1 1 -1 -1 -1 
-1 -1 -1 -1 -1 -1 -1 0 0 -1 1 1 -1 -1 -1 
-1 -1 -1 -1 -1 -1 -1 0 0 -1 1 1 -1 -1 -1 
-1 -1 -1 -1 -1 -1 -1 0 0 -1 1 -1 -1 -1 -1 
-1 -1 -1 -1 -1 -1 -1 0 0 -1 1 -1 -1 -1 -1 
-1 -1 -1 -1 -1 -1 -1 0 0 -1 1 -1 -1 -1 -1 
-1 -1 -1 -1 -1 -1 -1 0 0 -1 1 -1 -1 -1 -1 
-1 -1 -1 -1 -1 -1 -1 0 -1 -1 1 -1 -1 -1 -1 
-1 -1 -1 -1 -1 -1 -1 0 -1 -1 1 -1 -1 -1 -1 
-1 -1 -1 -1 -1 -1 -1 0 -1 -1 1 -1 -1 -1 -1 
-1 -1 -1 -1 -1 -1 -1 0 -1 1 1 -1 -1 -1 -1 
-1 -1 -1 -1 -1 -1 -1 0 -1 1 1 -1 -1 -1 -1 
-1 -1 -1 -1 -1 -1 -1 0 -1 1 1 -1 -1 -1 -1 
-1 -1 -1 -1 -1 -1 -1 0 -1 1 1 -1 -1 -1 -1 
-1 -1 -1 -1 -1 -1 0 0 -1 1 1 -1 -1 -1 -1 
END
15 1
13 6
9 9
-1 -1 -1 -1 -1 -1 -1 0 0 -1 1 1 -1 -1 -1 
-1 -1 -1 -1 -1 -1 -1 0 0 -1 1 1 -1 -1 -1 
-1 -1 -1 -1 -1 -1 -1 0 0 -1 1 1 -1 -1 -1 
-1 -1 -1 -1 -1 -1 -1 0 0 -1 1 -1 -1 -1 -1 
-1 -1 -1 -1 -1 -1 -1 0 0 -1 1 -1 -1 -1 -1 
-1 -1 -1 -1 -1 -1 -1 0 0 -1 1 -1 -1 -1 -1 
-1 -1 -1 -1 -1 -1 -1 0 0 -1 1 -1 -1 -1 -1 
-1 -1 -1 -1 -1 -1 -1 0 -1 -1 1 -1 -1 -1 -1 
-1 -1 -1 -1 -1 -1 -1 0 -1 -1 1 -1 -1 -1 -1 
-1 -1 -1 -1 -1 -1 -1 0 -1 1 1 -1 -1 -1 -1 
-1 -1 -1 -1 -1 -1 -1 0 -1 1 1 -1 -1 -1 -1 
-1 -1 -1 -1 -1 -1 -1 0 -1 1 1 -1 -1 -1 -1 
-1 -1 -1 -1 -1 -1 -1 0 -1 1 1 -1 -1 -1 -1 
-1 -1 -1 -1 -1 -1 0 0 -1 1 1 -1 -1 -1 -1 
-1 -1 -1 -1 -1 -1 0 0 -1 1 1 -1 -1 -1 -1 
END
15 1
12 6
8 9
-1 -1 -1 -1 -1 -1 -1 0 0 -1 1 1 -1 -1 -1 
-1 -1 -1 -1 -1 -1 -1 0 0 -1 1 1 -1 -1 -1 
-1 -1 -1 -1 -1 -1 -1 0 0 -1 1 1 -1 -1 -1 
-1 -1 -1 -1 -1 -1 -1 0 0 -1 1 -1 -1 -1 -1 
-1 -1 -1 -1 -1 -1 -1 0 0 -1 1 -1 -1 -1 -1 
-1 -1 -1 -1 -1 -1 -1 0 0 -1 1 -1 -1 -1 -1 
-1 -1 -1 -1 -1 -1 -1 0 0 -1 1 -1 -1 -1 -1 
-1 -1 -1 -1 -1 -1 -1 0 -1 -1 1 -1 -1 -1 -1 
-1 -1 -1 -1 -1 -1 -1 0 -1 1 1 -1 -1 -1 -1 
-1 -1 -1 -1 -1 -1 -1 0 -1 1 1 -1 -1 -1 -1 
-1 -1 -1 -1 -1 -1 -1 0 -1 1 1 -1 -1 -1 -1 
-1 -1 -1 -1 -1 -1 -1 0 -1 1 1 -1 -1 -1 -1 
-1 -1 -1 -1 -1 -1 0 0 -1 1 1 -1 -1 -1 -1 
-1 -1 -1 -1 -1 -1 0 0 -1 1 1 -1 -1 -1 -1 
-1 -1 -1 -1 -1 -1 0 0 -1 1 1 -1 -1 -1 -1 
END
15 1
11 6
7 9
-1 -1 -1 -1 -1 -1 -1 0 0 -1 1 1 -1 -1 -1 
-1 -1 -1 -1 -1 -1 -1 0 0 -1 1 1 -1 -1 -1 
-1 -1 -1 -1 -1 -1 -1 0 0 -1 1 1 -1 -1 -1 
-1 -1 -1 -1 -1 -1 -1 0 0 -1 1 -1 -1 -1 -1 
-1 -1 -1 -1 -1 -1 -1 0 0 -1 1 -1 -1 -1 -1 
-1 -1 -1 -1 -1 -1 -1 0 0 -1 1 -1 -1 -1 -1 
-1 -1 -1 -1 -1 -1 -1 0 0 -1 1 -1 -1 -1 -1 
-1 -1 -1 -1 -1 -1 -1 0 -1 1 1 -1 -1 -1 -1 
-1 -1 -1 -1 -1 -1 -1 0 -1 1 1 -1 -1 -1 -1 
-1 -1 -1 -1 -1 -1 -1 0 -1 1 1 -1 -1 -1 -1 
-1 -1 -1 -1 -1 -1 -1 0 -1 1 1 -1 -1 -1 -1 
-1 -1 -1 -1 -1 -1 0 0 -1 1 1 -1 -1 -1 -1 
-1 -1 -1 -1 -1 -1 0 0 -1 1 1 -1 -1 -1 -1 
-1 -1 -1 -1 -1 -1 0 0 -1 1 1 -1 -1 -1 -1 
-1 -1 -1 -1 -1 -1 0 0 -1 1 1 -1 -1 -1 -1 
END
15 1
10 6
6 9
-1 -1 -1 -1 -1 -1 -1 0 0 -1 1 1 -1 -1 -1 
-1 -1 -1 -1 -1 -1 -1 0 0 -1 1 1 -1 -1 -1 
-1 -1 -1 -1 -1 -1 -1 0 0 -1 1 1 -1 -1 -1 
-1 -1 -1 -1 -1 -1 -1 0 0 -1 1 -1 -1 -1 -1 
-1 -1 -1 -1 -1 -1 -1 0 0 -1 1 -1 -1 -1 -1 
-1 -1 -1 -1 -1 -1 -1 0 0 -1 1 -1 -1 -1 -1 
-1 -1 -1 -1 -1 -1 -1 0 0 1 1 -1 -1 -1 -1 
-1 -1 -1 -1 -1 -1 -1 0 -1 1 1 -1 -1 -1 -1 
-1 -1 -1 -1 -1 -1 -1 0 -1 1 1 -1 -1 -1 -1 
-1 -1 -1 -1 -1 -1 -1 0 -1 1 1 -1 -1 -1 -1 
-1 -1 -1 -1 -1 -1 0 0 -1 1 1 -1 -1 -1 -1 
-1 -1 -1 -1 -1 -1 0 0 -1 1 1 -1 -1 -1 -1 
-1 -1 -1 -1 -1 -1 0 0 -1 1 1 -1 -1 -1 -1 
-1 -1 -1 -1 -1 -1 0 0 -1 1 1 -1 -1 -1 -1 
-1 -1 -1 -1 -1 -1 0 0 -1 1 1 -1 -1 -1 -1 
END
15 1
9 6
5 9
-1 -1 -1 -1 -1 -1 -1 0 0 -1 1 1 -1 -1 -1 
-1 -1 -1 -1 -1 -1 -1 0 0 -1 1 1 -1 -1 -1 
-1 -1 -1 -1 -1 -1 -1 0 0 -1 1 1 -1 -1 -1 
-1 -1 -1 -1 -1 -1 -1 0 0 -1 1 -1 -1 -1 -1 
-1 -1 -1 -1 -1 -1 -1 0 0 -1 1 -1 -1 -1 -1 
-1 -1 -1 -1 -1 -1 -1 0 0 1 1 -1 -1 -1 -1 
-1 -1 -1 -1 -1 -1 -1 0 0 1 1 -1 -1 -1 -1 
-1 -1 -1 -1 -1 -1 -1 0 -1 1 1 -1 -1 -1 -1 
-1 -1 -1 -1 -1 -1 -1 0 -1 1 1 -1 -1 -1 -1 
-1 -1 -1 -1 -1 -1 0 0 -1 1 1 -1 -1 -1 -1 
-1 -1 -1 -1 -1 -1 0 0 -1 1 1 -1 -1 -1 -1 
-1 -1 -1 -1 -1 -1 0 0 -1 1 1 -1 -1 -1 -1 
-1 -1 -1 -1 -1 -1 0 0 -1 1 1 -1 -1 -1 -1 
-1 -1 -1 -1 -1 -1 0 0 -1 1 1 -1 -1 -1 -1 
-1 -1 -1 -1 -1 -1 0 0 -1 1 1 -1 -1 -1 -1 
END
15 1
8 6
4 9
-1 -1 -1 -1 -1 -1 -1 0 0 -1 1 1 -1 -1 -1 
-1 -1 -1 -1 -1 -1 -1 0 0 -1 1 1 -1 -1 -1 
-1 -1 -1 -1 -1 -1 -1 0 0 -1 1 1 -1 -1 -1 
-1 -1 -1 -1 -1 -1 -1 0 0 -1 1 -1 -1 -1 -1 
-1 -1 -1 -1 -1 -1 -1 0 0 1 1 -1 -1 -1 -1 
-1 -1 -1 -1 -1 -1 -1 0 0 1 1 -1 -1 -1 -1 
-1 -1 -1 -1 -1 -1 -1 0 0 1 1 -1 -1 -1 -1 
-1 -1 -1 -1 -1 -1 -1 0 -1 1 1 -1 -1 -1 -1 
-1 -1 -1 -1 -1 -1 0 0 -1 1 1 -1 -1 -1 -1 
-1 -1 -1 -1 -1 -1 0 0 -1 1 1 -1 -1 -1 -1 
-1 -1 -1 -1 -1 -1 0 0 -1 1 1 -1 -1 -1 -1 
-1 -1 -1 -1 -1 -1 0 0 -1 1 1 -1 -1 -1 -1 
-1 -1 -1 -1 -1 -1 0 0 -1 1 1 -1 -1 -1 -1 
-1 -1 -1 -1 -1 -1 0 0 -1 1 1 -1 -1 -1 -1 
-1 -1 -1 -1 -1 -1 0 0 -1 1 1 -1 -1 -1 -1 
END
15 1
7 6
3 9
-1 -1 -1 -1 -1 -1 -1 0 0 -1 1 1 -1 -1 -1 
-1 -1 -1 -1 -1 -1 -1 0 0 -1 1 1 -1 -1 -1 
-1 -1 -1 -1 -1 -1 -1 0 0 -1 1 1 -1 -1 -1 
-1 -1 -1 -1 -1 -1 -1 0 0 1 1 -1 -1 -1 -1 
-1 -1 -1 -1 -1 -1 -1 0 0 1 1 -1 -1 -1 -1 
-1 -1 -1 -1 -1 -1 -1 0 0 1 1 -1 -1 -1 -1 
-1 -1 -1 -1 -1 -1 -1 0 0 1 1 -1 -1 -1 -1 
-1 -1 -1 -1 -1 -1 0 0 -1 1 1 -1 -1 -1 -1 
-1 -1 -1 -1 -1 -1 0 0 -1 1 1 -1 -1 -1 -1 
-1 -1 -1 -1 -1 -1 0 0 -1 1 1 -1 -1 -1 -1 
-1 -1 -1 -1 -1 -1 0 0 -1 1 1 -1 -1 -1 -1 
-1 -1 -1 -1 -1 -1 0 0 -1 1 1 -1 -1 -1 -1 
-1 -1 -1 -1 -1 -1 0 0 -1 1 1 -1 -1 -1 -1 
-1 -1 -1 -1 -1 -1 0 0 -1 1 1 -1 -1 -1 -1 
-1 -1 -1 -1 -1 -1 0 0 -1 1 1 -1 -1 -1 -1 
END
15 1
6 6
2 9
-1 -1 -1 -1 -1 -1 -1 0 0 -1 1 1 -1 -1 -1 
-1 -1 -1 -1 -1 -1 -1 0 0 -1 1 1 -1 -1 -1 
-1 -1 -1 -1 -1 -1 -1 0 0 1 1 1 -1 -1 -1 
-1 -1 -1 -1 -1 -1 -1 0 0 1 1 -1 -1 -1 -1 
-1 -1 -1 -1 -1 -1 -1 0 0 1 1 -1 -1 -1 -1 
-1 -1 -1 -1 -1 -1 -1 0 0 1 1 -1 -1 -1 -1 
-1 -1 -1 -1 -1 -1 0 0 0 1 1 -1 -1 -1 -1 
-1 -1 -1 -1 -1 -1 0 0 -1 1 1 -1 -1 -1 -1 
-1 -1 -1 -1 -1 -1 0 0 -1 1 1 -1 -1 -1 -1 
-1 -1 -1 -1 -1 -1 0 0 -1 1 1 -1 -1 -1 -1 
-1 -1 -1 -1 -1 -1 0 0 -1 1 1 -1 -1 -1 -1 
-1 -1 -1 -1 -1 -1 0 0 -1 1 1 -1 -1 -1 -1 
-1 -1 -1 -1 -1 -1 0 0 -1 1 1 -1 -1 -1 -1 
-1 -1 -1 -1 -1 -1 0 0 -1 1 1 -1 -1 -1 -1 
-1 -1 -1 -1 -1 -1 0 0 -1 1 1 -1 -1 -1 -1 
END
15 1
5 6
1 9
-1 -1 -1 -1 -1 -1 -1 0 0 -1 1 1 -1 -1 -1 
-1 -1 -1 -1 -1 -1 -1 0 0 1 1 1 -1 -1 -1 
-1 -1 -1 -1 -1 -1 -1 0 0 1 1 1 -1 -1 -1 
-1 -1 -1 -1 -1 -1 -1 0 0 1 1 -1 -1 -1 -1 
-1 -1 -1 -1 -1 -1 -1 0 0 1 1 -1 -1 -1 -1 
-1 -1 -1 -1 -1 -1 0 0 0 1 1 -1 -1 -1 -1 
-1 -1 -1 -1 -1 -1 0 0 0 1 1 -1 -1 -1 -1 
-1 -1 -1 -1 -1 -1 0 0 -1 1 1 -1 -1 -1 -1 
-1 -1 -1 -1 -1 -1 0 0 -1 1 1 -1 -1 -1 -1 
-1 -1 -1 -1 -1 -1 0 0 -1 1 1 -1 -1 -1 -1 
-1 -1 -1 -1 -1 -1 0 0 -1 1 1 -1 -1 -1 -1 
-1 -1 -1 -1 -1 -1 0 0 -1 1 1 -1 -1 -1 -1 
-1 -1 -1 -1 -1 -1 0 0 -1 1 1 -1 -1 -1 -1 
-1 -1 -1 -1 -1 -1 0 0 -1 1 1 -1 -1 -1 -1 
-1 -1 -1 -1 -1 -1 0 0 -1 1 1 -1 -1 -1 -1 
END
15 1
4 6
0 9
-1 -1 -1 -1 -1 -1 -1 0 0 1 1 1 -1 -1 -1 
-1 -1 -1 -1 -1 -1 -1 0 0 1 1 1 -1 -1 -1 
-1 -1 -1 -1 -1 -1 -1 0 0 1 1 1 -1 -1 -1 
-1 -1 -1 -1 -1 -1 -1 0 0 1 1 -1 -1 -1 -1 
-1 -1 -1 -1 -1 -1 0 0 0 1 1 -1 -1 -1 -1 
-1 -1 -1 -1 -1 -1 0 0 0 1 1 -1 -1 -1 -1 
-1 -1 -1 -1 -1 -1 0 0 0 1 1 -1 -1 -1 -1 
-1 -1 -1 -1 -1 -1 0 0 -1 1 1 -1 -1 -1 -1 
-1 -1 -1 -1 -1 -1 0 0 -1 1 1 -1 -1 -1 -1 
-1 -1 -1 -1 -1 -1 0 0 -1 1 1 -1 -1 -1 -1 
-1 -1 -1 -1 -1 -1 0 0 -1 1 1 -1 -1 -1 -1 
-1 -1 -1 -1 -1 -1 0 0 -1 1 1 -1 -1 -1 -1 
-1 -1 -1 -1 -1 -1 0 0 -1 1 1 -1 -1 -1 -1 
-1 -1 -1 -1 -1 -1 0 0 -1 1 1 -1 -1 -1 -1 
-1 -1 -1 -1 -1 -1 0 0 -1 1 1 -1 -1 -1 -1 
END
