15 1
13 1
9 4
-1 -1 -1 -1 -1 -1 -1 -1 -1 -1 -1 -1 -1 -1 -1 
-1 -1 -1 -1 -1 -1 -1 -1 -1 -1 -1 -1 -1 -1 -1 
-1 -1 -1 -1 -1 -1 -1 -1 -1 -1 -1 -1 -1 -1 -1 
-1 -1 -1 -1 -1 -1 -1 -1 -1 -1 -1 -1 -1 -1 -1 
-1 -1 -1 -1 -1 -1 -1 -1 -1 -1 -1 -1 -1 -1 -1 
-1 -1 -1 -1 -1 -1 -1 -1 -1 -1 -1 -1 -1 -1 -1 
-1 -1 -1 -1 -1 -1 -1 -1 -1 -1 -1 -1 -1 -1 -1 
-1 -1 -1 -1 -1 -1 -1 -1 -1 -1 -1 -1 -1 -1 -1 
-1 -1 -1 -1 -1 -1 -1 -1 -1 -1 -1 -1 -1 -1 -1 
-1 -1 -1 -1 1 -1 -1 -1 -1 -1 -1 -1 -1 -1 -1 
-1 -1 -1 -1 -1 -1 -1 -1 -1 -1 -1 -1 -1 -1 -1 
-1 -1 -1 -1 -1 -1 -1 -1 -1 -1 -1 -1 -1 -1 -1 
-1 -1 -1 -1 -1 -1 -1 -1 -1 -1 -1 -1 -1 -1 -1 
-1 0 -1 -1 -1 -1 -1 -1 -1 -1 -1 -1 -1 -1 -1 
-1 -1 -1 -1 -1 -1 -1 -1 -1 -1 -1 -1 -1 -1 -1 
END
15 1
12 1
8 4
-1 -1 -1 -1 -1 -1 -1 -1 -1 -1 -1 -1 -1 -1 -1 
-1 -1 -1 -1 -1 -1 -1 -1 -1 -1 -1 -1 -1 -1 -1 
-1 -1 -1 -1 -1 -1 -1 -1 -1 -1 -1 -1 -1 -1 -1 
-1 -1 -1 -1 -1 -1 -1 -1 -1 -1 -1 -1 -1 -1 -1 
-1 -1 -1 -1 -1 -1 -1 -1 -1 -1 -1 -1 -1 -1 -1 
-1 -1 -1 -1 -1 -1 -1 -1 -1 -1 -1 -1 -1 -1 -1 
-1 -1 -1 -1 -1 -1 -1 -1 -1 -1 -1 -1 -1 -1 -1 
-1 -1 -1 -1 -1 -1 -1 -1 -1 -1 -1 -1 -1 -1 -1 
-1 -1 -1 -1 1 -1 -1 -1 -1 -1 -1 -1 -1 -1 -1 
-1 -1 -1 -1 1 -1 -1 -1 -1 -1 -1 -1 -1 -1 -1 
-1 -1 -1 -1 -1 -1 -1 -1 -1 -1 -1 -1 -1 -1 -1 
-1 -1 -1 -1 -1 -1 -1 -1 -1 -1 -1 -1 -1 -1 -1 
-1 0 -1 -1 -1 -1 -1 -1 -1 -1 -1 -1 -1 -1 -1 
-1 0 -1 -1 -1 -1 -1 -1 -1 -1 -1 -1 -1 -1 -1 
-1 -1 -1 -1 -1 -1 -1 -1 -1 -1 -1 -1 -1 -1 -1 
END
15 1
11 1
7 4
-1 -1 -1 -1 -1 -1 -1 -1 -1 -1 -1 -1 -1 -1 -1 
-1 -1 -1 -1 -1 -1 -1 -1 -1 -1 -1 -1 -1 -1 -1 
-1 -1 -1 -1 -1 -1 -1 -1 -1 -1 -1 -1 -1 -1 -1 
-1 -1 -1 -1 -1 -1 -1 -1 -1 -1 -1 -1 -1 -1 -1 
-1 -1 -1 -1 -1 -1 -1 -1 -1 -1 -1 -1 -1 -1 -1 
-1 -1 -1 -1 -1 -1 -1 -1 -1 -1 -1 -1 -1 -1 -1 
-1 -1 -1 -1 -1 -1 -1 -1 -1 -1 -1 -1 -1 -1 -1 
-1 -1 -1 -1 1 -1 -1 -1 -1 -1 -1 -1 -1 -1 -1 
-1 -1 -1 -1 1 -1 -1 -1 -1 -1 -1 -1 -1 -1 -1 
-1 -1 -1 -1 1 -1 -1 -1 -1 -1 -1 -1 -1 -1 -1 
-1 -1 -1 -1 -1 -1 -1 -1 -1 -1 -1 -1 -1 -1 -1 
-1 0 -1 -1 -1 -1 -1 -1 -1 -1 -1 -1 -1 -1 -1 
-1 0 -1 -1 -1 -1 -1 -1 -1 -1 -1 -1 -1 -1 -1 
-1 0 -1 -1 -1 -1 -1 -1 -1 -1 -1 -1 -1 -1 -1 
-1 -1 -1 -1 -1 -1 -1 -1 -1 -1 -1 -1 -1 -1 -1 
END
15 1
10 1
6 4
-1 -1 -1 -1 -1 -1 -1 -1 -1 -1 -1 -1 -1 -1 -1 
-1 -1 -1 -1 -1 -1 -1 -1 -1 -1 -1 -1 -1 -1 -1 
-1 -1 -1 -1 -1 -1 -1 -1 -1 -1 -1 -1 -1 -1 -1 
-1 -1 -1 -1 -1 -1 -1 -1 -1 -1 -1 -1 -1 -1 -1 
-1 -1 -1 -1 -1 -1 -1 -1 -1 -1 -1 -1 -1 -1 -1 
-1 -1 -1 -1 -1 -1 -1 -1 -1 -1 -1 -1 -1 -1 -1 
-1 -1 -1 -1 1 -1 -1 -1 -1 -1 -1 -1 -1 -1 -1 
-1 -1 -1 -1 1 -1 -1 -1 -1 -1 -1 -1 -1 -1 -1 
-1 -1 -1 -1 1 -1 -1 -1 -1 -1 -1 -1 -1 -1 -1 
-1 -1 -1 -1 1 -1 -1 -1 -1 -1 -1 -1 -1 -1 -1 
-1 0 -1 -1 -1 -1 -1 -1 -1 -1 -1 -1 -1 -1 -1 
-1 0 -1 -1 -1 -1 -1 -1 -1 -1 -1 -1 -1 -1 -1 
-1 0 -1 -1 -1 -1 -1 -1 -1 -1 -1 -1 -1 -1 -1 
-1 0 -1 -1 -1 -1 -1 -1 -1 -1 -1 -1 -1 -1 -1 
-1 -1 -1 -1 -1 -1 -1 -1 -1 -1 -1 -1 -1 -1 -1 
END
15 1
9 1
5 4
-1 -1 -1 -1 -1 -1 -1 -1 -1 -1 -1 -1 -1 -1 -1 
-1 -1 -1 -1 -1 -1 -1 -1 -1 -1 -1 -1 -1 -1 -1 
-1 -1 -1 -1 -1 -1 -1 -1 -1 -1 -1 -1 -1 -1 -1 
-1 -1 -1 -1 -1 -1 -1 -1 -1 -1 -1 -1 -1 -1 -1 
-1 -1 -1 -1 -1 -1 -1 -1 -1 -1 -1 -1 -1 -1 -1 
-1 -1 -1 -1 1 -1 -1 -1 -1 -1 -1 -1 -1 -1 -1 
-1 -1 -1 -1 1 -1 -1 -1 -1 -1 -1 -1 -1 -1 -1 
-1 -1 -1 -1 1 -1 -1 -1 -1 -1 -1 -1 -1 -1 -1 
-1 -1 -1 -1 1 -1 -1 -1 -1 -1 -1 -1 -1 -1 -1 
-1 0 -1 -1 1 -1 -1 -1 -1 -1 -1 -1 -1 -1 -1 
-1 0 -1 -1 -1 -1 -1 -1 -1 -1 -1 -1 -1 -1 -1 
-1 0 -1 -1 -1 -1 -1 -1 -1 -1 -1 -1 -1 -1 -1 
-1 0 -1 -1 -1 -1 -1 -1 -1 -1 -1 -1 -1 -1 -1 
-1 0 -1 -1 -1 -1 -1 -1 -1 -1 -1 -1 -1 -1 -1 
-1 -1 -1 -1 -1 -1 -1 -1 -1 -1 -1 -1 -1 -1 -1 
END
15 1
8 1
4 4
-1 -1 -1 -1 -1 -1 -1 -1 -1 -1 -1 -1 -1 -1 -1 
-1 -1 -1 -1 -1 -1 -1 -1 -1 -1 -1 -1 -1 -1 -1 
-1 -1 -1 -1 -1 -1 -1 -1 -1 -1 -1 -1 -1 -1 -1 
-1 -1 -1 -1 -1 -1 -1 -1 -1 -1 -1 -1 -1 -1 -1 
-1 -1 -1 -1 1 -1 -1 -1 -1 -1 -1 -1 -1 -1 -1 
-1 -1 -1 -1 1 -1 -1 -1 -1 -1 -1 -1 -1 -1 -1 
-1 -1 -1 -1 1 -1 -1 -1 -1 -1 -1 -1 -1 -1 -1 
-1 -1 -1 -1 1 -1 -1 -1 -1 -1 -1 -1 -1 -1 -1 
-1 0 -1 -1 1 -1 -1 -1 -1 -1 -1 -1 -1 -1 -1 
-1 0 -1 -1 1 -1 -1 -1 -1 -1 -1 -1 -1 -1 -1 
-1 0 -1 -1 -1 -1 -1 -1 -1 -1 -1 -1 -1 -1 -1 
-1 0 -1 -1 -1 -1 -1 -1 -1 -1 -1 -1 -1 -1 -1 
-1 0 -1 -1 -1 -1 -1 -1 -1 -1 -1 -1 -1 -1 -1 
-1 0 -1 -1 -1 -1 -1 -1 -1 -1 -1 -1 -1 -1 -1 
-1 -1 -1 -1 -1 -1 -1 -1 -1 -1 -1 -1 -1 -1 -1 
END
15 1
7 1
3 4
-1 -1 -1 -1 -1 -1 -1 -1 -1 -1 -1 -1 -1 -1 -1 
-1 -1 -1 -1 -1 -1 -1 -1 -1 -1 -1 -1 -1 -1 -1 
-1 -1 -1 -1 -1 -1 -1 -1 -1 -1 -1 -1 -1 -1 -1 
-1 -1 -1 -1 1 -1 -1 -1 -1 -1 -1 -1 -1 -1 -1 
-1 -1 -1 -1 1 -1 -1 -1 -1 -1 -1 -1 -1 -1 -1 
-1 -1 -1 -1 1 -1 -1 -1 -1 -1 -1 -1 -1 -1 -1 
-1 -1 -1 -1 1 -1 -1 -1 -1 -1 -1 -1 -1 -1 -1 
-1 0 -1 -1 1 -1 -1 -1 -1 -1 -1 -1 -1 -1 -1 
-1 0 -1 -1 1 -1 -1 -1 -1 -1 -1 -1 -1 -1 -1 
-1 0 -1 -1 1 -1 -1 -1 -1 -1 -1 -1 -1 -1 -1 
-1 0 -1 -1 -1 -1 -1 -1 -1 -1 -1 -1 -1 -1 -1 
-1 0 -1 -1 -1 -1 -1 -1 -1 -1 -1 -1 -1 -1 -1 
-1 0 -1 -1 -1 -1 -1 -1 -1 -1 -1 -1 -1 -1 -1 
-1 0 -1 -1 -1 -1 -1 -1 -1 -1 -1 -1 -1 -1 -1 
-1 -1 -1 -1 -1 -1 -1 -1 -1 -1 -1 -1 -1 -1 -1 
END
15 1
6 1
2 4
-1 -1 -1 -1 -1 -1 -1 -1 -1 -1 -1 -1 -1 -1 -1 
-1 -1 -1 -1 -1 -1 -1 -1 -1 -1 -1 -1 -1 -1 -1 
-1 -1 -1 -1 1 -1 -1 -1 -1 -1 -1 -1 -1 -1 -1 
-1 -1 -1 -1 1 -1 -1 -1 -1 -1 -1 -1 -1 -1 -1 
-1 -1 -1 -1 1 -1 -1 -1 -1 -1 -1 -1 -1 -1 -1 
-1 -1 -1 -1 1 -1 -1 -1 -1 -1 -1 -1 -1 -1 -1 
-1 0 -1 -1 1 -1 -1 -1 -1 -1 -1 -1 -1 -1 -1 
-1 0 -1 -1 1 -1 -1 -1 -1 -1 -1 -1 -1 -1 -1 
-1 0 -1 -1 1 -1 -1 -1 -1 -1 -1 -1 -1 -1 -1 
-1 0 -1 -1 1 -1 -1 -1 -1 -1 -1 -1 -1 -1 -1 
-1 0 -1 -1 -1 -1 -1 -1 -1 -1 -1 -1 -1 -1 -1 
-1 0 -1 -1 -1 -1 -1 -1 -1 -1 -1 -1 -1 -1 -1 
-1 0 -1 -1 -1 -1 -1 -1 -1 -1 -1 -1 -1 -1 -1 
-1 0 -1 -1 -1 -1 -1 -1 -1 -1 -1 -1 -1 -1 -1 
-1 -1 -1 -1 -1 -1 -1 -1 -1 -1 -1 -1 -1 -1 -1 
END
15 1
5 1
1 4
-1 -1 -1 -1 -1 -1 -1 -1 -1 -1 -1 -1 -1 -1 -1 
-1 -1 -1 -1 1 -1 -1 -1 -1 -1 -1 -1 -1 -1 -1 
-1 -1 -1 -1 1 -1 -1 -1 -1 -1 -1 -1 -1 -1 -1 
-1 -1 -1 -1 1 -1 -1 -1 -1 -1 -1 -1 -1 -1 -1 
-1 -1 -1 -1 1 -1 -1 -1 -1 -1 -1 -1 -1 -1 -1 
-1 0 -1 -1 1 -1 -1 -1 -1 -1 -1 -1 -1 -1 -1 
-1 0 -1 -1 1 -1 -1 -1 -1 -1 -1 -1 -1 -1 -1 
-1 0 -1 -1 1 -1 -1 -1 -1 -1 -1 -1 -1 -1 -1 
-1 0 -1 -1 1 -1 -1 -1 -1 -1 -1 -1 -1 -1 -1 
-1 0 -1 -1 1 -1 -1 -1 -1 -1 -1 -1 -1 -1 -1 
-1 0 -1 -1 -1 -1 -1 -1 -1 -1 -1 -1 -1 -1 -1 
-1 0 -1 -1 -1 -1 -1 -1 -1 -1 -1 -1 -1 -1 -1 
-1 0 -1 -1 -1 -1 -1 -1 -1 -1 -1 -1 -1 -1 -1 
-1 0 -1 -1 -1 -1 -1 -1 -1 -1 -1 -1 -1 -1 -1 
-1 -1 -1 -1 -1 -1 -1 -1 -1 -1 -1 -1 -1 -1 -1 
END
15 1
4 1
0 4
-1 -1 -1 -1 1 -1 -1 -1 -1 -1 -1 -1 -1 -1 -1 
-1 -1 -1 -1 1 -1 -1 -1 -1 -1 -1 -1 -1 -1 -1 
-1 -1 -1 -1 1 -1 -1 -1 -1 -1 -1 -1 -1 -1 -1 
-1 -1 -1 -1 1 -1 -1 -1 -1 -1 -1 -1 -1 -1 -1 
-1 0 -1 -1 1 -1 -1 -1 -1 -1 -1 -1 -1 -1 -1 
-1 0 -1 -1 1 -1 -1 -1 -1 -1 -1 -1 -1 -1 -1 
-1 0 -1 -1 1 -1 -1 -1 -1 -1 -1 -1 -1 -1 -1 
-1 0 -1 -1 1 -1 -1 -1 -1 -1 -1 -1 -1 -1 -1 
-1 0 -1 -1 1 -1 -1 -1 -1 -1 -1 -1 -1 -1 -1 
-1 0 -1 -1 1 -1 -1 -1 -1 -1 -1 -1 -1 -1 -1 
-1 0 -1 -1 -1 -1 -1 -1 -1 -1 -1 -1 -1 -1 -1 
-1 0 -1 -1 -1 -1 -1 -1 -1 -1 -1 -1 -1 -1 -1 
-1 0 -1 -1 -1 -1 -1 -1 -1 -1 -1 -1 -1 -1 -1 
-1 0 -1 -1 -1 -1 -1 -1 -1 -1 -1 -1 -1 -1 -1 
-1 -1 -1 -1 -1 -1 -1 -1 -1 -1 -1 -1 -1 -1 -1 
END
15 1
3 1
0 3
-1 -1 -1 1 1 -1 -1 -1 -1 -1 -1 -1 -1 -1 -1 
-1 -1 -1 -1 1 -1 -1 -1 -1 -1 -1 -1 -1 -1 -1 
-1 -1 -1 -1 1 -1 -1 -1 -1 -1 -1 -1 -1 -1 -1 
-1 0 -1 -1 1 -1 -1 -1 -1 -1 -1 -1 -1 -1 -1 
-1 0 -1 -1 1 -1 -1 -1 -1 -1 -1 -1 -1 -1 -1 
-1 0 -1 -1 1 -1 -1 -1 -1 -1 -1 -1 -1 -1 -1 
-1 0 -1 -1 1 -1 -1 -1 -1 -1 -1 -1 -1 -1 -1 
-1 0 -1 -1 1 -1 -1 -1 -1 -1 -1 -1 -1 -1 -1 
-1 0 -1 -1 1 -1 -1 -1 -1 -1 -1 -1 -1 -1 -1 
-1 0 -1 -1 1 -1 -1 -1 -1 -1 -1 -1 -1 -1 -1 
-1 0 -1 -1 -1 -1 -1 -1 -1 -1 -1 -1 -1 -1 -1 
-1 0 -1 -1 -1 -1 -1 -1 -1 -1 -1 -1 -1 -1 -1 
-1 0 -1 -1 -1 -1 -1 -1 -1 -1 -1 -1 -1 -1 -1 
-1 0 -1 -1 -1 -1 -1 -1 -1 -1 -1 -1 -1 -1 -1 
-1 -1 -1 -1 -1 -1 -1 -1 -1 -1 -1 -1 -1 -1 -1 
END
15 1
2 1
1 3
-1 -1 -1 1 1 -1 -1 -1 -1 -1 -1 -1 -1 -1 -1 
-1 -1 -1 1 1 -1 -1 -1 -1 -1 -1 -1 -1 -1 -1 
-1 0 -1 -1 1 -1 -1 -1 -1 -1 -1 -1 -1 -1 -1 
-1 0 -1 -1 1 -1 -1 -1 -1 -1 -1 -1 -1 -1 -1 
-1 0 -1 -1 1 -1 -1 -1 -1 -1 -1 -1 -1 -1 -1 
-1 0 -1 -1 1 -1 -1 -1 -1 -1 -1 -1 -1 -1 -1 
-1 0 -1 -1 1 -1 -1 -1 -1 -1 -1 -1 -1 -1 -1 
-1 0 -1 -1 1 -1 -1 -1 -1 -1 -1 -1 -1 -1 -1 
-1 0 -1 -1 1 -1 -1 -1 -1 -1 -1 -1 -1 -1 -1 
-1 0 -1 -1 1 -1 -1 -1 -1 -1 -1 -1 -1 -1 -1 
-1 0 -1 -1 -1 -1 -1 -1 -1 -1 -1 -1 -1 -1 -1 
-1 0 -1 -1 -1 -1 -1 -1 -1 -1 -1 -1 -1 -1 -1 
-1 0 -1 -1 -1 -1 -1 -1 -1 -1 -1 -1 -1 -1 -1 
-1 0 -1 -1 -1 -1 -1 -1 -1 -1 -1 -1 -1 -1 -1 
-1 -1 -1 -1 -1 -1 -1 -1 -1 -1 -1 -1 -1 -1 -1 
END
15 1
1 1
2 3
-1 -1 -1 1 1 -1 -1 -1 -1 -1 -1 -1 -1 -1 -1 
-1 0 -1 1 1 -1 -1 -1 -1 -1 -1 -1 -1 -1 -1 
-1 0 -1 1 1 -1 -1 -1 -1 -1 -1 -1 -1 -1 -1 
-1 0 -1 -1 1 -1 -1 -1 -1 -1 -1 -1 -1 -1 -1 
-1 0 -1 -1 1 -1 -1 -1 -1 -1 -1 -1 -1 -1 -1 
-1 0 -1 -1 1 -1 -1 -1 -1 -1 -1 -1 -1 -1 -1 
-1 0 -1 -1 1 -1 -1 -1 -1 -1 -1 -1 -1 -1 -1 
-1 0 -1 -1 1 -1 -1 -1 -1 -1 -1 -1 -1 -1 -1 
-1 0 -1 -1 1 -1 -1 -1 -1 -1 -1 -1 -1 -1 -1 
-1 0 -1 -1 1 -1 -1 -1 -1 -1 -1 -1 -1 -1 -1 
-1 0 -1 -1 -1 -1 -1 -1 -1 -1 -1 -1 -1 -1 -1 
-1 0 -1 -1 -1 -1 -1 -1 -1 -1 -1 -1 -1 -1 -1 
-1 0 -1 -1 -1 -1 -1 -1 -1 -1 -1 -1 -1 -1 -1 
-1 0 -1 -1 -1 -1 -1 -1 -1 -1 -1 -1 -1 -1 -1 
-1 -1 -1 -1 -1 -1 -1 -1 -1 -1 -1 -1 -1 -1 -1 
END
15 1
0 1
3 3
-1 0 -1 1 1 -1 -1 -1 -1 -1 -1 -1 -1 -1 -1 
-1 0 -1 1 1 -1 -1 -1 -1 -1 -1 -1 -1 -1 -1 
-1 0 -1 1 1 -1 -1 -1 -1 -1 -1 -1 -1 -1 -1 
-1 0 -1 1 1 -1 -1 -1 -1 -1 -1 -1 -1 -1 -1 
-1 0 -1 -1 1 -1 -1 -1 -1 -1 -1 -1 -1 -1 -1 
-1 0 -1 -1 1 -1 -1 -1 -1 -1 -1 -1 -1 -1 -1 
-1 0 -1 -1 1 -1 -1 -1 -1 -1 -1 -1 -1 -1 -1 
-1 0 -1 -1 1 -1 -1 -1 -1 -1 -1 -1 -1 -1 -1 
-1 0 -1 -1 1 -1 -1 -1 -1 -1 -1 -1 -1 -1 -1 
-1 0 -1 -1 1 -1 -1 -1 -1 -1 -1 -1 -1 -1 -1 
-1 0 -1 -1 -1 -1 -1 -1 -1 -1 -1 -1 -1 -1 -1 
-1 0 -1 -1 -1 -1 -1 -1 -1 -1 -1 -1 -1 -1 -1 
-1 0 -1 -1 -1 -1 -1 -1 -1 -1 -1 -1 -1 -1 -1 
-1 0 -1 -1 -1 -1 -1 -1 -1 -1 -1 -1 -1 -1 -1 
-1 -1 -1 -1 -1 -1 -1 -1 -1 -1 -1 -1 -1 -1 -1 
END
15 1
0 0
4 3
0 0 -1 1 1 -1 -1 -1 -1 -1 -1 -1 -1 -1 -1 
-1 0 -1 1 1 -1 -1 -1 -1 -1 -1 -1 -1 -1 -1 
-1 0 -1 1 1 -1 -1 -1 -1 -1 -1 -1 -1 -1 -1 
-1 0 -1 1 1 -1 -1 -1 -1 -1 -1 -1 -1 -1 -1 
-1 0 -1 1 1 -1 -1 -1 -1 -1 -1 -1 -1 -1 -1 
-1 0 -1 -1 1 -1 -1 -1 -1 -1 -1 -1 -1 -1 -1 
-1 0 -1 -1 1 -1 -1 -1 -1 -1 -1 -1 -1 -1 -1 
-1 0 -1 -1 1 -1 -1 -1 -1 -1 -1 -1 -1 -1 -1 
-1 0 -1 -1 1 -1 -1 -1 -1 -1 -1 -1 -1 -1 -1 
-1 0 -1 -1 1 -1 -1 -1 -1 -1 -1 -1 -1 -1 -1 
-1 0 -1 -1 -1 -1 -1 -1 -1 -1 -1 -1 -1 -1 -1 
-1 0 -1 -1 -1 -1 -1 -1 -1 -1 -1 -1 -1 -1 -1 
-1 0 -1 -1 -1 -1 -1 -1 -1 -1 -1 -1 -1 -1 -1 
-1 0 -1 -1 -1 -1 -1 -1 -1 -1 -1 -1 -1 -1 -1 
-1 -1 -1 -1 -1 -1 -1 -1 -1 -1 -1 -1 -1 -1 -1 
END
15 1
1 0
5 3
0 0 -1 1 1 -1 -1 -1 -1 -1 -1 -1 -1 -1 -1 
0 0 -1 1 1 -1 -1 -1 -1 -1 -1 -1 -1 -1 -1 
-1 0 -1 1 1 -1 -1 -1 -1 -1 -1 -1 -1 -1 -1 
-1 0 -1 1 1 -1 -1 -1 -1 -1 -1 -1 -1 -1 -1 
-1 0 -1 1 1 -1 -1 -1 -1 -1 -1 -1 -1 -1 -1 
-1 0 -1 1 1 -1 -1 -1 -1 -1 -1 -1 -1 -1 -1 
-1 0 -1 -1 1 -1 -1 -1 -1 -1 -1 -1 -1 -1 -1 
-1 0 -1 -1 1 -1 -1 -1 -1 -1 -1 -1 -1 -1 -1 
-1 0 -1 -1 1 -1 -1 -1 -1 -1 -1 -1 -1 -1 -1 
-1 0 -1 -1 1 -1 -1 -1 -1 -1 -1 -1 -1 -1 -1 
-1 0 -1 -1 -1 -1 -1 -1 -1 -1 -1 -1 -1 -1 -1 
-1 0 -1 -1 -1 -1 -1 -1 -1 -1 -1 -1 -1 -1 -1 
-1 0 -1 -1 -1 -1 -1 -1 -1 -1 -1 -1 -1 -1 -1 
-1 0 -1 -1 -1 -1 -1 -1 -1 -1 -1 -1 -1 -1 -1 
-1 -1 -1 -1 -1 -1 -1 -1 -1 -1 -1 -1 -1 -1 -1 
END
15 1
2 0
6 3
0 0 -1 1 1 -1 -1 -1 -1 -1 -1 -1 -1 -1 -1 
0 0 -1 1 1 -1 -1 -1 -1 -1 -1 -1 -1 -1 -1 
0 0 -1 1 1 -1 -1 -1 -1 -1 -1 -1 -1 -1 -1 
-1 0 -1 1 1 -1 -1 -1 -1 -1 -1 -1 -1 -1 -1 
-1 0 -1 1 1 -1 -1 -1 -1 -1 -1 -1 -1 -1 -1 
-1 0 -1 1 1 -1 -1 -1 -1 -1 -1 -1 -1 -1 -1 
-1 0 -1 1 1 -1 -1 -1 -1 -1 -1 -1 -1 -1 -1 
-1 0 -1 -1 1 -1 -1 -1 -1 -1 -1 -1 -1 -1 -1 
-1 0 -1 -1 1 -1 -1 -1 -1 -1 -1 -1 -1 -1 -1 
-1 0 -1 -1 1 -1 -1 -1 -1 -1 -1 -1 -1 -1 -1 
-1 0 -1 -1 -1 -1 -1 -1 -1 -1 -1 -1 -1 -1 -1 
-1 0 -1 -1 -1 -1 -1 -1 -1 -1 -1 -1 -1 -1 -1 
-1 0 -1 -1 -1 -1 -1 -1 -1 -1 -1 -1 -1 -1 -1 
-1 0 -1 -1 -1 -1 -1 -1 -1 -1 -1 -1 -1 -1 -1 
-1 -1 -1 -1 -1 -1 -1 -1 -1 -1 -1 -1 -1 -1 -1 
END
15 1
3 0
7 3
0 0 -1 1 1 -1 -1 -1 -1 -1 -1 -1 -1 -1 -1 
0 0 -1 1 1 -1 -1 -1 -1 -1 -1 -1 -1 -1 -1 
0 0 -1 1 1 -1 -1 -1 -1 -1 -1 -1 -1 -1 -1 
0 0 -1 1 1 -1 -1 -1 -1 -1 -1 -1 -1 -1 -1 
-1 0 -1 1 1 -1 -1 -1 -1 -1 -1 -1 -1 -1 -1 
-1 0 -1 1 1 -1 -1 -1 -1 -1 -1 -1 -1 -1 -1 
-1 0 -1 1 1 -1 -1 -1 -1 -1 -1 -1 -1 -1 -1 
-1 0 -1 1 1 -1 -1 -1 -1 -1 -1 -1 -1 -1 -1 
-1 0 -1 -1 1 -1 -1 -1 -1 -1 -1 -1 -1 -1 -1 
-1 0 -1 -1 1 -1 -1 -1 -1 -1 -1 -1 -1 -1 -1 
-1 0 -1 -1 -1 -1 -1 -1 -1 -1 -1 -1 -1 -1 -1 
-1 0 -1 -1 -1 -1 -1 -1 -1 -1 -1 -1 -1 -1 -1 
-1 0 -1 -1 -1 -1 -1 -1 -1 -1 -1 -1 -1 -1 -1 
-1 0 -1 -1 -1 -1 -1 -1 -1 -1 -1 -1 -1 -1 -1 
-1 -1 -1 -1 -1 -1 -1 -1 -1 -1 -1 -1 -1 -1 -1 
END
15 1
4 0
8 3
0 0 -1 1 1 -1 -1 -1 -1 -1 -1 -1 -1 -1 -1 
0 0 -1 1 1 -1 -1 -1 -1 -1 -1 -1 -1 -1 -1 
0 0 -1 1 1 -1 -1 -1 -1 -1 -1 -1 -1 -1 -1 
0 0 -1 1 1 -1 -1 -1 -1 -1 -1 -1 -1 -1 -1 
0 0 -1 1 1 -1 -1 -1 -1 -1 -1 -1 -1 -1 -1 
-1 0 -1 1 1 -1 -1 -1 -1 -1 -1 -1 -1 -1 -1 
-1 0 -1 1 1 -1 -1 -1 -1 -1 -1 -1 -1 -1 -1 
-1 0 -1 1 1 -1 -1 -1 -1 -1 -1 -1 -1 -1 -1 
-1 0 -1 1 1 -1 -1 -1 -1 -1 -1 -1 -1 -1 -1 
-1 0 -1 -1 1 -1 -1 -1 -1 -1 -1 -1 -1 -1 -1 
-1 0 -1 -1 -1 -1 -1 -1 -1 -1 -1 -1 -1 -1 -1 
-1 0 -1 -1 -1 -1 -1 -1 -1 -1 -1 -1 -1 -1 -1 
-1 0 -1 -1 -1 -1 -1 -1 -1 -1 -1 -1 -1 -1 -1 
-1 0 -1 -1 -1 -1 -1 -1 -1 -1 -1 -1 -1 -1 -1 
-1 -1 -1 -1 -1 -1 -1 -1 -1 -1 -1 -1 -1 -1 -1 
END
15 1
5 0
9 3
0 0 -1 1 1 -1 -1 -1 -1 -1 -1 -1 -1 -1 -1 
0 0 -1 1 1 -1 -1 -1 -1 -1 -1 -1 -1 -1 -1 
0 0 -1 1 1 -1 -1 -1 -1 -1 -1 -1 -1 -1 -1 
0 0 -1 1 1 -1 -1 -1 -1 -1 -1 -1 -1 -1 -1 
0 0 -1 1 1 -1 -1 -1 -1 -1 -1 -1 -1 -1 -1 
0 0 -1 1 1 -1 -1 -1 -1 -1 -1 -1 -1 -1 -1 
-1 0 -1 1 1 -1 -1 -1 -1 -1 -1 -1 -1 -1 -1 
-1 0 -1 1 1 -1 -1 -1 -1 -1 -1 -1 -1 -1 -1 
-1 0 -1 1 1 -1 -1 -1 -1 -1 -1 -1 -1 -1 -1 
-1 0 -1 1 1 -1 -1 -1 -1 -1 -1 -1 -1 -1 -1 
-1 0 -1 -1 -1 -1 -1 -1 -1 -1 -1 -1 -1 -1 -1 
-1 0 -1 -1 -1 -1 -1 -1 -1 -1 -1 -1 -1 -1 -1 
-1 0 -1 -1 -1 -1 -1 -1 -1 -1 -1 -1 -1 -1 -1 
-1 0 -1 -1 -1 -1 -1 -1 -1 -1 -1 -1 -1 -1 -1 
-1 -1 -1 -1 -1 -1 -1 -1 -1 -1 -1 -1 -1 -1 -1 
END
15 1
6 0
10 3
0 0 -1 1 1 -1 -1 -1 -1 -1 -1 -1 -1 -1 -1 
0 0 -1 1 1 -1 -1 -1 -1 -1 -1 -1 -1 -1 -1 
0 0 -1 1 1 -1 -1 -1 -1 -1 -1 -1 -1 -1 -1 
0 0 -1 1 1 -1 -1 -1 -1 -1 -1 -1 -1 -1 -1 
0 0 -1 1 1 -1 -1 -1 -1 -1 -1 -1 -1 -1 -1 
0 0 -1 1 1 -1 -1 -1 -1 -1 -1 -1 -1 -1 -1 
0 0 -1 1 1 -1 -1 -1 -1 -1 -1 -1 -1 -1 -1 
-1 0 -1 1 1 -1 -1 -1 -1 -1 -1 -1 -1 -1 -1 
-1 0 -1 1 1 -1 -1 -1 -1 -1 -1 -1 -1 -1 -1 
-1 0 -1 1 1 -1 -1 -1 -1 -1 -1 -1 -1 -1 -1 
-1 0 -1 1 -1 -1 -1 -1 -1 -1 -1 -1 -1 -1 -1 
-1 0 -1 -1 -1 -1 -1 -1 -1 -1 -1 -1 -1 -1 -1 
-1 0 -1 -1 -1 -1 -1 -1 -1 -1 -1 -1 -1 -1 -1 
-1 0 -1 -1 -1 -1 -1 -1 -1 -1 -1 -1 -1 -1 -1 
-1 -1 -1 -1 -1 -1 -1 -1 -1 -1 -1 -1 -1 -1 -1 
END
15 1
7 0
11 3
0 0 -1 1 1 -1 -1 -1 -1 -1 -1 -1 -1 -1 -1 
0 0 -1 1 1 -1 -1 -1 -1 -1 -1 -1 -1 -1 -1 
0 0 -1 1 1 -1 -1 -1 -1 -1 -1 -1 -1 -1 -1 
0 0 -1 1 1 -1 -1 -1 -1 -1 -1 -1 -1 -1 -1 
0 0 -1 1 1 -1 -1 -1 -1 -1 -1 -1 -1 -1 -1 
0 0 -1 1 1 -1 -1 -1 -1 -1 -1 -1 -1 -1 -1 
0 0 -1 1 1 -1 -1 -1 -1 -1 -1 -1 -1 -1 -1 
0 0 -1 1 1 -1 -1 -1 -1 -1 -1 -1 -1 -1 -1 
-1 0 -1 1 1 -1 -1 -1 -1 -1 -1 -1 -1 -1 -1 
-1 0 -1 1 1 -1 -1 -1 -1 -1 -1 -1 -1 -1 -1 
-1 0 -1 1 -1 -1 -1 -1 -1 -1 -1 -1 -1 -1 -1 
-1 0 -1 1 -1 -1 -1 -1 -1 -1 -1 -1 -1 -1 -1 
-1 0 -1 -1 -1 -1 -1 -1 -1 -1 -1 -1 -1 -1 -1 
-1 0 -1 -1 -1 -1 -1 -1 -1 -1 -1 -1 -1 -1 -1 
-1 -1 -1 -1 -1 -1 -1 -1 -1 -1 -1 -1 -1 -1 -1 
END
15 1
8 0
12 3
0 0 -1 1 1 -1 -1 -1 -1 -1 -1 -1 -1 -1 -1 
0 0 -1 1 1 -1 -1 -1 -1 -1 -1 -1 -1 -1 -1 
0 0 -1 1 1 -1 -1 -1 -1 -1 -1 -1 -1 -1 -1 
0 0 -1 1 1 -1 -1 -1 -1 -1 -1 -1 -1 -1 -1 
0 0 -1 1 1 -1 -1 -1 -1 -1 -1 -1 -1 -1 -1 
0 0 -1 1 1 -1 -1 -1 -1 -1 -1 -1 -1 -1 -1 
0 0 -1 1 1 -1 -1 -1 -1 -1 -1 -1 -1 -1 -1 
0 0 -1 1 1 -1 -1 -1 -1 -1 -1 -1 -1 -1 -1 
0 0 -1 1 1 -1 -1 -1 -1 -1 -1 -1 -1 -1 -1 
-1 0 -1 1 1 -1 -1 -1 -1 -1 -1 -1 -1 -1 -1 
-1 0 -1 1 -1 -1 -1 -1 -1 -1 -1 -1 -1 -1 -1 
-1 0 -1 1 -1 -1 -1 -1 -1 -1 -1 -1 -1 -1 -1 
-1 0 -1 1 -1 -1 -1 -1 -1 -1 -1 -1 -1 -1 -1 
-1 0 -1 -1 -1 -1 -1 -1 -1 -1 -1 -1 -1 -1 -1 
-1 -1 -1 -1 -1 -1 -1 -1 -1 -1 -1 -1 -1 -1 -1 
END
15 1
9 0
13 3
0 0 -1 1 1 -1 -1 -1 -1 -1 -1 -1 -1 -1 -1 
0 0 -1 1 1 -1 -1 -1 -1 -1 -1 -1 -1 -1 -1 
0 0 -1 1 1 -1 -1 -1 -1 -1 -1 -1 -1 -1 -1 
0 0 -1 1 1 -1 -1 -1 -1 -1 -1 -1 -1 -1 -1 
0 0 -1 1 1 -1 -1 -1 -1 -1 -1 -1 -1 -1 -1 
0 0 -1 1 1 -1 -1 -1 -1 -1 -1 -1 -1 -1 -1 
0 0 -1 1 1 -1 -1 -1 -1 -1 -1 -1 -1 -1 -1 
0 0 -1 1 1 -1 -1 -1 -1 -1 -1 -1 -1 -1 -1 
0 0 -1 1 1 -1 -1 -1 -1 -1 -1 -1 -1 -1 -1 
0 0 -1 1 1 -1 -1 -1 -1 -1 -1 -1 -1 -1 -1 
-1 0 -1 1 -1 -1 -1 -1 -1 -1 -1 -1 -1 -1 -1 
-1 0 -1 1 -1 -1 -1 -1 -1 -1 -1 -1 -1 -1 -1 
-1 0 -1 1 -1 -1 -1 -1 -1 -1 -1 -1 -1 -1 -1 
-1 0 -1 1 -1 -1 -1 -1 -1 -1 -1 -1 -1 -1 -1 
-1 -1 -1 -1 -1 -1 -1 -1 -1 -1 -1 -1 -1 -1 -1 
END
15 1
10 0
14 3
0 0 -1 1 1 -1 -1 -1 -1 -1 -1 -1 -1 -1 -1 
0 0 -1 1 1 -1 -1 -1 -1 -1 -1 -1 -1 -1 -1 
0 0 -1 1 1 -1 -1 -1 -1 -1 -1 -1 -1 -1 -1 
0 0 -1 1 1 -1 -1 -1 -1 -1 -1 -1 -1 -1 -1 
0 0 -1 1 1 -1 -1 -1 -1 -1 -1 -1 -1 -1 -1 
0 0 -1 1 1 -1 -1 -1 -1 -1 -1 -1 -1 -1 -1 
0 0 -1 1 1 -1 -1 -1 -1 -1 -1 -1 -1 -1 -1 
0 0 -1 1 1 -1 -1 -1 -1 -1 -1 -1 -1 -1 -1 
0 0 -1 1 1 -1 -1 -1 -1 -1 -1 -1 -1 -1 -1 
0 0 -1 1 1 -1 -1 -1 -1 -1 -1 -1 -1 -1 -1 
0 0 -1 1 -1 -1 -1 -1 -1 -1 -1 -1 -1 -1 -1 
-1 0 -1 1 -1 -1 -1 -1 -1 -1 -1 -1 -1 -1 -1 
-1 0 -1 1 -1 -1 -1 -1 -1 -1 -1 -1 -1 -1 -1 
-1 0 -1 1 -1 -1 -1 -1 -1 -1 -1 -1 -1 -1 -1 
-1 -1 -1 1 -1 -1 -1 -1 -1 -1 -1 -1 -1 -1 -1 
END
15 1
11 0
14 2
0 0 -1 1 1 -1 -1 -1 -1 -1 -1 -1 -1 -1 -1 
0 0 -1 1 1 -1 -1 -1 -1 -1 -1 -1 -1 -1 -1 
0 0 -1 1 1 -1 -1 -1 -1 -1 -1 -1 -1 -1 -1 
0 0 -1 1 1 -1 -1 -1 -1 -1 -1 -1 -1 -1 -1 
0 0 -1 1 1 -1 -1 -1 -1 -1 -1 -1 -1 -1 -1 
0 0 -1 1 1 -1 -1 -1 -1 -1 -1 -1 -1 -1 -1 
0 0 -1 1 1 -1 -1 -1 -1 -1 -1 -1 -1 -1 -1 
0 0 -1 1 1 -1 -1 -1 -1 -1 -1 -1 -1 -1 -1 
0 0 -1 1 1 -1 -1 -1 -1 -1 -1 -1 -1 -1 -1 
0 0 -1 1 1 -1 -1 -1 -1 -1 -1 -1 -1 -1 -1 
0 0 -1 1 -1 -1 -1 -1 -1 -1 -1 -1 -1 -1 -1 
0 0 -1 1 -1 -1 -1 -1 -1 -1 -1 -1 -1 -1 -1 
-1 0 -1 1 -1 -1 -1 -1 -1 -1 -1 -1 -1 -1 -1 
-1 0 -1 1 -1 -1 -1 -1 -1 -1 -1 -1 -1 -1 -1 
-1 -1 1 1 -1 -1 -1 -1 -1 -1 -1 -1 -1 -1 -1 
END
15 1
12 0
13 2
0 0 -1 1 1 -1 -1 -1 -1 -1 -1 -1 -1 -1 -1 
0 0 -1 1 1 -1 -1 -1 -1 -1 -1 -1 -1 -1 -1 
0 0 -1 1 1 -1 -1 -1 -1 -1 -1 -1 -1 -1 -1 
0 0 -1 1 1 -1 -1 -1 -1 -1 -1 -1 -1 -1 -1 
0 0 -1 1 1 -1 -1 -1 -1 -1 -1 -1 -1 -1 -1 
0 0 -1 1 1 -1 -1 -1 -1 -1 -1 -1 -1 -1 -1 
0 0 -1 1 1 -1 -1 -1 -1 -1 -1 -1 -1 -1 -1 
0 0 -1 1 1 -1 -1 -1 -1 -1 -1 -1 -1 -1 -1 
0 0 -1 1 1 -1 -1 -1 -1 -1 -1 -1 -1 -1 -1 
0 0 -1 1 1 -1 -1 -1 -1 -1 -1 -1 -1 -1 -1 
0 0 -1 1 -1 -1 -1 -1 -1 -1 -1 -1 -1 -1 -1 
0 0 -1 1 -1 -1 -1 -1 -1 -1 -1 -1 -1 -1 -1 
0 0 -1 1 -1 -1 -1 -1 -1 -1 -1 -1 -1 -1 -1 
-1 0 1 1 -1 -1 -1 -1 -1 -1 -1 -1 -1 -1 -1 
-1 -1 1 1 -1 -1 -1 -1 -1 -1 -1 -1 -1 -1 -1 
END
15 1
13 0
12 2
0 0 -1 1 1 -1 -1 -1 -1 -1 -1 -1 -1 -1 -1 
0 0 -1 1 1 -1 -1 -1 -1 -1 -1 -1 -1 -1 -1 
0 0 -1 1 1 -1 -1 -1 -1 -1 -1 -1 -1 -1 -1 
0 0 -1 1 1 -1 -1 -1 -1 -1 -1 -1 -1 -1 -1 
0 0 -1 1 1 -1 -1 -1 -1 -1 -1 -1 -1 -1 -1 
0 0 -1 1 1 -1 -1 -1 -1 -1 -1 -1 -1 -1 -1 
0 0 -1 1 1 -1 -1 -1 -1 -1 -1 -1 -1 -1 -1 
0 0 -1 1 1 -1 -1 -1 -1 -1 -1 -1 -1 -1 -1 
0 0 -1 1 1 -1 -1 -1 -1 -1 -1 -1 -1 -1 -1 
0 0 -1 1 1 -1 -1 -1 -1 -1 -1 -1 -1 -1 -1 
0 0 -1 1 -1 -1 -1 -1 -1 -1 -1 -1 -1 -1 -1 
0 0 -1 1 -1 -1 -1 -1 -1 -1 -1 -1 -1 -1 -1 
0 0 1 1 -1 -1 -1 -1 -1 -1 -1 -1 -1 -1 -1 
0 0 1 1 -1 -1 -1 -1 -1 -1 -1 -1 -1 -1 -1 
-1 -1 1 1 -1 -1 -1 -1 -1 -1 -1 -1 -1 -1 -1 
END
15 1
14 0
11 2
0 0 -1 1 1 -1 -1 -1 -1 -1 -1 -1 -1 -1 -1 
0 0 -1 1 1 -1 -1 -1 -1 -1 -1 -1 -1 -1 -1 
0 0 -1 1 1 -1 -1 -1 -1 -1 -1 -1 -1 -1 -1 
0 0 -1 1 1 -1 -1 -1 -1 -1 -1 -1 -1 -1 -1 
0 0 -1 1 1 -1 -1 -1 -1 -1 -1 -1 -1 -1 -1 
0 0 -1 1 1 -1 -1 -1 -1 -1 -1 -1 -1 -1 -1 
0 0 -1 1 1 -1 -1 -1 -1 -1 -1 -1 -1 -1 -1 
0 0 -1 1 1 -1 -1 -1 -1 -1 -1 -1 -1 -1 -1 
0 0 -1 1 1 -1 -1 -1 -1 -1 -1 -1 -1 -1 -1 
0 0 -1 1 1 -1 -1 -1 -1 -1 -1 -1 -1 -1 -1 
0 0 -1 1 -1 -1 -1 -1 -1 -1 -1 -1 -1 -1 -1 
0 0 1 1 -1 -1 -1 -1 -1 -1 -1 -1 -1 -1 -1 
0 0 1 1 -1 -1 -1 -1 -1 -1 -1 -1 -1 -1 -1 
0 0 1 1 -1 -1 -1 -1 -1 -1 -1 -1 -1 -1 -1 
0 -1 1 1 -1 -1 -1 -1 -1 -1 -1 -1 -1 -1 -1 
END
15 1
14 1
10 2
0 0 -1 1 1 -1 -1 -1 -1 -1 -1 -1 -1 -1 -1 
0 0 -1 1 1 -1 -1 -1 -1 -1 -1 -1 -1 -1 -1 
0 0 -1 1 1 -1 -1 -1 -1 -1 -1 -1 -1 -1 -1 
0 0 -1 1 1 -1 -1 -1 -1 -1 -1 -1 -1 -1 -1 
0 0 -1 1 1 -1 -1 -1 -1 -1 -1 -1 -1 -1 -1 
0 0 -1 1 1 -1 -1 -1 -1 -1 -1 -1 -1 -1 -1 
0 0 -1 1 1 -1 -1 -1 -1 -1 -1 -1 -1 -1 -1 
0 0 -1 1 1 -1 -1 -1 -1 -1 -1 -1 -1 -1 -1 
0 0 -1 1 1 -1 -1 -1 -1 -1 -1 -1 -1 -1 -1 
0 0 -1 1 1 -1 -1 -1 -1 -1 -1 -1 -1 -1 -1 
0 0 1 1 -1 -1 -1 -1 -1 -1 -1 -1 -1 -1 -1 
0 0 1 1 -1 -1 -1 -1 -1 -1 -1 -1 -1 -1 -1 
0 0 1 1 -1 -1 -1 -1 -1 -1 -1 -1 -1 -1 -1 
0 0 1 1 -1 -1 -1 -1 -1 -1 -1 -1 -1 -1 -1 
0 0 1 1 -1 -1 -1 -1 -1 -1 -1 -1 -1 -1 -1 
END
