15 1
1 6
10 14
-1 -1 -1 -1 -1 -1 -1 -1 -1 -1 -1 -1 -1 -1 -1 
-1 -1 -1 -1 -1 -1 0 -1 -1 -1 -1 -1 -1 -1 -1 
-1 -1 -1 -1 -1 -1 -1 -1 -1 -1 -1 -1 -1 -1 -1 
-1 -1 -1 -1 -1 -1 -1 -1 -1 -1 -1 -1 -1 -1 -1 
-1 -1 -1 -1 -1 -1 -1 -1 -1 -1 -1 -1 -1 -1 -1 
-1 -1 -1 -1 -1 -1 -1 -1 -1 -1 -1 -1 -1 -1 -1 
-1 -1 -1 -1 -1 -1 -1 -1 -1 -1 -1 -1 -1 -1 -1 
-1 -1 -1 -1 -1 -1 -1 -1 -1 -1 -1 -1 -1 -1 -1 
-1 -1 -1 -1 -1 -1 -1 -1 -1 -1 -1 -1 -1 -1 -1 
-1 -1 -1 -1 -1 -1 -1 -1 -1 -1 -1 -1 -1 -1 -1 
-1 -1 -1 -1 -1 -1 -1 -1 -1 -1 -1 -1 -1 -1 1 
-1 -1 -1 -1 -1 -1 -1 -1 -1 -1 -1 -1 -1 -1 -1 
-1 -1 -1 -1 -1 -1 -1 -1 -1 -1 -1 -1 -1 -1 -1 
-1 -1 -1 -1 -1 -1 -1 -1 -1 -1 -1 -1 -1 -1 -1 
-1 -1 -1 -1 -1 -1 -1 -1 -1 -1 -1 -1 -1 -1 -1 
END
15 1
0 6
9 14
-1 -1 -1 -1 -1 -1 0 -1 -1 -1 -1 -1 -1 -1 -1 
-1 -1 -1 -1 -1 -1 0 -1 -1 -1 -1 -1 -1 -1 -1 
-1 -1 -1 -1 -1 -1 -1 -1 -1 -1 -1 -1 -1 -1 -1 
-1 -1 -1 -1 -1 -1 -1 -1 -1 -1 -1 -1 -1 -1 -1 
-1 -1 -1 -1 -1 -1 -1 -1 -1 -1 -1 -1 -1 -1 -1 
-1 -1 -1 -1 -1 -1 -1 -1 -1 -1 -1 -1 -1 -1 -1 
-1 -1 -1 -1 -1 -1 -1 -1 -1 -1 -1 -1 -1 -1 -1 
-1 -1 -1 -1 -1 -1 -1 -1 -1 -1 -1 -1 -1 -1 -1 
-1 -1 -1 -1 -1 -1 -1 -1 -1 -1 -1 -1 -1 -1 -1 
-1 -1 -1 -1 -1 -1 -1 -1 -1 -1 -1 -1 -1 -1 1 
-1 -1 -1 -1 -1 -1 -1 -1 -1 -1 -1 -1 -1 -1 1 
-1 -1 -1 -1 -1 -1 -1 -1 -1 -1 -1 -1 -1 -1 -1 
-1 -1 -1 -1 -1 -1 -1 -1 -1 -1 -1 -1 -1 -1 -1 
-1 -1 -1 -1 -1 -1 -1 -1 -1 -1 -1 -1 -1 -1 -1 
-1 -1 -1 -1 -1 -1 -1 -1 -1 -1 -1 -1 -1 -1 -1 
END
15 1
0 5
8 14
-1 -1 -1 -1 -1 0 0 -1 -1 -1 -1 -1 -1 -1 -1 
-1 -1 -1 -1 -1 -1 0 -1 -1 -1 -1 -1 -1 -1 -1 
-1 -1 -1 -1 -1 -1 -1 -1 -1 -1 -1 -1 -1 -1 -1 
-1 -1 -1 -1 -1 -1 -1 -1 -1 -1 -1 -1 -1 -1 -1 
-1 -1 -1 -1 -1 -1 -1 -1 -1 -1 -1 -1 -1 -1 -1 
-1 -1 -1 -1 -1 -1 -1 -1 -1 -1 -1 -1 -1 -1 -1 
-1 -1 -1 -1 -1 -1 -1 -1 -1 -1 -1 -1 -1 -1 -1 
-1 -1 -1 -1 -1 -1 -1 -1 -1 -1 -1 -1 -1 -1 -1 
-1 -1 -1 -1 -1 -1 -1 -1 -1 -1 -1 -1 -1 -1 1 
-1 -1 -1 -1 -1 -1 -1 -1 -1 -1 -1 -1 -1 -1 1 
-1 -1 -1 -1 -1 -1 -1 -1 -1 -1 -1 -1 -1 -1 1 
-1 -1 -1 -1 -1 -1 -1 -1 -1 -1 -1 -1 -1 -1 -1 
-1 -1 -1 -1 -1 -1 -1 -1 -1 -1 -1 -1 -1 -1 -1 
-1 -1 -1 -1 -1 -1 -1 -1 -1 -1 -1 -1 -1 -1 -1 
-1 -1 -1 -1 -1 -1 -1 -1 -1 -1 -1 -1 -1 -1 -1 
END
15 1
1 5
7 14
-1 -1 -1 -1 -1 0 0 -1 -1 -1 -1 -1 -1 -1 -1 
-1 -1 -1 -1 -1 0 0 -1 -1 -1 -1 -1 -1 -1 -1 
-1 -1 -1 -1 -1 -1 -1 -1 -1 -1 -1 -1 -1 -1 -1 
-1 -1 -1 -1 -1 -1 -1 -1 -1 -1 -1 -1 -1 -1 -1 
-1 -1 -1 -1 -1 -1 -1 -1 -1 -1 -1 -1 -1 -1 -1 
-1 -1 -1 -1 -1 -1 -1 -1 -1 -1 -1 -1 -1 -1 -1 
-1 -1 -1 -1 -1 -1 -1 -1 -1 -1 -1 -1 -1 -1 -1 
-1 -1 -1 -1 -1 -1 -1 -1 -1 -1 -1 -1 -1 -1 1 
-1 -1 -1 -1 -1 -1 -1 -1 -1 -1 -1 -1 -1 -1 1 
-1 -1 -1 -1 -1 -1 -1 -1 -1 -1 -1 -1 -1 -1 1 
-1 -1 -1 -1 -1 -1 -1 -1 -1 -1 -1 -1 -1 -1 1 
-1 -1 -1 -1 -1 -1 -1 -1 -1 -1 -1 -1 -1 -1 -1 
-1 -1 -1 -1 -1 -1 -1 -1 -1 -1 -1 -1 -1 -1 -1 
-1 -1 -1 -1 -1 -1 -1 -1 -1 -1 -1 -1 -1 -1 -1 
-1 -1 -1 -1 -1 -1 -1 -1 -1 -1 -1 -1 -1 -1 -1 
END
15 1
2 5
6 14
-1 -1 -1 -1 -1 0 0 -1 -1 -1 -1 -1 -1 -1 -1 
-1 -1 -1 -1 -1 0 0 -1 -1 -1 -1 -1 -1 -1 -1 
-1 -1 -1 -1 -1 0 -1 -1 -1 -1 -1 -1 -1 -1 -1 
-1 -1 -1 -1 -1 -1 -1 -1 -1 -1 -1 -1 -1 -1 -1 
-1 -1 -1 -1 -1 -1 -1 -1 -1 -1 -1 -1 -1 -1 -1 
-1 -1 -1 -1 -1 -1 -1 -1 -1 -1 -1 -1 -1 -1 -1 
-1 -1 -1 -1 -1 -1 -1 -1 -1 -1 -1 -1 -1 -1 1 
-1 -1 -1 -1 -1 -1 -1 -1 -1 -1 -1 -1 -1 -1 1 
-1 -1 -1 -1 -1 -1 -1 -1 -1 -1 -1 -1 -1 -1 1 
-1 -1 -1 -1 -1 -1 -1 -1 -1 -1 -1 -1 -1 -1 1 
-1 -1 -1 -1 -1 -1 -1 -1 -1 -1 -1 -1 -1 -1 1 
-1 -1 -1 -1 -1 -1 -1 -1 -1 -1 -1 -1 -1 -1 -1 
-1 -1 -1 -1 -1 -1 -1 -1 -1 -1 -1 -1 -1 -1 -1 
-1 -1 -1 -1 -1 -1 -1 -1 -1 -1 -1 -1 -1 -1 -1 
-1 -1 -1 -1 -1 -1 -1 -1 -1 -1 -1 -1 -1 -1 -1 
END
15 1
3 5
5 14
-1 -1 -1 -1 -1 0 0 -1 -1 -1 -1 -1 -1 -1 -1 
-1 -1 -1 -1 -1 0 0 -1 -1 -1 -1 -1 -1 -1 -1 
-1 -1 -1 -1 -1 0 -1 -1 -1 -1 -1 -1 -1 -1 -1 
-1 -1 -1 -1 -1 0 -1 -1 -1 -1 -1 -1 -1 -1 -1 
-1 -1 -1 -1 -1 -1 -1 -1 -1 -1 -1 -1 -1 -1 -1 
-1 -1 -1 -1 -1 -1 -1 -1 -1 -1 -1 -1 -1 -1 1 
-1 -1 -1 -1 -1 -1 -1 -1 -1 -1 -1 -1 -1 -1 1 
-1 -1 -1 -1 -1 -1 -1 -1 -1 -1 -1 -1 -1 -1 1 
-1 -1 -1 -1 -1 -1 -1 -1 -1 -1 -1 -1 -1 -1 1 
-1 -1 -1 -1 -1 -1 -1 -1 -1 -1 -1 -1 -1 -1 1 
-1 -1 -1 -1 -1 -1 -1 -1 -1 -1 -1 -1 -1 -1 1 
-1 -1 -1 -1 -1 -1 -1 -1 -1 -1 -1 -1 -1 -1 -1 
-1 -1 -1 -1 -1 -1 -1 -1 -1 -1 -1 -1 -1 -1 -1 
-1 -1 -1 -1 -1 -1 -1 -1 -1 -1 -1 -1 -1 -1 -1 
-1 -1 -1 -1 -1 -1 -1 -1 -1 -1 -1 -1 -1 -1 -1 
END
15 1
4 5
4 14
-1 -1 -1 -1 -1 0 0 -1 -1 -1 -1 -1 -1 -1 -1 
-1 -1 -1 -1 -1 0 0 -1 -1 -1 -1 -1 -1 -1 -1 
-1 -1 -1 -1 -1 0 -1 -1 -1 -1 -1 -1 -1 -1 -1 
-1 -1 -1 -1 -1 0 -1 -1 -1 -1 -1 -1 -1 -1 -1 
-1 -1 -1 -1 -1 0 -1 -1 -1 -1 -1 -1 -1 -1 1 
-1 -1 -1 -1 -1 -1 -1 -1 -1 -1 -1 -1 -1 -1 1 
-1 -1 -1 -1 -1 -1 -1 -1 -1 -1 -1 -1 -1 -1 1 
-1 -1 -1 -1 -1 -1 -1 -1 -1 -1 -1 -1 -1 -1 1 
-1 -1 -1 -1 -1 -1 -1 -1 -1 -1 -1 -1 -1 -1 1 
-1 -1 -1 -1 -1 -1 -1 -1 -1 -1 -1 -1 -1 -1 1 
-1 -1 -1 -1 -1 -1 -1 -1 -1 -1 -1 -1 -1 -1 1 
-1 -1 -1 -1 -1 -1 -1 -1 -1 -1 -1 -1 -1 -1 -1 
-1 -1 -1 -1 -1 -1 -1 -1 -1 -1 -1 -1 -1 -1 -1 
-1 -1 -1 -1 -1 -1 -1 -1 -1 -1 -1 -1 -1 -1 -1 
-1 -1 -1 -1 -1 -1 -1 -1 -1 -1 -1 -1 -1 -1 -1 
END
15 1
5 5
3 14
-1 -1 -1 -1 -1 0 0 -1 -1 -1 -1 -1 -1 -1 -1 
-1 -1 -1 -1 -1 0 0 -1 -1 -1 -1 -1 -1 -1 -1 
-1 -1 -1 -1 -1 0 -1 -1 -1 -1 -1 -1 -1 -1 -1 
-1 -1 -1 -1 -1 0 -1 -1 -1 -1 -1 -1 -1 -1 1 
-1 -1 -1 -1 -1 0 -1 -1 -1 -1 -1 -1 -1 -1 1 
-1 -1 -1 -1 -1 0 -1 -1 -1 -1 -1 -1 -1 -1 1 
-1 -1 -1 -1 -1 -1 -1 -1 -1 -1 -1 -1 -1 -1 1 
-1 -1 -1 -1 -1 -1 -1 -1 -1 -1 -1 -1 -1 -1 1 
-1 -1 -1 -1 -1 -1 -1 -1 -1 -1 -1 -1 -1 -1 1 
-1 -1 -1 -1 -1 -1 -1 -1 -1 -1 -1 -1 -1 -1 1 
-1 -1 -1 -1 -1 -1 -1 -1 -1 -1 -1 -1 -1 -1 1 
-1 -1 -1 -1 -1 -1 -1 -1 -1 -1 -1 -1 -1 -1 -1 
-1 -1 -1 -1 -1 -1 -1 -1 -1 -1 -1 -1 -1 -1 -1 
-1 -1 -1 -1 -1 -1 -1 -1 -1 -1 -1 -1 -1 -1 -1 
-1 -1 -1 -1 -1 -1 -1 -1 -1 -1 -1 -1 -1 -1 -1 
END
15 1
6 5
2 14
-1 -1 -1 -1 -1 0 0 -1 -1 -1 -1 -1 -1 -1 -1 
-1 -1 -1 -1 -1 0 0 -1 -1 -1 -1 -1 -1 -1 -1 
-1 -1 -1 -1 -1 0 -1 -1 -1 -1 -1 -1 -1 -1 1 
-1 -1 -1 -1 -1 0 -1 -1 -1 -1 -1 -1 -1 -1 1 
-1 -1 -1 -1 -1 0 -1 -1 -1 -1 -1 -1 -1 -1 1 
-1 -1 -1 -1 -1 0 -1 -1 -1 -1 -1 -1 -1 -1 1 
-1 -1 -1 -1 -1 0 -1 -1 -1 -1 -1 -1 -1 -1 1 
-1 -1 -1 -1 -1 -1 -1 -1 -1 -1 -1 -1 -1 -1 1 
-1 -1 -1 -1 -1 -1 -1 -1 -1 -1 -1 -1 -1 -1 1 
-1 -1 -1 -1 -1 -1 -1 -1 -1 -1 -1 -1 -1 -1 1 
-1 -1 -1 -1 -1 -1 -1 -1 -1 -1 -1 -1 -1 -1 1 
-1 -1 -1 -1 -1 -1 -1 -1 -1 -1 -1 -1 -1 -1 -1 
-1 -1 -1 -1 -1 -1 -1 -1 -1 -1 -1 -1 -1 -1 -1 
-1 -1 -1 -1 -1 -1 -1 -1 -1 -1 -1 -1 -1 -1 -1 
-1 -1 -1 -1 -1 -1 -1 -1 -1 -1 -1 -1 -1 -1 -1 
END
15 1
7 5
1 14
-1 -1 -1 -1 -1 0 0 -1 -1 -1 -1 -1 -1 -1 -1 
-1 -1 -1 -1 -1 0 0 -1 -1 -1 -1 -1 -1 -1 1 
-1 -1 -1 -1 -1 0 -1 -1 -1 -1 -1 -1 -1 -1 1 
-1 -1 -1 -1 -1 0 -1 -1 -1 -1 -1 -1 -1 -1 1 
-1 -1 -1 -1 -1 0 -1 -1 -1 -1 -1 -1 -1 -1 1 
-1 -1 -1 -1 -1 0 -1 -1 -1 -1 -1 -1 -1 -1 1 
-1 -1 -1 -1 -1 0 -1 -1 -1 -1 -1 -1 -1 -1 1 
-1 -1 -1 -1 -1 0 -1 -1 -1 -1 -1 -1 -1 -1 1 
-1 -1 -1 -1 -1 -1 -1 -1 -1 -1 -1 -1 -1 -1 1 
-1 -1 -1 -1 -1 -1 -1 -1 -1 -1 -1 -1 -1 -1 1 
-1 -1 -1 -1 -1 -1 -1 -1 -1 -1 -1 -1 -1 -1 1 
-1 -1 -1 -1 -1 -1 -1 -1 -1 -1 -1 -1 -1 -1 -1 
-1 -1 -1 -1 -1 -1 -1 -1 -1 -1 -1 -1 -1 -1 -1 
-1 -1 -1 -1 -1 -1 -1 -1 -1 -1 -1 -1 -1 -1 -1 
-1 -1 -1 -1 -1 -1 -1 -1 -1 -1 -1 -1 -1 -1 -1 
END
15 1
8 5
0 14
-1 -1 -1 -1 -1 0 0 -1 -1 -1 -1 -1 -1 -1 1 
-1 -1 -1 -1 -1 0 0 -1 -1 -1 -1 -1 -1 -1 1 
-1 -1 -1 -1 -1 0 -1 -1 -1 -1 -1 -1 -1 -1 1 
-1 -1 -1 -1 -1 0 -1 -1 -1 -1 -1 -1 -1 -1 1 
-1 -1 -1 -1 -1 0 -1 -1 -1 -1 -1 -1 -1 -1 1 
-1 -1 -1 -1 -1 0 -1 -1 -1 -1 -1 -1 -1 -1 1 
-1 -1 -1 -1 -1 0 -1 -1 -1 -1 -1 -1 -1 -1 1 
-1 -1 -1 -1 -1 0 -1 -1 -1 -1 -1 -1 -1 -1 1 
-1 -1 -1 -1 -1 0 -1 -1 -1 -1 -1 -1 -1 -1 1 
-1 -1 -1 -1 -1 -1 -1 -1 -1 -1 -1 -1 -1 -1 1 
-1 -1 -1 -1 -1 -1 -1 -1 -1 -1 -1 -1 -1 -1 1 
-1 -1 -1 -1 -1 -1 -1 -1 -1 -1 -1 -1 -1 -1 -1 
-1 -1 -1 -1 -1 -1 -1 -1 -1 -1 -1 -1 -1 -1 -1 
-1 -1 -1 -1 -1 -1 -1 -1 -1 -1 -1 -1 -1 -1 -1 
-1 -1 -1 -1 -1 -1 -1 -1 -1 -1 -1 -1 -1 -1 -1 
END
15 1
9 5
0 13
-1 -1 -1 -1 -1 0 0 -1 -1 -1 -1 -1 -1 1 1 
-1 -1 -1 -1 -1 0 0 -1 -1 -1 -1 -1 -1 -1 1 
-1 -1 -1 -1 -1 0 -1 -1 -1 -1 -1 -1 -1 -1 1 
-1 -1 -1 -1 -1 0 -1 -1 -1 -1 -1 -1 -1 -1 1 
-1 -1 -1 -1 -1 0 -1 -1 -1 -1 -1 -1 -1 -1 1 
-1 -1 -1 -1 -1 0 -1 -1 -1 -1 -1 -1 -1 -1 1 
-1 -1 -1 -1 -1 0 -1 -1 -1 -1 -1 -1 -1 -1 1 
-1 -1 -1 -1 -1 0 -1 -1 -1 -1 -1 -1 -1 -1 1 
-1 -1 -1 -1 -1 0 -1 -1 -1 -1 -1 -1 -1 -1 1 
-1 -1 -1 -1 -1 0 -1 -1 -1 -1 -1 -1 -1 -1 1 
-1 -1 -1 -1 -1 -1 -1 -1 -1 -1 -1 -1 -1 -1 1 
-1 -1 -1 -1 -1 -1 -1 -1 -1 -1 -1 -1 -1 -1 -1 
-1 -1 -1 -1 -1 -1 -1 -1 -1 -1 -1 -1 -1 -1 -1 
-1 -1 -1 -1 -1 -1 -1 -1 -1 -1 -1 -1 -1 -1 -1 
-1 -1 -1 -1 -1 -1 -1 -1 -1 -1 -1 -1 -1 -1 -1 
END
15 1
10 5
1 13
-1 -1 -1 -1 -1 0 0 -1 -1 -1 -1 -1 -1 1 1 
-1 -1 -1 -1 -1 0 0 -1 -1 -1 -1 -1 -1 1 1 
-1 -1 -1 -1 -1 0 -1 -1 -1 -1 -1 -1 -1 -1 1 
-1 -1 -1 -1 -1 0 -1 -1 -1 -1 -1 -1 -1 -1 1 
-1 -1 -1 -1 -1 0 -1 -1 -1 -1 -1 -1 -1 -1 1 
-1 -1 -1 -1 -1 0 -1 -1 -1 -1 -1 -1 -1 -1 1 
-1 -1 -1 -1 -1 0 -1 -1 -1 -1 -1 -1 -1 -1 1 
-1 -1 -1 -1 -1 0 -1 -1 -1 -1 -1 -1 -1 -1 1 
-1 -1 -1 -1 -1 0 -1 -1 -1 -1 -1 -1 -1 -1 1 
-1 -1 -1 -1 -1 0 -1 -1 -1 -1 -1 -1 -1 -1 1 
-1 -1 -1 -1 -1 0 -1 -1 -1 -1 -1 -1 -1 -1 1 
-1 -1 -1 -1 -1 -1 -1 -1 -1 -1 -1 -1 -1 -1 -1 
-1 -1 -1 -1 -1 -1 -1 -1 -1 -1 -1 -1 -1 -1 -1 
-1 -1 -1 -1 -1 -1 -1 -1 -1 -1 -1 -1 -1 -1 -1 
-1 -1 -1 -1 -1 -1 -1 -1 -1 -1 -1 -1 -1 -1 -1 
END
15 1
11 5
2 13
-1 -1 -1 -1 -1 0 0 -1 -1 -1 -1 -1 -1 1 1 
-1 -1 -1 -1 -1 0 0 -1 -1 -1 -1 -1 -1 1 1 
-1 -1 -1 -1 -1 0 -1 -1 -1 -1 -1 -1 -1 1 1 
-1 -1 -1 -1 -1 0 -1 -1 -1 -1 -1 -1 -1 -1 1 
-1 -1 -1 -1 -1 0 -1 -1 -1 -1 -1 -1 -1 -1 1 
-1 -1 -1 -1 -1 0 -1 -1 -1 -1 -1 -1 -1 -1 1 
-1 -1 -1 -1 -1 0 -1 -1 -1 -1 -1 -1 -1 -1 1 
-1 -1 -1 -1 -1 0 -1 -1 -1 -1 -1 -1 -1 -1 1 
-1 -1 -1 -1 -1 0 -1 -1 -1 -1 -1 -1 -1 -1 1 
-1 -1 -1 -1 -1 0 -1 -1 -1 -1 -1 -1 -1 -1 1 
-1 -1 -1 -1 -1 0 -1 -1 -1 -1 -1 -1 -1 -1 1 
-1 -1 -1 -1 -1 0 -1 -1 -1 -1 -1 -1 -1 -1 -1 
-1 -1 -1 -1 -1 -1 -1 -1 -1 -1 -1 -1 -1 -1 -1 
-1 -1 -1 -1 -1 -1 -1 -1 -1 -1 -1 -1 -1 -1 -1 
-1 -1 -1 -1 -1 -1 -1 -1 -1 -1 -1 -1 -1 -1 -1 
END
15 1
12 5
3 13
-1 -1 -1 -1 -1 0 0 -1 -1 -1 -1 -1 -1 1 1 
-1 -1 -1 -1 -1 0 0 -1 -1 -1 -1 -1 -1 1 1 
-1 -1 -1 -1 -1 0 -1 -1 -1 -1 -1 -1 -1 1 1 
-1 -1 -1 -1 -1 0 -1 -1 -1 -1 -1 -1 -1 1 1 
-1 -1 -1 -1 -1 0 -1 -1 -1 -1 -1 -1 -1 -1 1 
-1 -1 -1 -1 -1 0 -1 -1 -1 -1 -1 -1 -1 -1 1 
-1 -1 -1 -1 -1 0 -1 -1 -1 -1 -1 -1 -1 -1 1 
-1 -1 -1 -1 -1 0 -1 -1 -1 -1 -1 -1 -1 -1 1 
-1 -1 -1 -1 -1 0 -1 -1 -1 -1 -1 -1 -1 -1 1 
-1 -1 -1 -1 -1 0 -1 -1 -1 -1 -1 -1 -1 -1 1 
-1 -1 -1 -1 -1 0 -1 -1 -1 -1 -1 -1 -1 -1 1 
-1 -1 -1 -1 -1 0 -1 -1 -1 -1 -1 -1 -1 -1 -1 
-1 -1 -1 -1 -1 0 -1 -1 -1 -1 -1 -1 -1 -1 -1 
-1 -1 -1 -1 -1 -1 -1 -1 -1 -1 -1 -1 -1 -1 -1 
-1 -1 -1 -1 -1 -1 -1 -1 -1 -1 -1 -1 -1 -1 -1 
END
15 1
13 5
4 13
-1 -1 -1 -1 -1 0 0 -1 -1 -1 -1 -1 -1 1 1 
-1 -1 -1 -1 -1 0 0 -1 -1 -1 -1 -1 -1 1 1 
-1 -1 -1 -1 -1 0 -1 -1 -1 -1 -1 -1 -1 1 1 
-1 -1 -1 -1 -1 0 -1 -1 -1 -1 -1 -1 -1 1 1 
-1 -1 -1 -1 -1 0 -1 -1 -1 -1 -1 -1 -1 1 1 
-1 -1 -1 -1 -1 0 -1 -1 -1 -1 -1 -1 -1 -1 1 
-1 -1 -1 -1 -1 0 -1 -1 -1 -1 -1 -1 -1 -1 1 
-1 -1 -1 -1 -1 0 -1 -1 -1 -1 -1 -1 -1 -1 1 
-1 -1 -1 -1 -1 0 -1 -1 -1 -1 -1 -1 -1 -1 1 
-1 -1 -1 -1 -1 0 -1 -1 -1 -1 -1 -1 -1 -1 1 
-1 -1 -1 -1 -1 0 -1 -1 -1 -1 -1 -1 -1 -1 1 
-1 -1 -1 -1 -1 0 -1 -1 -1 -1 -1 -1 -1 -1 -1 
-1 -1 -1 -1 -1 0 -1 -1 -1 -1 -1 -1 -1 -1 -1 
-1 -1 -1 -1 -1 0 -1 -1 -1 -1 -1 -1 -1 -1 -1 
-1 -1 -1 -1 -1 -1 -1 -1 -1 -1 -1 -1 -1 -1 -1 
END
15 1
14 5
5 13
-1 -1 -1 -1 -1 0 0 -1 -1 -1 -1 -1 -1 1 1 
-1 -1 -1 -1 -1 0 0 -1 -1 -1 -1 -1 -1 1 1 
-1 -1 -1 -1 -1 0 -1 -1 -1 -1 -1 -1 -1 1 1 
-1 -1 -1 -1 -1 0 -1 -1 -1 -1 -1 -1 -1 1 1 
-1 -1 -1 -1 -1 0 -1 -1 -1 -1 -1 -1 -1 1 1 
-1 -1 -1 -1 -1 0 -1 -1 -1 -1 -1 -1 -1 1 1 
-1 -1 -1 -1 -1 0 -1 -1 -1 -1 -1 -1 -1 -1 1 
-1 -1 -1 -1 -1 0 -1 -1 -1 -1 -1 -1 -1 -1 1 
-1 -1 -1 -1 -1 0 -1 -1 -1 -1 -1 -1 -1 -1 1 
-1 -1 -1 -1 -1 0 -1 -1 -1 -1 -1 -1 -1 -1 1 
-1 -1 -1 -1 -1 0 -1 -1 -1 -1 -1 -1 -1 -1 1 
-1 -1 -1 -1 -1 0 -1 -1 -1 -1 -1 -1 -1 -1 -1 
-1 -1 -1 -1 -1 0 -1 -1 -1 -1 -1 -1 -1 -1 -1 
-1 -1 -1 -1 -1 0 -1 -1 -1 -1 -1 -1 -1 -1 -1 
-1 -1 -1 -1 -1 0 -1 -1 -1 -1 -1 -1 -1 -1 -1 
END
15 1
14 4
6 13
-1 -1 -1 -1 -1 0 0 -1 -1 -1 -1 -1 -1 1 1 
-1 -1 -1 -1 -1 0 0 -1 -1 -1 -1 -1 -1 1 1 
-1 -1 -1 -1 -1 0 -1 -1 -1 -1 -1 -1 -1 1 1 
-1 -1 -1 -1 -1 0 -1 -1 -1 -1 -1 -1 -1 1 1 
-1 -1 -1 -1 -1 0 -1 -1 -1 -1 -1 -1 -1 1 1 
-1 -1 -1 -1 -1 0 -1 -1 -1 -1 -1 -1 -1 1 1 
-1 -1 -1 -1 -1 0 -1 -1 -1 -1 -1 -1 -1 1 1 
-1 -1 -1 -1 -1 0 -1 -1 -1 -1 -1 -1 -1 -1 1 
-1 -1 -1 -1 -1 0 -1 -1 -1 -1 -1 -1 -1 -1 1 
-1 -1 -1 -1 -1 0 -1 -1 -1 -1 -1 -1 -1 -1 1 
-1 -1 -1 -1 -1 0 -1 -1 -1 -1 -1 -1 -1 -1 1 
-1 -1 -1 -1 -1 0 -1 -1 -1 -1 -1 -1 -1 -1 -1 
-1 -1 -1 -1 -1 0 -1 -1 -1 -1 -1 -1 -1 -1 -1 
-1 -1 -1 -1 -1 0 -1 -1 -1 -1 -1 -1 -1 -1 -1 
-1 -1 -1 -1 0 0 -1 -1 -1 -1 -1 -1 -1 -1 -1 
END
15 1
13 4
7 13
-1 -1 -1 -1 -1 0 0 -1 -1 -1 -1 -1 -1 1 1 
-1 -1 -1 -1 -1 0 0 -1 -1 -1 -1 -1 -1 1 1 
-1 -1 -1 -1 -1 0 -1 -1 -1 -1 -1 -1 -1 1 1 
-1 -1 -1 -1 -1 0 -1 -1 -1 -1 -1 -1 -1 1 1 
-1 -1 -1 -1 -1 0 -1 -1 -1 -1 -1 -1 -1 1 1 
-1 -1 -1 -1 -1 0 -1 -1 -1 -1 -1 -1 -1 1 1 
-1 -1 -1 -1 -1 0 -1 -1 -1 -1 -1 -1 -1 1 1 
-1 -1 -1 -1 -1 0 -1 -1 -1 -1 -1 -1 -1 1 1 
-1 -1 -1 -1 -1 0 -1 -1 -1 -1 -1 -1 -1 -1 1 
-1 -1 -1 -1 -1 0 -1 -1 -1 -1 -1 -1 -1 -1 1 
-1 -1 -1 -1 -1 0 -1 -1 -1 -1 -1 -1 -1 -1 1 
-1 -1 -1 -1 -1 0 -1 -1 -1 -1 -1 -1 -1 -1 -1 
-1 -1 -1 -1 -1 0 -1 -1 -1 -1 -1 -1 -1 -1 -1 
-1 -1 -1 -1 0 0 -1 -1 -1 -1 -1 -1 -1 -1 -1 
-1 -1 -1 -1 0 0 -1 -1 -1 -1 -1 -1 -1 -1 -1 
END
15 1
12 4
8 13
-1 -1 -1 -1 -1 0 0 -1 -1 -1 -1 -1 -1 1 1 
-1 -1 -1 -1 -1 0 0 -1 -1 -1 -1 -1 -1 1 1 
-1 -1 -1 -1 -1 0 -1 -1 -1 -1 -1 -1 -1 1 1 
-1 -1 -1 -1 -1 0 -1 -1 -1 -1 -1 -1 -1 1 1 
-1 -1 -1 -1 -1 0 -1 -1 -1 -1 -1 -1 -1 1 1 
-1 -1 -1 -1 -1 0 -1 -1 -1 -1 -1 -1 -1 1 1 
-1 -1 -1 -1 -1 0 -1 -1 -1 -1 -1 -1 -1 1 1 
-1 -1 -1 -1 -1 0 -1 -1 -1 -1 -1 -1 -1 1 1 
-1 -1 -1 -1 -1 0 -1 -1 -1 -1 -1 -1 -1 1 1 
-1 -1 -1 -1 -1 0 -1 -1 -1 -1 -1 -1 -1 -1 1 
-1 -1 -1 -1 -1 0 -1 -1 -1 -1 -1 -1 -1 -1 1 
-1 -1 -1 -1 -1 0 -1 -1 -1 -1 -1 -1 -1 -1 -1 
-1 -1 -1 -1 0 0 -1 -1 -1 -1 -1 -1 -1 -1 -1 
-1 -1 -1 -1 0 0 -1 -1 -1 -1 -1 -1 -1 -1 -1 
-1 -1 -1 -1 0 0 -1 -1 -1 -1 -1 -1 -1 -1 -1 
END
15 1
11 4
9 13
-1 -1 -1 -1 -1 0 0 -1 -1 -1 -1 -1 -1 1 1 
-1 -1 -1 -1 -1 0 0 -1 -1 -1 -1 -1 -1 1 1 
-1 -1 -1 -1 -1 0 -1 -1 -1 -1 -1 -1 -1 1 1 
-1 -1 -1 -1 -1 0 -1 -1 -1 -1 -1 -1 -1 1 1 
-1 -1 -1 -1 -1 0 -1 -1 -1 -1 -1 -1 -1 1 1 
-1 -1 -1 -1 -1 0 -1 -1 -1 -1 -1 -1 -1 1 1 
-1 -1 -1 -1 -1 0 -1 -1 -1 -1 -1 -1 -1 1 1 
-1 -1 -1 -1 -1 0 -1 -1 -1 -1 -1 -1 -1 1 1 
-1 -1 -1 -1 -1 0 -1 -1 -1 -1 -1 -1 -1 1 1 
-1 -1 -1 -1 -1 0 -1 -1 -1 -1 -1 -1 -1 1 1 
-1 -1 -1 -1 -1 0 -1 -1 -1 -1 -1 -1 -1 -1 1 
-1 -1 -1 -1 0 0 -1 -1 -1 -1 -1 -1 -1 -1 -1 
-1 -1 -1 -1 0 0 -1 -1 -1 -1 -1 -1 -1 -1 -1 
-1 -1 -1 -1 0 0 -1 -1 -1 -1 -1 -1 -1 -1 -1 
-1 -1 -1 -1 0 0 -1 -1 -1 -1 -1 -1 -1 -1 -1 
END
15 1
10 4
10 13
-1 -1 -1 -1 -1 0 0 -1 -1 -1 -1 -1 -1 1 1 
-1 -1 -1 -1 -1 0 0 -1 -1 -1 -1 -1 -1 1 1 
-1 -1 -1 -1 -1 0 -1 -1 -1 -1 -1 -1 -1 1 1 
-1 -1 -1 -1 -1 0 -1 -1 -1 -1 -1 -1 -1 1 1 
-1 -1 -1 -1 -1 0 -1 -1 -1 -1 -1 -1 -1 1 1 
-1 -1 -1 -1 -1 0 -1 -1 -1 -1 -1 -1 -1 1 1 
-1 -1 -1 -1 -1 0 -1 -1 -1 -1 -1 -1 -1 1 1 
-1 -1 -1 -1 -1 0 -1 -1 -1 -1 -1 -1 -1 1 1 
-1 -1 -1 -1 -1 0 -1 -1 -1 -1 -1 -1 -1 1 1 
-1 -1 -1 -1 -1 0 -1 -1 -1 -1 -1 -1 -1 1 1 
-1 -1 -1 -1 0 0 -1 -1 -1 -1 -1 -1 -1 1 1 
-1 -1 -1 -1 0 0 -1 -1 -1 -1 -1 -1 -1 -1 -1 
-1 -1 -1 -1 0 0 -1 -1 -1 -1 -1 -1 -1 -1 -1 
-1 -1 -1 -1 0 0 -1 -1 -1 -1 -1 -1 -1 -1 -1 
-1 -1 -1 -1 0 0 -1 -1 -1 -1 -1 -1 -1 -1 -1 
END
15 1
9 4
11 13
-1 -1 -1 -1 -1 0 0 -1 -1 -1 -1 -1 -1 1 1 
-1 -1 -1 -1 -1 0 0 -1 -1 -1 -1 -1 -1 1 1 
-1 -1 -1 -1 -1 0 -1 -1 -1 -1 -1 -1 -1 1 1 
-1 -1 -1 -1 -1 0 -1 -1 -1 -1 -1 -1 -1 1 1 
-1 -1 -1 -1 -1 0 -1 -1 -1 -1 -1 -1 -1 1 1 
-1 -1 -1 -1 -1 0 -1 -1 -1 -1 -1 -1 -1 1 1 
-1 -1 -1 -1 -1 0 -1 -1 -1 -1 -1 -1 -1 1 1 
-1 -1 -1 -1 -1 0 -1 -1 -1 -1 -1 -1 -1 1 1 
-1 -1 -1 -1 -1 0 -1 -1 -1 -1 -1 -1 -1 1 1 
-1 -1 -1 -1 0 0 -1 -1 -1 -1 -1 -1 -1 1 1 
-1 -1 -1 -1 0 0 -1 -1 -1 -1 -1 -1 -1 1 1 
-1 -1 -1 -1 0 0 -1 -1 -1 -1 -1 -1 -1 1 -1 
-1 -1 -1 -1 0 0 -1 -1 -1 -1 -1 -1 -1 -1 -1 
-1 -1 -1 -1 0 0 -1 -1 -1 -1 -1 -1 -1 -1 -1 
-1 -1 -1 -1 0 0 -1 -1 -1 -1 -1 -1 -1 -1 -1 
END
15 1
8 4
12 13
-1 -1 -1 -1 -1 0 0 -1 -1 -1 -1 -1 -1 1 1 
-1 -1 -1 -1 -1 0 0 -1 -1 -1 -1 -1 -1 1 1 
-1 -1 -1 -1 -1 0 -1 -1 -1 -1 -1 -1 -1 1 1 
-1 -1 -1 -1 -1 0 -1 -1 -1 -1 -1 -1 -1 1 1 
-1 -1 -1 -1 -1 0 -1 -1 -1 -1 -1 -1 -1 1 1 
-1 -1 -1 -1 -1 0 -1 -1 -1 -1 -1 -1 -1 1 1 
-1 -1 -1 -1 -1 0 -1 -1 -1 -1 -1 -1 -1 1 1 
-1 -1 -1 -1 -1 0 -1 -1 -1 -1 -1 -1 -1 1 1 
-1 -1 -1 -1 0 0 -1 -1 -1 -1 -1 -1 -1 1 1 
-1 -1 -1 -1 0 0 -1 -1 -1 -1 -1 -1 -1 1 1 
-1 -1 -1 -1 0 0 -1 -1 -1 -1 -1 -1 -1 1 1 
-1 -1 -1 -1 0 0 -1 -1 -1 -1 -1 -1 -1 1 -1 
-1 -1 -1 -1 0 0 -1 -1 -1 -1 -1 -1 -1 1 -1 
-1 -1 -1 -1 0 0 -1 -1 -1 -1 -1 -1 -1 -1 -1 
-1 -1 -1 -1 0 0 -1 -1 -1 -1 -1 -1 -1 -1 -1 
END
15 1
7 4
13 13
-1 -1 -1 -1 -1 0 0 -1 -1 -1 -1 -1 -1 1 1 
-1 -1 -1 -1 -1 0 0 -1 -1 -1 -1 -1 -1 1 1 
-1 -1 -1 -1 -1 0 -1 -1 -1 -1 -1 -1 -1 1 1 
-1 -1 -1 -1 -1 0 -1 -1 -1 -1 -1 -1 -1 1 1 
-1 -1 -1 -1 -1 0 -1 -1 -1 -1 -1 -1 -1 1 1 
-1 -1 -1 -1 -1 0 -1 -1 -1 -1 -1 -1 -1 1 1 
-1 -1 -1 -1 -1 0 -1 -1 -1 -1 -1 -1 -1 1 1 
-1 -1 -1 -1 0 0 -1 -1 -1 -1 -1 -1 -1 1 1 
-1 -1 -1 -1 0 0 -1 -1 -1 -1 -1 -1 -1 1 1 
-1 -1 -1 -1 0 0 -1 -1 -1 -1 -1 -1 -1 1 1 
-1 -1 -1 -1 0 0 -1 -1 -1 -1 -1 -1 -1 1 1 
-1 -1 -1 -1 0 0 -1 -1 -1 -1 -1 -1 -1 1 -1 
-1 -1 -1 -1 0 0 -1 -1 -1 -1 -1 -1 -1 1 -1 
-1 -1 -1 -1 0 0 -1 -1 -1 -1 -1 -1 -1 1 -1 
-1 -1 -1 -1 0 0 -1 -1 -1 -1 -1 -1 -1 -1 -1 
END
15 1
6 4
14 13
-1 -1 -1 -1 -1 0 0 -1 -1 -1 -1 -1 -1 1 1 
-1 -1 -1 -1 -1 0 0 -1 -1 -1 -1 -1 -1 1 1 
-1 -1 -1 -1 -1 0 -1 -1 -1 -1 -1 -1 -1 1 1 
-1 -1 -1 -1 -1 0 -1 -1 -1 -1 -1 -1 -1 1 1 
-1 -1 -1 -1 -1 0 -1 -1 -1 -1 -1 -1 -1 1 1 
-1 -1 -1 -1 -1 0 -1 -1 -1 -1 -1 -1 -1 1 1 
-1 -1 -1 -1 0 0 -1 -1 -1 -1 -1 -1 -1 1 1 
-1 -1 -1 -1 0 0 -1 -1 -1 -1 -1 -1 -1 1 1 
-1 -1 -1 -1 0 0 -1 -1 -1 -1 -1 -1 -1 1 1 
-1 -1 -1 -1 0 0 -1 -1 -1 -1 -1 -1 -1 1 1 
-1 -1 -1 -1 0 0 -1 -1 -1 -1 -1 -1 -1 1 1 
-1 -1 -1 -1 0 0 -1 -1 -1 -1 -1 -1 -1 1 -1 
-1 -1 -1 -1 0 0 -1 -1 -1 -1 -1 -1 -1 1 -1 
-1 -1 -1 -1 0 0 -1 -1 -1 -1 -1 -1 -1 1 -1 
-1 -1 -1 -1 0 0 -1 -1 -1 -1 -1 -1 -1 1 -1 
END
15 1
5 4
14 12
-1 -1 -1 -1 -1 0 0 -1 -1 -1 -1 -1 -1 1 1 
-1 -1 -1 -1 -1 0 0 -1 -1 -1 -1 -1 -1 1 1 
-1 -1 -1 -1 -1 0 -1 -1 -1 -1 -1 -1 -1 1 1 
-1 -1 -1 -1 -1 0 -1 -1 -1 -1 -1 -1 -1 1 1 
-1 -1 -1 -1 -1 0 -1 -1 -1 -1 -1 -1 -1 1 1 
-1 -1 -1 -1 0 0 -1 -1 -1 -1 -1 -1 -1 1 1 
-1 -1 -1 -1 0 0 -1 -1 -1 -1 -1 -1 -1 1 1 
-1 -1 -1 -1 0 0 -1 -1 -1 -1 -1 -1 -1 1 1 
-1 -1 -1 -1 0 0 -1 -1 -1 -1 -1 -1 -1 1 1 
-1 -1 -1 -1 0 0 -1 -1 -1 -1 -1 -1 -1 1 1 
-1 -1 -1 -1 0 0 -1 -1 -1 -1 -1 -1 -1 1 1 
-1 -1 -1 -1 0 0 -1 -1 -1 -1 -1 -1 -1 1 -1 
-1 -1 -1 -1 0 0 -1 -1 -1 -1 -1 -1 -1 1 -1 
-1 -1 -1 -1 0 0 -1 -1 -1 -1 -1 -1 -1 1 -1 
-1 -1 -1 -1 0 0 -1 -1 -1 -1 -1 -1 1 1 -1 
END
15 1
4 4
13 12
-1 -1 -1 -1 -1 0 0 -1 -1 -1 -1 -1 -1 1 1 
-1 -1 -1 -1 -1 0 0 -1 -1 -1 -1 -1 -1 1 1 
-1 -1 -1 -1 -1 0 -1 -1 -1 -1 -1 -1 -1 1 1 
-1 -1 -1 -1 -1 0 -1 -1 -1 -1 -1 -1 -1 1 1 
-1 -1 -1 -1 0 0 -1 -1 -1 -1 -1 -1 -1 1 1 
-1 -1 -1 -1 0 0 -1 -1 -1 -1 -1 -1 -1 1 1 
-1 -1 -1 -1 0 0 -1 -1 -1 -1 -1 -1 -1 1 1 
-1 -1 -1 -1 0 0 -1 -1 -1 -1 -1 -1 -1 1 1 
-1 -1 -1 -1 0 0 -1 -1 -1 -1 -1 -1 -1 1 1 
-1 -1 -1 -1 0 0 -1 -1 -1 -1 -1 -1 -1 1 1 
-1 -1 -1 -1 0 0 -1 -1 -1 -1 -1 -1 -1 1 1 
-1 -1 -1 -1 0 0 -1 -1 -1 -1 -1 -1 -1 1 -1 
-1 -1 -1 -1 0 0 -1 -1 -1 -1 -1 -1 -1 1 -1 
-1 -1 -1 -1 0 0 -1 -1 -1 -1 -1 -1 1 1 -1 
-1 -1 -1 -1 0 0 -1 -1 -1 -1 -1 -1 1 1 -1 
END
15 1
3 4
12 12
-1 -1 -1 -1 -1 0 0 -1 -1 -1 -1 -1 -1 1 1 
-1 -1 -1 -1 -1 0 0 -1 -1 -1 -1 -1 -1 1 1 
-1 -1 -1 -1 -1 0 -1 -1 -1 -1 -1 -1 -1 1 1 
-1 -1 -1 -1 0 0 -1 -1 -1 -1 -1 -1 -1 1 1 
-1 -1 -1 -1 0 0 -1 -1 -1 -1 -1 -1 -1 1 1 
-1 -1 -1 -1 0 0 -1 -1 -1 -1 -1 -1 -1 1 1 
-1 -1 -1 -1 0 0 -1 -1 -1 -1 -1 -1 -1 1 1 
-1 -1 -1 -1 0 0 -1 -1 -1 -1 -1 -1 -1 1 1 
-1 -1 -1 -1 0 0 -1 -1 -1 -1 -1 -1 -1 1 1 
-1 -1 -1 -1 0 0 -1 -1 -1 -1 -1 -1 -1 1 1 
-1 -1 -1 -1 0 0 -1 -1 -1 -1 -1 -1 -1 1 1 
-1 -1 -1 -1 0 0 -1 -1 -1 -1 -1 -1 -1 1 -1 
-1 -1 -1 -1 0 0 -1 -1 -1 -1 -1 -1 1 1 -1 
-1 -1 -1 -1 0 0 -1 -1 -1 -1 -1 -1 1 1 -1 
-1 -1 -1 -1 0 0 -1 -1 -1 -1 -1 -1 1 1 -1 
END
15 1
2 4
11 12
-1 -1 -1 -1 -1 0 0 -1 -1 -1 -1 -1 -1 1 1 
-1 -1 -1 -1 -1 0 0 -1 -1 -1 -1 -1 -1 1 1 
-1 -1 -1 -1 0 0 -1 -1 -1 -1 -1 -1 -1 1 1 
-1 -1 -1 -1 0 0 -1 -1 -1 -1 -1 -1 -1 1 1 
-1 -1 -1 -1 0 0 -1 -1 -1 -1 -1 -1 -1 1 1 
-1 -1 -1 -1 0 0 -1 -1 -1 -1 -1 -1 -1 1 1 
-1 -1 -1 -1 0 0 -1 -1 -1 -1 -1 -1 -1 1 1 
-1 -1 -1 -1 0 0 -1 -1 -1 -1 -1 -1 -1 1 1 
-1 -1 -1 -1 0 0 -1 -1 -1 -1 -1 -1 -1 1 1 
-1 -1 -1 -1 0 0 -1 -1 -1 -1 -1 -1 -1 1 1 
-1 -1 -1 -1 0 0 -1 -1 -1 -1 -1 -1 -1 1 1 
-1 -1 -1 -1 0 0 -1 -1 -1 -1 -1 -1 1 1 -1 
-1 -1 -1 -1 0 0 -1 -1 -1 -1 -1 -1 1 1 -1 
-1 -1 -1 -1 0 0 -1 -1 -1 -1 -1 -1 1 1 -1 
-1 -1 -1 -1 0 0 -1 -1 -1 -1 -1 -1 1 1 -1 
END
15 1
1 4
10 12
-1 -1 -1 -1 -1 0 0 -1 -1 -1 -1 -1 -1 1 1 
-1 -1 -1 -1 0 0 0 -1 -1 -1 -1 -1 -1 1 1 
-1 -1 -1 -1 0 0 -1 -1 -1 -1 -1 -1 -1 1 1 
-1 -1 -1 -1 0 0 -1 -1 -1 -1 -1 -1 -1 1 1 
-1 -1 -1 -1 0 0 -1 -1 -1 -1 -1 -1 -1 1 1 
-1 -1 -1 -1 0 0 -1 -1 -1 -1 -1 -1 -1 1 1 
-1 -1 -1 -1 0 0 -1 -1 -1 -1 -1 -1 -1 1 1 
-1 -1 -1 -1 0 0 -1 -1 -1 -1 -1 -1 -1 1 1 
-1 -1 -1 -1 0 0 -1 -1 -1 -1 -1 -1 -1 1 1 
-1 -1 -1 -1 0 0 -1 -1 -1 -1 -1 -1 -1 1 1 
-1 -1 -1 -1 0 0 -1 -1 -1 -1 -1 -1 1 1 1 
-1 -1 -1 -1 0 0 -1 -1 -1 -1 -1 -1 1 1 -1 
-1 -1 -1 -1 0 0 -1 -1 -1 -1 -1 -1 1 1 -1 
-1 -1 -1 -1 0 0 -1 -1 -1 -1 -1 -1 1 1 -1 
-1 -1 -1 -1 0 0 -1 -1 -1 -1 -1 -1 1 1 -1 
END
15 1
0 4
9 12
-1 -1 -1 -1 0 0 0 -1 -1 -1 -1 -1 -1 1 1 
-1 -1 -1 -1 0 0 0 -1 -1 -1 -1 -1 -1 1 1 
-1 -1 -1 -1 0 0 -1 -1 -1 -1 -1 -1 -1 1 1 
-1 -1 -1 -1 0 0 -1 -1 -1 -1 -1 -1 -1 1 1 
-1 -1 -1 -1 0 0 -1 -1 -1 -1 -1 -1 -1 1 1 
-1 -1 -1 -1 0 0 -1 -1 -1 -1 -1 -1 -1 1 1 
-1 -1 -1 -1 0 0 -1 -1 -1 -1 -1 -1 -1 1 1 
-1 -1 -1 -1 0 0 -1 -1 -1 -1 -1 -1 -1 1 1 
-1 -1 -1 -1 0 0 -1 -1 -1 -1 -1 -1 -1 1 1 
-1 -1 -1 -1 0 0 -1 -1 -1 -1 -1 -1 1 1 1 
-1 -1 -1 -1 0 0 -1 -1 -1 -1 -1 -1 1 1 1 
-1 -1 -1 -1 0 0 -1 -1 -1 -1 -1 -1 1 1 -1 
-1 -1 -1 -1 0 0 -1 -1 -1 -1 -1 -1 1 1 -1 
-1 -1 -1 -1 0 0 -1 -1 -1 -1 -1 -1 1 1 -1 
-1 -1 -1 -1 0 0 -1 -1 -1 -1 -1 -1 1 1 -1 
END
15 1
0 3
8 12
-1 -1 -1 0 0 0 0 -1 -1 -1 -1 -1 -1 1 1 
-1 -1 -1 -1 0 0 0 -1 -1 -1 -1 -1 -1 1 1 
-1 -1 -1 -1 0 0 -1 -1 -1 -1 -1 -1 -1 1 1 
-1 -1 -1 -1 0 0 -1 -1 -1 -1 -1 -1 -1 1 1 
-1 -1 -1 -1 0 0 -1 -1 -1 -1 -1 -1 -1 1 1 
-1 -1 -1 -1 0 0 -1 -1 -1 -1 -1 -1 -1 1 1 
-1 -1 -1 -1 0 0 -1 -1 -1 -1 -1 -1 -1 1 1 
-1 -1 -1 -1 0 0 -1 -1 -1 -1 -1 -1 -1 1 1 
-1 -1 -1 -1 0 0 -1 -1 -1 -1 -1 -1 1 1 1 
-1 -1 -1 -1 0 0 -1 -1 -1 -1 -1 -1 1 1 1 
-1 -1 -1 -1 0 0 -1 -1 -1 -1 -1 -1 1 1 1 
-1 -1 -1 -1 0 0 -1 -1 -1 -1 -1 -1 1 1 -1 
-1 -1 -1 -1 0 0 -1 -1 -1 -1 -1 -1 1 1 -1 
-1 -1 -1 -1 0 0 -1 -1 -1 -1 -1 -1 1 1 -1 
-1 -1 -1 -1 0 0 -1 -1 -1 -1 -1 -1 1 1 -1 
END
15 1
1 3
7 12
-1 -1 -1 0 0 0 0 -1 -1 -1 -1 -1 -1 1 1 
-1 -1 -1 0 0 0 0 -1 -1 -1 -1 -1 -1 1 1 
-1 -1 -1 -1 0 0 -1 -1 -1 -1 -1 -1 -1 1 1 
-1 -1 -1 -1 0 0 -1 -1 -1 -1 -1 -1 -1 1 1 
-1 -1 -1 -1 0 0 -1 -1 -1 -1 -1 -1 -1 1 1 
-1 -1 -1 -1 0 0 -1 -1 -1 -1 -1 -1 -1 1 1 
-1 -1 -1 -1 0 0 -1 -1 -1 -1 -1 -1 -1 1 1 
-1 -1 -1 -1 0 0 -1 -1 -1 -1 -1 -1 1 1 1 
-1 -1 -1 -1 0 0 -1 -1 -1 -1 -1 -1 1 1 1 
-1 -1 -1 -1 0 0 -1 -1 -1 -1 -1 -1 1 1 1 
-1 -1 -1 -1 0 0 -1 -1 -1 -1 -1 -1 1 1 1 
-1 -1 -1 -1 0 0 -1 -1 -1 -1 -1 -1 1 1 -1 
-1 -1 -1 -1 0 0 -1 -1 -1 -1 -1 -1 1 1 -1 
-1 -1 -1 -1 0 0 -1 -1 -1 -1 -1 -1 1 1 -1 
-1 -1 -1 -1 0 0 -1 -1 -1 -1 -1 -1 1 1 -1 
END
15 1
2 3
6 12
-1 -1 -1 0 0 0 0 -1 -1 -1 -1 -1 -1 1 1 
-1 -1 -1 0 0 0 0 -1 -1 -1 -1 -1 -1 1 1 
-1 -1 -1 0 0 0 -1 -1 -1 -1 -1 -1 -1 1 1 
-1 -1 -1 -1 0 0 -1 -1 -1 -1 -1 -1 -1 1 1 
-1 -1 -1 -1 0 0 -1 -1 -1 -1 -1 -1 -1 1 1 
-1 -1 -1 -1 0 0 -1 -1 -1 -1 -1 -1 -1 1 1 
-1 -1 -1 -1 0 0 -1 -1 -1 -1 -1 -1 1 1 1 
-1 -1 -1 -1 0 0 -1 -1 -1 -1 -1 -1 1 1 1 
-1 -1 -1 -1 0 0 -1 -1 -1 -1 -1 -1 1 1 1 
-1 -1 -1 -1 0 0 -1 -1 -1 -1 -1 -1 1 1 1 
-1 -1 -1 -1 0 0 -1 -1 -1 -1 -1 -1 1 1 1 
-1 -1 -1 -1 0 0 -1 -1 -1 -1 -1 -1 1 1 -1 
-1 -1 -1 -1 0 0 -1 -1 -1 -1 -1 -1 1 1 -1 
-1 -1 -1 -1 0 0 -1 -1 -1 -1 -1 -1 1 1 -1 
-1 -1 -1 -1 0 0 -1 -1 -1 -1 -1 -1 1 1 -1 
END
15 1
3 3
5 12
-1 -1 -1 0 0 0 0 -1 -1 -1 -1 -1 -1 1 1 
-1 -1 -1 0 0 0 0 -1 -1 -1 -1 -1 -1 1 1 
-1 -1 -1 0 0 0 -1 -1 -1 -1 -1 -1 -1 1 1 
-1 -1 -1 0 0 0 -1 -1 -1 -1 -1 -1 -1 1 1 
-1 -1 -1 -1 0 0 -1 -1 -1 -1 -1 -1 -1 1 1 
-1 -1 -1 -1 0 0 -1 -1 -1 -1 -1 -1 1 1 1 
-1 -1 -1 -1 0 0 -1 -1 -1 -1 -1 -1 1 1 1 
-1 -1 -1 -1 0 0 -1 -1 -1 -1 -1 -1 1 1 1 
-1 -1 -1 -1 0 0 -1 -1 -1 -1 -1 -1 1 1 1 
-1 -1 -1 -1 0 0 -1 -1 -1 -1 -1 -1 1 1 1 
-1 -1 -1 -1 0 0 -1 -1 -1 -1 -1 -1 1 1 1 
-1 -1 -1 -1 0 0 -1 -1 -1 -1 -1 -1 1 1 -1 
-1 -1 -1 -1 0 0 -1 -1 -1 -1 -1 -1 1 1 -1 
-1 -1 -1 -1 0 0 -1 -1 -1 -1 -1 -1 1 1 -1 
-1 -1 -1 -1 0 0 -1 -1 -1 -1 -1 -1 1 1 -1 
END
15 1
4 3
4 12
-1 -1 -1 0 0 0 0 -1 -1 -1 -1 -1 -1 1 1 
-1 -1 -1 0 0 0 0 -1 -1 -1 -1 -1 -1 1 1 
-1 -1 -1 0 0 0 -1 -1 -1 -1 -1 -1 -1 1 1 
-1 -1 -1 0 0 0 -1 -1 -1 -1 -1 -1 -1 1 1 
-1 -1 -1 0 0 0 -1 -1 -1 -1 -1 -1 1 1 1 
-1 -1 -1 -1 0 0 -1 -1 -1 -1 -1 -1 1 1 1 
-1 -1 -1 -1 0 0 -1 -1 -1 -1 -1 -1 1 1 1 
-1 -1 -1 -1 0 0 -1 -1 -1 -1 -1 -1 1 1 1 
-1 -1 -1 -1 0 0 -1 -1 -1 -1 -1 -1 1 1 1 
-1 -1 -1 -1 0 0 -1 -1 -1 -1 -1 -1 1 1 1 
-1 -1 -1 -1 0 0 -1 -1 -1 -1 -1 -1 1 1 1 
-1 -1 -1 -1 0 0 -1 -1 -1 -1 -1 -1 1 1 -1 
-1 -1 -1 -1 0 0 -1 -1 -1 -1 -1 -1 1 1 -1 
-1 -1 -1 -1 0 0 -1 -1 -1 -1 -1 -1 1 1 -1 
-1 -1 -1 -1 0 0 -1 -1 -1 -1 -1 -1 1 1 -1 
END
15 1
5 3
3 12
-1 -1 -1 0 0 0 0 -1 -1 -1 -1 -1 -1 1 1 
-1 -1 -1 0 0 0 0 -1 -1 -1 -1 -1 -1 1 1 
-1 -1 -1 0 0 0 -1 -1 -1 -1 -1 -1 -1 1 1 
-1 -1 -1 0 0 0 -1 -1 -1 -1 -1 -1 1 1 1 
-1 -1 -1 0 0 0 -1 -1 -1 -1 -1 -1 1 1 1 
-1 -1 -1 0 0 0 -1 -1 -1 -1 -1 -1 1 1 1 
-1 -1 -1 -1 0 0 -1 -1 -1 -1 -1 -1 1 1 1 
-1 -1 -1 -1 0 0 -1 -1 -1 -1 -1 -1 1 1 1 
-1 -1 -1 -1 0 0 -1 -1 -1 -1 -1 -1 1 1 1 
-1 -1 -1 -1 0 0 -1 -1 -1 -1 -1 -1 1 1 1 
-1 -1 -1 -1 0 0 -1 -1 -1 -1 -1 -1 1 1 1 
-1 -1 -1 -1 0 0 -1 -1 -1 -1 -1 -1 1 1 -1 
-1 -1 -1 -1 0 0 -1 -1 -1 -1 -1 -1 1 1 -1 
-1 -1 -1 -1 0 0 -1 -1 -1 -1 -1 -1 1 1 -1 
-1 -1 -1 -1 0 0 -1 -1 -1 -1 -1 -1 1 1 -1 
END
15 1
6 3
2 12
-1 -1 -1 0 0 0 0 -1 -1 -1 -1 -1 -1 1 1 
-1 -1 -1 0 0 0 0 -1 -1 -1 -1 -1 -1 1 1 
-1 -1 -1 0 0 0 -1 -1 -1 -1 -1 -1 1 1 1 
-1 -1 -1 0 0 0 -1 -1 -1 -1 -1 -1 1 1 1 
-1 -1 -1 0 0 0 -1 -1 -1 -1 -1 -1 1 1 1 
-1 -1 -1 0 0 0 -1 -1 -1 -1 -1 -1 1 1 1 
-1 -1 -1 0 0 0 -1 -1 -1 -1 -1 -1 1 1 1 
-1 -1 -1 -1 0 0 -1 -1 -1 -1 -1 -1 1 1 1 
-1 -1 -1 -1 0 0 -1 -1 -1 -1 -1 -1 1 1 1 
-1 -1 -1 -1 0 0 -1 -1 -1 -1 -1 -1 1 1 1 
-1 -1 -1 -1 0 0 -1 -1 -1 -1 -1 -1 1 1 1 
-1 -1 -1 -1 0 0 -1 -1 -1 -1 -1 -1 1 1 -1 
-1 -1 -1 -1 0 0 -1 -1 -1 -1 -1 -1 1 1 -1 
-1 -1 -1 -1 0 0 -1 -1 -1 -1 -1 -1 1 1 -1 
-1 -1 -1 -1 0 0 -1 -1 -1 -1 -1 -1 1 1 -1 
END
15 1
7 3
1 12
-1 -1 -1 0 0 0 0 -1 -1 -1 -1 -1 -1 1 1 
-1 -1 -1 0 0 0 0 -1 -1 -1 -1 -1 1 1 1 
-1 -1 -1 0 0 0 -1 -1 -1 -1 -1 -1 1 1 1 
-1 -1 -1 0 0 0 -1 -1 -1 -1 -1 -1 1 1 1 
-1 -1 -1 0 0 0 -1 -1 -1 -1 -1 -1 1 1 1 
-1 -1 -1 0 0 0 -1 -1 -1 -1 -1 -1 1 1 1 
-1 -1 -1 0 0 0 -1 -1 -1 -1 -1 -1 1 1 1 
-1 -1 -1 0 0 0 -1 -1 -1 -1 -1 -1 1 1 1 
-1 -1 -1 -1 0 0 -1 -1 -1 -1 -1 -1 1 1 1 
-1 -1 -1 -1 0 0 -1 -1 -1 -1 -1 -1 1 1 1 
-1 -1 -1 -1 0 0 -1 -1 -1 -1 -1 -1 1 1 1 
-1 -1 -1 -1 0 0 -1 -1 -1 -1 -1 -1 1 1 -1 
-1 -1 -1 -1 0 0 -1 -1 -1 -1 -1 -1 1 1 -1 
-1 -1 -1 -1 0 0 -1 -1 -1 -1 -1 -1 1 1 -1 
-1 -1 -1 -1 0 0 -1 -1 -1 -1 -1 -1 1 1 -1 
END
15 1
8 3
0 12
-1 -1 -1 0 0 0 0 -1 -1 -1 -1 -1 1 1 1 
-1 -1 -1 0 0 0 0 -1 -1 -1 -1 -1 1 1 1 
-1 -1 -1 0 0 0 -1 -1 -1 -1 -1 -1 1 1 1 
-1 -1 -1 0 0 0 -1 -1 -1 -1 -1 -1 1 1 1 
-1 -1 -1 0 0 0 -1 -1 -1 -1 -1 -1 1 1 1 
-1 -1 -1 0 0 0 -1 -1 -1 -1 -1 -1 1 1 1 
-1 -1 -1 0 0 0 -1 -1 -1 -1 -1 -1 1 1 1 
-1 -1 -1 0 0 0 -1 -1 -1 -1 -1 -1 1 1 1 
-1 -1 -1 0 0 0 -1 -1 -1 -1 -1 -1 1 1 1 
-1 -1 -1 -1 0 0 -1 -1 -1 -1 -1 -1 1 1 1 
-1 -1 -1 -1 0 0 -1 -1 -1 -1 -1 -1 1 1 1 
-1 -1 -1 -1 0 0 -1 -1 -1 -1 -1 -1 1 1 -1 
-1 -1 -1 -1 0 0 -1 -1 -1 -1 -1 -1 1 1 -1 
-1 -1 -1 -1 0 0 -1 -1 -1 -1 -1 -1 1 1 -1 
-1 -1 -1 -1 0 0 -1 -1 -1 -1 -1 -1 1 1 -1 
END
15 1
9 3
0 11
-1 -1 -1 0 0 0 0 -1 -1 -1 -1 1 1 1 1 
-1 -1 -1 0 0 0 0 -1 -1 -1 -1 -1 1 1 1 
-1 -1 -1 0 0 0 -1 -1 -1 -1 -1 -1 1 1 1 
-1 -1 -1 0 0 0 -1 -1 -1 -1 -1 -1 1 1 1 
-1 -1 -1 0 0 0 -1 -1 -1 -1 -1 -1 1 1 1 
-1 -1 -1 0 0 0 -1 -1 -1 -1 -1 -1 1 1 1 
-1 -1 -1 0 0 0 -1 -1 -1 -1 -1 -1 1 1 1 
-1 -1 -1 0 0 0 -1 -1 -1 -1 -1 -1 1 1 1 
-1 -1 -1 0 0 0 -1 -1 -1 -1 -1 -1 1 1 1 
-1 -1 -1 0 0 0 -1 -1 -1 -1 -1 -1 1 1 1 
-1 -1 -1 -1 0 0 -1 -1 -1 -1 -1 -1 1 1 1 
-1 -1 -1 -1 0 0 -1 -1 -1 -1 -1 -1 1 1 -1 
-1 -1 -1 -1 0 0 -1 -1 -1 -1 -1 -1 1 1 -1 
-1 -1 -1 -1 0 0 -1 -1 -1 -1 -1 -1 1 1 -1 
-1 -1 -1 -1 0 0 -1 -1 -1 -1 -1 -1 1 1 -1 
END
15 1
10 3
1 11
-1 -1 -1 0 0 0 0 -1 -1 -1 -1 1 1 1 1 
-1 -1 -1 0 0 0 0 -1 -1 -1 -1 1 1 1 1 
-1 -1 -1 0 0 0 -1 -1 -1 -1 -1 -1 1 1 1 
-1 -1 -1 0 0 0 -1 -1 -1 -1 -1 -1 1 1 1 
-1 -1 -1 0 0 0 -1 -1 -1 -1 -1 -1 1 1 1 
-1 -1 -1 0 0 0 -1 -1 -1 -1 -1 -1 1 1 1 
-1 -1 -1 0 0 0 -1 -1 -1 -1 -1 -1 1 1 1 
-1 -1 -1 0 0 0 -1 -1 -1 -1 -1 -1 1 1 1 
-1 -1 -1 0 0 0 -1 -1 -1 -1 -1 -1 1 1 1 
-1 -1 -1 0 0 0 -1 -1 -1 -1 -1 -1 1 1 1 
-1 -1 -1 0 0 0 -1 -1 -1 -1 -1 -1 1 1 1 
-1 -1 -1 -1 0 0 -1 -1 -1 -1 -1 -1 1 1 -1 
-1 -1 -1 -1 0 0 -1 -1 -1 -1 -1 -1 1 1 -1 
-1 -1 -1 -1 0 0 -1 -1 -1 -1 -1 -1 1 1 -1 
-1 -1 -1 -1 0 0 -1 -1 -1 -1 -1 -1 1 1 -1 
END
15 1
11 3
2 11
-1 -1 -1 0 0 0 0 -1 -1 -1 -1 1 1 1 1 
-1 -1 -1 0 0 0 0 -1 -1 -1 -1 1 1 1 1 
-1 -1 -1 0 0 0 -1 -1 -1 -1 -1 1 1 1 1 
-1 -1 -1 0 0 0 -1 -1 -1 -1 -1 -1 1 1 1 
-1 -1 -1 0 0 0 -1 -1 -1 -1 -1 -1 1 1 1 
-1 -1 -1 0 0 0 -1 -1 -1 -1 -1 -1 1 1 1 
-1 -1 -1 0 0 0 -1 -1 -1 -1 -1 -1 1 1 1 
-1 -1 -1 0 0 0 -1 -1 -1 -1 -1 -1 1 1 1 
-1 -1 -1 0 0 0 -1 -1 -1 -1 -1 -1 1 1 1 
-1 -1 -1 0 0 0 -1 -1 -1 -1 -1 -1 1 1 1 
-1 -1 -1 0 0 0 -1 -1 -1 -1 -1 -1 1 1 1 
-1 -1 -1 0 0 0 -1 -1 -1 -1 -1 -1 1 1 -1 
-1 -1 -1 -1 0 0 -1 -1 -1 -1 -1 -1 1 1 -1 
-1 -1 -1 -1 0 0 -1 -1 -1 -1 -1 -1 1 1 -1 
-1 -1 -1 -1 0 0 -1 -1 -1 -1 -1 -1 1 1 -1 
END
15 1
12 3
3 11
-1 -1 -1 0 0 0 0 -1 -1 -1 -1 1 1 1 1 
-1 -1 -1 0 0 0 0 -1 -1 -1 -1 1 1 1 1 
-1 -1 -1 0 0 0 -1 -1 -1 -1 -1 1 1 1 1 
-1 -1 -1 0 0 0 -1 -1 -1 -1 -1 1 1 1 1 
-1 -1 -1 0 0 0 -1 -1 -1 -1 -1 -1 1 1 1 
-1 -1 -1 0 0 0 -1 -1 -1 -1 -1 -1 1 1 1 
-1 -1 -1 0 0 0 -1 -1 -1 -1 -1 -1 1 1 1 
-1 -1 -1 0 0 0 -1 -1 -1 -1 -1 -1 1 1 1 
-1 -1 -1 0 0 0 -1 -1 -1 -1 -1 -1 1 1 1 
-1 -1 -1 0 0 0 -1 -1 -1 -1 -1 -1 1 1 1 
-1 -1 -1 0 0 0 -1 -1 -1 -1 -1 -1 1 1 1 
-1 -1 -1 0 0 0 -1 -1 -1 -1 -1 -1 1 1 -1 
-1 -1 -1 0 0 0 -1 -1 -1 -1 -1 -1 1 1 -1 
-1 -1 -1 -1 0 0 -1 -1 -1 -1 -1 -1 1 1 -1 
-1 -1 -1 -1 0 0 -1 -1 -1 -1 -1 -1 1 1 -1 
END
15 1
13 3
4 11
-1 -1 -1 0 0 0 0 -1 -1 -1 -1 1 1 1 1 
-1 -1 -1 0 0 0 0 -1 -1 -1 -1 1 1 1 1 
-1 -1 -1 0 0 0 -1 -1 -1 -1 -1 1 1 1 1 
-1 -1 -1 0 0 0 -1 -1 -1 -1 -1 1 1 1 1 
-1 -1 -1 0 0 0 -1 -1 -1 -1 -1 1 1 1 1 
-1 -1 -1 0 0 0 -1 -1 -1 -1 -1 -1 1 1 1 
-1 -1 -1 0 0 0 -1 -1 -1 -1 -1 -1 1 1 1 
-1 -1 -1 0 0 0 -1 -1 -1 -1 -1 -1 1 1 1 
-1 -1 -1 0 0 0 -1 -1 -1 -1 -1 -1 1 1 1 
-1 -1 -1 0 0 0 -1 -1 -1 -1 -1 -1 1 1 1 
-1 -1 -1 0 0 0 -1 -1 -1 -1 -1 -1 1 1 1 
-1 -1 -1 0 0 0 -1 -1 -1 -1 -1 -1 1 1 -1 
-1 -1 -1 0 0 0 -1 -1 -1 -1 -1 -1 1 1 -1 
-1 -1 -1 0 0 0 -1 -1 -1 -1 -1 -1 1 1 -1 
-1 -1 -1 -1 0 0 -1 -1 -1 -1 -1 -1 1 1 -1 
END
15 1
14 3
5 11
-1 -1 -1 0 0 0 0 -1 -1 -1 -1 1 1 1 1 
-1 -1 -1 0 0 0 0 -1 -1 -1 -1 1 1 1 1 
-1 -1 -1 0 0 0 -1 -1 -1 -1 -1 1 1 1 1 
-1 -1 -1 0 0 0 -1 -1 -1 -1 -1 1 1 1 1 
-1 -1 -1 0 0 0 -1 -1 -1 -1 -1 1 1 1 1 
-1 -1 -1 0 0 0 -1 -1 -1 -1 -1 1 1 1 1 
-1 -1 -1 0 0 0 -1 -1 -1 -1 -1 -1 1 1 1 
-1 -1 -1 0 0 0 -1 -1 -1 -1 -1 -1 1 1 1 
-1 -1 -1 0 0 0 -1 -1 -1 -1 -1 -1 1 1 1 
-1 -1 -1 0 0 0 -1 -1 -1 -1 -1 -1 1 1 1 
-1 -1 -1 0 0 0 -1 -1 -1 -1 -1 -1 1 1 1 
-1 -1 -1 0 0 0 -1 -1 -1 -1 -1 -1 1 1 -1 
-1 -1 -1 0 0 0 -1 -1 -1 -1 -1 -1 1 1 -1 
-1 -1 -1 0 0 0 -1 -1 -1 -1 -1 -1 1 1 -1 
-1 -1 -1 0 0 0 -1 -1 -1 -1 -1 -1 1 1 -1 
END
15 1
14 2
6 11
-1 -1 -1 0 0 0 0 -1 -1 -1 -1 1 1 1 1 
-1 -1 -1 0 0 0 0 -1 -1 -1 -1 1 1 1 1 
-1 -1 -1 0 0 0 -1 -1 -1 -1 -1 1 1 1 1 
-1 -1 -1 0 0 0 -1 -1 -1 -1 -1 1 1 1 1 
-1 -1 -1 0 0 0 -1 -1 -1 -1 -1 1 1 1 1 
-1 -1 -1 0 0 0 -1 -1 -1 -1 -1 1 1 1 1 
-1 -1 -1 0 0 0 -1 -1 -1 -1 -1 1 1 1 1 
-1 -1 -1 0 0 0 -1 -1 -1 -1 -1 -1 1 1 1 
-1 -1 -1 0 0 0 -1 -1 -1 -1 -1 -1 1 1 1 
-1 -1 -1 0 0 0 -1 -1 -1 -1 -1 -1 1 1 1 
-1 -1 -1 0 0 0 -1 -1 -1 -1 -1 -1 1 1 1 
-1 -1 -1 0 0 0 -1 -1 -1 -1 -1 -1 1 1 -1 
-1 -1 -1 0 0 0 -1 -1 -1 -1 -1 -1 1 1 -1 
-1 -1 -1 0 0 0 -1 -1 -1 -1 -1 -1 1 1 -1 
-1 -1 0 0 0 0 -1 -1 -1 -1 -1 -1 1 1 -1 
END
15 1
13 2
7 11
-1 -1 -1 0 0 0 0 -1 -1 -1 -1 1 1 1 1 
-1 -1 -1 0 0 0 0 -1 -1 -1 -1 1 1 1 1 
-1 -1 -1 0 0 0 -1 -1 -1 -1 -1 1 1 1 1 
-1 -1 -1 0 0 0 -1 -1 -1 -1 -1 1 1 1 1 
-1 -1 -1 0 0 0 -1 -1 -1 -1 -1 1 1 1 1 
-1 -1 -1 0 0 0 -1 -1 -1 -1 -1 1 1 1 1 
-1 -1 -1 0 0 0 -1 -1 -1 -1 -1 1 1 1 1 
-1 -1 -1 0 0 0 -1 -1 -1 -1 -1 1 1 1 1 
-1 -1 -1 0 0 0 -1 -1 -1 -1 -1 -1 1 1 1 
-1 -1 -1 0 0 0 -1 -1 -1 -1 -1 -1 1 1 1 
-1 -1 -1 0 0 0 -1 -1 -1 -1 -1 -1 1 1 1 
-1 -1 -1 0 0 0 -1 -1 -1 -1 -1 -1 1 1 -1 
-1 -1 -1 0 0 0 -1 -1 -1 -1 -1 -1 1 1 -1 
-1 -1 0 0 0 0 -1 -1 -1 -1 -1 -1 1 1 -1 
-1 -1 0 0 0 0 -1 -1 -1 -1 -1 -1 1 1 -1 
END
15 1
12 2
8 11
-1 -1 -1 0 0 0 0 -1 -1 -1 -1 1 1 1 1 
-1 -1 -1 0 0 0 0 -1 -1 -1 -1 1 1 1 1 
-1 -1 -1 0 0 0 -1 -1 -1 -1 -1 1 1 1 1 
-1 -1 -1 0 0 0 -1 -1 -1 -1 -1 1 1 1 1 
-1 -1 -1 0 0 0 -1 -1 -1 -1 -1 1 1 1 1 
-1 -1 -1 0 0 0 -1 -1 -1 -1 -1 1 1 1 1 
-1 -1 -1 0 0 0 -1 -1 -1 -1 -1 1 1 1 1 
-1 -1 -1 0 0 0 -1 -1 -1 -1 -1 1 1 1 1 
-1 -1 -1 0 0 0 -1 -1 -1 -1 -1 1 1 1 1 
-1 -1 -1 0 0 0 -1 -1 -1 -1 -1 -1 1 1 1 
-1 -1 -1 0 0 0 -1 -1 -1 -1 -1 -1 1 1 1 
-1 -1 -1 0 0 0 -1 -1 -1 -1 -1 -1 1 1 -1 
-1 -1 0 0 0 0 -1 -1 -1 -1 -1 -1 1 1 -1 
-1 -1 0 0 0 0 -1 -1 -1 -1 -1 -1 1 1 -1 
-1 -1 0 0 0 0 -1 -1 -1 -1 -1 -1 1 1 -1 
END
15 1
11 2
9 11
-1 -1 -1 0 0 0 0 -1 -1 -1 -1 1 1 1 1 
-1 -1 -1 0 0 0 0 -1 -1 -1 -1 1 1 1 1 
-1 -1 -1 0 0 0 -1 -1 -1 -1 -1 1 1 1 1 
-1 -1 -1 0 0 0 -1 -1 -1 -1 -1 1 1 1 1 
-1 -1 -1 0 0 0 -1 -1 -1 -1 -1 1 1 1 1 
-1 -1 -1 0 0 0 -1 -1 -1 -1 -1 1 1 1 1 
-1 -1 -1 0 0 0 -1 -1 -1 -1 -1 1 1 1 1 
-1 -1 -1 0 0 0 -1 -1 -1 -1 -1 1 1 1 1 
-1 -1 -1 0 0 0 -1 -1 -1 -1 -1 1 1 1 1 
-1 -1 -1 0 0 0 -1 -1 -1 -1 -1 1 1 1 1 
-1 -1 -1 0 0 0 -1 -1 -1 -1 -1 -1 1 1 1 
-1 -1 0 0 0 0 -1 -1 -1 -1 -1 -1 1 1 -1 
-1 -1 0 0 0 0 -1 -1 -1 -1 -1 -1 1 1 -1 
-1 -1 0 0 0 0 -1 -1 -1 -1 -1 -1 1 1 -1 
-1 -1 0 0 0 0 -1 -1 -1 -1 -1 -1 1 1 -1 
END
15 1
10 2
10 11
-1 -1 -1 0 0 0 0 -1 -1 -1 -1 1 1 1 1 
-1 -1 -1 0 0 0 0 -1 -1 -1 -1 1 1 1 1 
-1 -1 -1 0 0 0 -1 -1 -1 -1 -1 1 1 1 1 
-1 -1 -1 0 0 0 -1 -1 -1 -1 -1 1 1 1 1 
-1 -1 -1 0 0 0 -1 -1 -1 -1 -1 1 1 1 1 
-1 -1 -1 0 0 0 -1 -1 -1 -1 -1 1 1 1 1 
-1 -1 -1 0 0 0 -1 -1 -1 -1 -1 1 1 1 1 
-1 -1 -1 0 0 0 -1 -1 -1 -1 -1 1 1 1 1 
-1 -1 -1 0 0 0 -1 -1 -1 -1 -1 1 1 1 1 
-1 -1 -1 0 0 0 -1 -1 -1 -1 -1 1 1 1 1 
-1 -1 0 0 0 0 -1 -1 -1 -1 -1 1 1 1 1 
-1 -1 0 0 0 0 -1 -1 -1 -1 -1 -1 1 1 -1 
-1 -1 0 0 0 0 -1 -1 -1 -1 -1 -1 1 1 -1 
-1 -1 0 0 0 0 -1 -1 -1 -1 -1 -1 1 1 -1 
-1 -1 0 0 0 0 -1 -1 -1 -1 -1 -1 1 1 -1 
END
15 1
9 2
11 11
-1 -1 -1 0 0 0 0 -1 -1 -1 -1 1 1 1 1 
-1 -1 -1 0 0 0 0 -1 -1 -1 -1 1 1 1 1 
-1 -1 -1 0 0 0 -1 -1 -1 -1 -1 1 1 1 1 
-1 -1 -1 0 0 0 -1 -1 -1 -1 -1 1 1 1 1 
-1 -1 -1 0 0 0 -1 -1 -1 -1 -1 1 1 1 1 
-1 -1 -1 0 0 0 -1 -1 -1 -1 -1 1 1 1 1 
-1 -1 -1 0 0 0 -1 -1 -1 -1 -1 1 1 1 1 
-1 -1 -1 0 0 0 -1 -1 -1 -1 -1 1 1 1 1 
-1 -1 -1 0 0 0 -1 -1 -1 -1 -1 1 1 1 1 
-1 -1 0 0 0 0 -1 -1 -1 -1 -1 1 1 1 1 
-1 -1 0 0 0 0 -1 -1 -1 -1 -1 1 1 1 1 
-1 -1 0 0 0 0 -1 -1 -1 -1 -1 1 1 1 -1 
-1 -1 0 0 0 0 -1 -1 -1 -1 -1 -1 1 1 -1 
-1 -1 0 0 0 0 -1 -1 -1 -1 -1 -1 1 1 -1 
-1 -1 0 0 0 0 -1 -1 -1 -1 -1 -1 1 1 -1 
END
15 1
8 2
12 11
-1 -1 -1 0 0 0 0 -1 -1 -1 -1 1 1 1 1 
-1 -1 -1 0 0 0 0 -1 -1 -1 -1 1 1 1 1 
-1 -1 -1 0 0 0 -1 -1 -1 -1 -1 1 1 1 1 
-1 -1 -1 0 0 0 -1 -1 -1 -1 -1 1 1 1 1 
-1 -1 -1 0 0 0 -1 -1 -1 -1 -1 1 1 1 1 
-1 -1 -1 0 0 0 -1 -1 -1 -1 -1 1 1 1 1 
-1 -1 -1 0 0 0 -1 -1 -1 -1 -1 1 1 1 1 
-1 -1 -1 0 0 0 -1 -1 -1 -1 -1 1 1 1 1 
-1 -1 0 0 0 0 -1 -1 -1 -1 -1 1 1 1 1 
-1 -1 0 0 0 0 -1 -1 -1 -1 -1 1 1 1 1 
-1 -1 0 0 0 0 -1 -1 -1 -1 -1 1 1 1 1 
-1 -1 0 0 0 0 -1 -1 -1 -1 -1 1 1 1 -1 
-1 -1 0 0 0 0 -1 -1 -1 -1 -1 1 1 1 -1 
-1 -1 0 0 0 0 -1 -1 -1 -1 -1 -1 1 1 -1 
-1 -1 0 0 0 0 -1 -1 -1 -1 -1 -1 1 1 -1 
END
15 1
7 2
13 11
-1 -1 -1 0 0 0 0 -1 -1 -1 -1 1 1 1 1 
-1 -1 -1 0 0 0 0 -1 -1 -1 -1 1 1 1 1 
-1 -1 -1 0 0 0 -1 -1 -1 -1 -1 1 1 1 1 
-1 -1 -1 0 0 0 -1 -1 -1 -1 -1 1 1 1 1 
-1 -1 -1 0 0 0 -1 -1 -1 -1 -1 1 1 1 1 
-1 -1 -1 0 0 0 -1 -1 -1 -1 -1 1 1 1 1 
-1 -1 -1 0 0 0 -1 -1 -1 -1 -1 1 1 1 1 
-1 -1 0 0 0 0 -1 -1 -1 -1 -1 1 1 1 1 
-1 -1 0 0 0 0 -1 -1 -1 -1 -1 1 1 1 1 
-1 -1 0 0 0 0 -1 -1 -1 -1 -1 1 1 1 1 
-1 -1 0 0 0 0 -1 -1 -1 -1 -1 1 1 1 1 
-1 -1 0 0 0 0 -1 -1 -1 -1 -1 1 1 1 -1 
-1 -1 0 0 0 0 -1 -1 -1 -1 -1 1 1 1 -1 
-1 -1 0 0 0 0 -1 -1 -1 -1 -1 1 1 1 -1 
-1 -1 0 0 0 0 -1 -1 -1 -1 -1 -1 1 1 -1 
END
15 1
6 2
14 11
-1 -1 -1 0 0 0 0 -1 -1 -1 -1 1 1 1 1 
-1 -1 -1 0 0 0 0 -1 -1 -1 -1 1 1 1 1 
-1 -1 -1 0 0 0 -1 -1 -1 -1 -1 1 1 1 1 
-1 -1 -1 0 0 0 -1 -1 -1 -1 -1 1 1 1 1 
-1 -1 -1 0 0 0 -1 -1 -1 -1 -1 1 1 1 1 
-1 -1 -1 0 0 0 -1 -1 -1 -1 -1 1 1 1 1 
-1 -1 0 0 0 0 -1 -1 -1 -1 -1 1 1 1 1 
-1 -1 0 0 0 0 -1 -1 -1 -1 -1 1 1 1 1 
-1 -1 0 0 0 0 -1 -1 -1 -1 -1 1 1 1 1 
-1 -1 0 0 0 0 -1 -1 -1 -1 -1 1 1 1 1 
-1 -1 0 0 0 0 -1 -1 -1 -1 -1 1 1 1 1 
-1 -1 0 0 0 0 -1 -1 -1 -1 -1 1 1 1 -1 
-1 -1 0 0 0 0 -1 -1 -1 -1 -1 1 1 1 -1 
-1 -1 0 0 0 0 -1 -1 -1 -1 -1 1 1 1 -1 
-1 -1 0 0 0 0 -1 -1 -1 -1 -1 1 1 1 -1 
END
15 1
5 2
14 10
-1 -1 -1 0 0 0 0 -1 -1 -1 -1 1 1 1 1 
-1 -1 -1 0 0 0 0 -1 -1 -1 -1 1 1 1 1 
-1 -1 -1 0 0 0 -1 -1 -1 -1 -1 1 1 1 1 
-1 -1 -1 0 0 0 -1 -1 -1 -1 -1 1 1 1 1 
-1 -1 -1 0 0 0 -1 -1 -1 -1 -1 1 1 1 1 
-1 -1 0 0 0 0 -1 -1 -1 -1 -1 1 1 1 1 
-1 -1 0 0 0 0 -1 -1 -1 -1 -1 1 1 1 1 
-1 -1 0 0 0 0 -1 -1 -1 -1 -1 1 1 1 1 
-1 -1 0 0 0 0 -1 -1 -1 -1 -1 1 1 1 1 
-1 -1 0 0 0 0 -1 -1 -1 -1 -1 1 1 1 1 
-1 -1 0 0 0 0 -1 -1 -1 -1 -1 1 1 1 1 
-1 -1 0 0 0 0 -1 -1 -1 -1 -1 1 1 1 -1 
-1 -1 0 0 0 0 -1 -1 -1 -1 -1 1 1 1 -1 
-1 -1 0 0 0 0 -1 -1 -1 -1 -1 1 1 1 -1 
-1 -1 0 0 0 0 -1 -1 -1 -1 1 1 1 1 -1 
END
15 1
4 2
13 10
-1 -1 -1 0 0 0 0 -1 -1 -1 -1 1 1 1 1 
-1 -1 -1 0 0 0 0 -1 -1 -1 -1 1 1 1 1 
-1 -1 -1 0 0 0 -1 -1 -1 -1 -1 1 1 1 1 
-1 -1 -1 0 0 0 -1 -1 -1 -1 -1 1 1 1 1 
-1 -1 0 0 0 0 -1 -1 -1 -1 -1 1 1 1 1 
-1 -1 0 0 0 0 -1 -1 -1 -1 -1 1 1 1 1 
-1 -1 0 0 0 0 -1 -1 -1 -1 -1 1 1 1 1 
-1 -1 0 0 0 0 -1 -1 -1 -1 -1 1 1 1 1 
-1 -1 0 0 0 0 -1 -1 -1 -1 -1 1 1 1 1 
-1 -1 0 0 0 0 -1 -1 -1 -1 -1 1 1 1 1 
-1 -1 0 0 0 0 -1 -1 -1 -1 -1 1 1 1 1 
-1 -1 0 0 0 0 -1 -1 -1 -1 -1 1 1 1 -1 
-1 -1 0 0 0 0 -1 -1 -1 -1 -1 1 1 1 -1 
-1 -1 0 0 0 0 -1 -1 -1 -1 1 1 1 1 -1 
-1 -1 0 0 0 0 -1 -1 -1 -1 1 1 1 1 -1 
END
15 1
3 2
12 10
-1 -1 -1 0 0 0 0 -1 -1 -1 -1 1 1 1 1 
-1 -1 -1 0 0 0 0 -1 -1 -1 -1 1 1 1 1 
-1 -1 -1 0 0 0 -1 -1 -1 -1 -1 1 1 1 1 
-1 -1 0 0 0 0 -1 -1 -1 -1 -1 1 1 1 1 
-1 -1 0 0 0 0 -1 -1 -1 -1 -1 1 1 1 1 
-1 -1 0 0 0 0 -1 -1 -1 -1 -1 1 1 1 1 
-1 -1 0 0 0 0 -1 -1 -1 -1 -1 1 1 1 1 
-1 -1 0 0 0 0 -1 -1 -1 -1 -1 1 1 1 1 
-1 -1 0 0 0 0 -1 -1 -1 -1 -1 1 1 1 1 
-1 -1 0 0 0 0 -1 -1 -1 -1 -1 1 1 1 1 
-1 -1 0 0 0 0 -1 -1 -1 -1 -1 1 1 1 1 
-1 -1 0 0 0 0 -1 -1 -1 -1 -1 1 1 1 -1 
-1 -1 0 0 0 0 -1 -1 -1 -1 1 1 1 1 -1 
-1 -1 0 0 0 0 -1 -1 -1 -1 1 1 1 1 -1 
-1 -1 0 0 0 0 -1 -1 -1 -1 1 1 1 1 -1 
END
15 1
2 2
11 10
-1 -1 -1 0 0 0 0 -1 -1 -1 -1 1 1 1 1 
-1 -1 -1 0 0 0 0 -1 -1 -1 -1 1 1 1 1 
-1 -1 0 0 0 0 -1 -1 -1 -1 -1 1 1 1 1 
-1 -1 0 0 0 0 -1 -1 -1 -1 -1 1 1 1 1 
-1 -1 0 0 0 0 -1 -1 -1 -1 -1 1 1 1 1 
-1 -1 0 0 0 0 -1 -1 -1 -1 -1 1 1 1 1 
-1 -1 0 0 0 0 -1 -1 -1 -1 -1 1 1 1 1 
-1 -1 0 0 0 0 -1 -1 -1 -1 -1 1 1 1 1 
-1 -1 0 0 0 0 -1 -1 -1 -1 -1 1 1 1 1 
-1 -1 0 0 0 0 -1 -1 -1 -1 -1 1 1 1 1 
-1 -1 0 0 0 0 -1 -1 -1 -1 -1 1 1 1 1 
-1 -1 0 0 0 0 -1 -1 -1 -1 1 1 1 1 -1 
-1 -1 0 0 0 0 -1 -1 -1 -1 1 1 1 1 -1 
-1 -1 0 0 0 0 -1 -1 -1 -1 1 1 1 1 -1 
-1 -1 0 0 0 0 -1 -1 -1 -1 1 1 1 1 -1 
END
15 1
1 2
10 10
-1 -1 -1 0 0 0 0 -1 -1 -1 -1 1 1 1 1 
-1 -1 0 0 0 0 0 -1 -1 -1 -1 1 1 1 1 
-1 -1 0 0 0 0 -1 -1 -1 -1 -1 1 1 1 1 
-1 -1 0 0 0 0 -1 -1 -1 -1 -1 1 1 1 1 
-1 -1 0 0 0 0 -1 -1 -1 -1 -1 1 1 1 1 
-1 -1 0 0 0 0 -1 -1 -1 -1 -1 1 1 1 1 
-1 -1 0 0 0 0 -1 -1 -1 -1 -1 1 1 1 1 
-1 -1 0 0 0 0 -1 -1 -1 -1 -1 1 1 1 1 
-1 -1 0 0 0 0 -1 -1 -1 -1 -1 1 1 1 1 
-1 -1 0 0 0 0 -1 -1 -1 -1 -1 1 1 1 1 
-1 -1 0 0 0 0 -1 -1 -1 -1 1 1 1 1 1 
-1 -1 0 0 0 0 -1 -1 -1 -1 1 1 1 1 -1 
-1 -1 0 0 0 0 -1 -1 -1 -1 1 1 1 1 -1 
-1 -1 0 0 0 0 -1 -1 -1 -1 1 1 1 1 -1 
-1 -1 0 0 0 0 -1 -1 -1 -1 1 1 1 1 -1 
END
15 1
0 2
9 10
-1 -1 0 0 0 0 0 -1 -1 -1 -1 1 1 1 1 
-1 -1 0 0 0 0 0 -1 -1 -1 -1 1 1 1 1 
-1 -1 0 0 0 0 -1 -1 -1 -1 -1 1 1 1 1 
-1 -1 0 0 0 0 -1 -1 -1 -1 -1 1 1 1 1 
-1 -1 0 0 0 0 -1 -1 -1 -1 -1 1 1 1 1 
-1 -1 0 0 0 0 -1 -1 -1 -1 -1 1 1 1 1 
-1 -1 0 0 0 0 -1 -1 -1 -1 -1 1 1 1 1 
-1 -1 0 0 0 0 -1 -1 -1 -1 -1 1 1 1 1 
-1 -1 0 0 0 0 -1 -1 -1 -1 -1 1 1 1 1 
-1 -1 0 0 0 0 -1 -1 -1 -1 1 1 1 1 1 
-1 -1 0 0 0 0 -1 -1 -1 -1 1 1 1 1 1 
-1 -1 0 0 0 0 -1 -1 -1 -1 1 1 1 1 -1 
-1 -1 0 0 0 0 -1 -1 -1 -1 1 1 1 1 -1 
-1 -1 0 0 0 0 -1 -1 -1 -1 1 1 1 1 -1 
-1 -1 0 0 0 0 -1 -1 -1 -1 1 1 1 1 -1 
END
15 1
0 1
8 10
-1 0 0 0 0 0 0 -1 -1 -1 -1 1 1 1 1 
-1 -1 0 0 0 0 0 -1 -1 -1 -1 1 1 1 1 
-1 -1 0 0 0 0 -1 -1 -1 -1 -1 1 1 1 1 
-1 -1 0 0 0 0 -1 -1 -1 -1 -1 1 1 1 1 
-1 -1 0 0 0 0 -1 -1 -1 -1 -1 1 1 1 1 
-1 -1 0 0 0 0 -1 -1 -1 -1 -1 1 1 1 1 
-1 -1 0 0 0 0 -1 -1 -1 -1 -1 1 1 1 1 
-1 -1 0 0 0 0 -1 -1 -1 -1 -1 1 1 1 1 
-1 -1 0 0 0 0 -1 -1 -1 -1 1 1 1 1 1 
-1 -1 0 0 0 0 -1 -1 -1 -1 1 1 1 1 1 
-1 -1 0 0 0 0 -1 -1 -1 -1 1 1 1 1 1 
-1 -1 0 0 0 0 -1 -1 -1 -1 1 1 1 1 -1 
-1 -1 0 0 0 0 -1 -1 -1 -1 1 1 1 1 -1 
-1 -1 0 0 0 0 -1 -1 -1 -1 1 1 1 1 -1 
-1 -1 0 0 0 0 -1 -1 -1 -1 1 1 1 1 -1 
END
15 1
1 1
7 10
-1 0 0 0 0 0 0 -1 -1 -1 -1 1 1 1 1 
-1 0 0 0 0 0 0 -1 -1 -1 -1 1 1 1 1 
-1 -1 0 0 0 0 -1 -1 -1 -1 -1 1 1 1 1 
-1 -1 0 0 0 0 -1 -1 -1 -1 -1 1 1 1 1 
-1 -1 0 0 0 0 -1 -1 -1 -1 -1 1 1 1 1 
-1 -1 0 0 0 0 -1 -1 -1 -1 -1 1 1 1 1 
-1 -1 0 0 0 0 -1 -1 -1 -1 -1 1 1 1 1 
-1 -1 0 0 0 0 -1 -1 -1 -1 1 1 1 1 1 
-1 -1 0 0 0 0 -1 -1 -1 -1 1 1 1 1 1 
-1 -1 0 0 0 0 -1 -1 -1 -1 1 1 1 1 1 
-1 -1 0 0 0 0 -1 -1 -1 -1 1 1 1 1 1 
-1 -1 0 0 0 0 -1 -1 -1 -1 1 1 1 1 -1 
-1 -1 0 0 0 0 -1 -1 -1 -1 1 1 1 1 -1 
-1 -1 0 0 0 0 -1 -1 -1 -1 1 1 1 1 -1 
-1 -1 0 0 0 0 -1 -1 -1 -1 1 1 1 1 -1 
END
15 1
2 1
6 10
-1 0 0 0 0 0 0 -1 -1 -1 -1 1 1 1 1 
-1 0 0 0 0 0 0 -1 -1 -1 -1 1 1 1 1 
-1 0 0 0 0 0 -1 -1 -1 -1 -1 1 1 1 1 
-1 -1 0 0 0 0 -1 -1 -1 -1 -1 1 1 1 1 
-1 -1 0 0 0 0 -1 -1 -1 -1 -1 1 1 1 1 
-1 -1 0 0 0 0 -1 -1 -1 -1 -1 1 1 1 1 
-1 -1 0 0 0 0 -1 -1 -1 -1 1 1 1 1 1 
-1 -1 0 0 0 0 -1 -1 -1 -1 1 1 1 1 1 
-1 -1 0 0 0 0 -1 -1 -1 -1 1 1 1 1 1 
-1 -1 0 0 0 0 -1 -1 -1 -1 1 1 1 1 1 
-1 -1 0 0 0 0 -1 -1 -1 -1 1 1 1 1 1 
-1 -1 0 0 0 0 -1 -1 -1 -1 1 1 1 1 -1 
-1 -1 0 0 0 0 -1 -1 -1 -1 1 1 1 1 -1 
-1 -1 0 0 0 0 -1 -1 -1 -1 1 1 1 1 -1 
-1 -1 0 0 0 0 -1 -1 -1 -1 1 1 1 1 -1 
END
15 1
3 1
5 10
-1 0 0 0 0 0 0 -1 -1 -1 -1 1 1 1 1 
-1 0 0 0 0 0 0 -1 -1 -1 -1 1 1 1 1 
-1 0 0 0 0 0 -1 -1 -1 -1 -1 1 1 1 1 
-1 0 0 0 0 0 -1 -1 -1 -1 -1 1 1 1 1 
-1 -1 0 0 0 0 -1 -1 -1 -1 -1 1 1 1 1 
-1 -1 0 0 0 0 -1 -1 -1 -1 1 1 1 1 1 
-1 -1 0 0 0 0 -1 -1 -1 -1 1 1 1 1 1 
-1 -1 0 0 0 0 -1 -1 -1 -1 1 1 1 1 1 
-1 -1 0 0 0 0 -1 -1 -1 -1 1 1 1 1 1 
-1 -1 0 0 0 0 -1 -1 -1 -1 1 1 1 1 1 
-1 -1 0 0 0 0 -1 -1 -1 -1 1 1 1 1 1 
-1 -1 0 0 0 0 -1 -1 -1 -1 1 1 1 1 -1 
-1 -1 0 0 0 0 -1 -1 -1 -1 1 1 1 1 -1 
-1 -1 0 0 0 0 -1 -1 -1 -1 1 1 1 1 -1 
-1 -1 0 0 0 0 -1 -1 -1 -1 1 1 1 1 -1 
END
15 1
4 1
4 10
-1 0 0 0 0 0 0 -1 -1 -1 -1 1 1 1 1 
-1 0 0 0 0 0 0 -1 -1 -1 -1 1 1 1 1 
-1 0 0 0 0 0 -1 -1 -1 -1 -1 1 1 1 1 
-1 0 0 0 0 0 -1 -1 -1 -1 -1 1 1 1 1 
-1 0 0 0 0 0 -1 -1 -1 -1 1 1 1 1 1 
-1 -1 0 0 0 0 -1 -1 -1 -1 1 1 1 1 1 
-1 -1 0 0 0 0 -1 -1 -1 -1 1 1 1 1 1 
-1 -1 0 0 0 0 -1 -1 -1 -1 1 1 1 1 1 
-1 -1 0 0 0 0 -1 -1 -1 -1 1 1 1 1 1 
-1 -1 0 0 0 0 -1 -1 -1 -1 1 1 1 1 1 
-1 -1 0 0 0 0 -1 -1 -1 -1 1 1 1 1 1 
-1 -1 0 0 0 0 -1 -1 -1 -1 1 1 1 1 -1 
-1 -1 0 0 0 0 -1 -1 -1 -1 1 1 1 1 -1 
-1 -1 0 0 0 0 -1 -1 -1 -1 1 1 1 1 -1 
-1 -1 0 0 0 0 -1 -1 -1 -1 1 1 1 1 -1 
END
15 1
5 1
3 10
-1 0 0 0 0 0 0 -1 -1 -1 -1 1 1 1 1 
-1 0 0 0 0 0 0 -1 -1 -1 -1 1 1 1 1 
-1 0 0 0 0 0 -1 -1 -1 -1 -1 1 1 1 1 
-1 0 0 0 0 0 -1 -1 -1 -1 1 1 1 1 1 
-1 0 0 0 0 0 -1 -1 -1 -1 1 1 1 1 1 
-1 0 0 0 0 0 -1 -1 -1 -1 1 1 1 1 1 
-1 -1 0 0 0 0 -1 -1 -1 -1 1 1 1 1 1 
-1 -1 0 0 0 0 -1 -1 -1 -1 1 1 1 1 1 
-1 -1 0 0 0 0 -1 -1 -1 -1 1 1 1 1 1 
-1 -1 0 0 0 0 -1 -1 -1 -1 1 1 1 1 1 
-1 -1 0 0 0 0 -1 -1 -1 -1 1 1 1 1 1 
-1 -1 0 0 0 0 -1 -1 -1 -1 1 1 1 1 -1 
-1 -1 0 0 0 0 -1 -1 -1 -1 1 1 1 1 -1 
-1 -1 0 0 0 0 -1 -1 -1 -1 1 1 1 1 -1 
-1 -1 0 0 0 0 -1 -1 -1 -1 1 1 1 1 -1 
END
15 1
6 1
2 10
-1 0 0 0 0 0 0 -1 -1 -1 -1 1 1 1 1 
-1 0 0 0 0 0 0 -1 -1 -1 -1 1 1 1 1 
-1 0 0 0 0 0 -1 -1 -1 -1 1 1 1 1 1 
-1 0 0 0 0 0 -1 -1 -1 -1 1 1 1 1 1 
-1 0 0 0 0 0 -1 -1 -1 -1 1 1 1 1 1 
-1 0 0 0 0 0 -1 -1 -1 -1 1 1 1 1 1 
-1 0 0 0 0 0 -1 -1 -1 -1 1 1 1 1 1 
-1 -1 0 0 0 0 -1 -1 -1 -1 1 1 1 1 1 
-1 -1 0 0 0 0 -1 -1 -1 -1 1 1 1 1 1 
-1 -1 0 0 0 0 -1 -1 -1 -1 1 1 1 1 1 
-1 -1 0 0 0 0 -1 -1 -1 -1 1 1 1 1 1 
-1 -1 0 0 0 0 -1 -1 -1 -1 1 1 1 1 -1 
-1 -1 0 0 0 0 -1 -1 -1 -1 1 1 1 1 -1 
-1 -1 0 0 0 0 -1 -1 -1 -1 1 1 1 1 -1 
-1 -1 0 0 0 0 -1 -1 -1 -1 1 1 1 1 -1 
END
15 1
7 1
1 10
-1 0 0 0 0 0 0 -1 -1 -1 -1 1 1 1 1 
-1 0 0 0 0 0 0 -1 -1 -1 1 1 1 1 1 
-1 0 0 0 0 0 -1 -1 -1 -1 1 1 1 1 1 
-1 0 0 0 0 0 -1 -1 -1 -1 1 1 1 1 1 
-1 0 0 0 0 0 -1 -1 -1 -1 1 1 1 1 1 
-1 0 0 0 0 0 -1 -1 -1 -1 1 1 1 1 1 
-1 0 0 0 0 0 -1 -1 -1 -1 1 1 1 1 1 
-1 0 0 0 0 0 -1 -1 -1 -1 1 1 1 1 1 
-1 -1 0 0 0 0 -1 -1 -1 -1 1 1 1 1 1 
-1 -1 0 0 0 0 -1 -1 -1 -1 1 1 1 1 1 
-1 -1 0 0 0 0 -1 -1 -1 -1 1 1 1 1 1 
-1 -1 0 0 0 0 -1 -1 -1 -1 1 1 1 1 -1 
-1 -1 0 0 0 0 -1 -1 -1 -1 1 1 1 1 -1 
-1 -1 0 0 0 0 -1 -1 -1 -1 1 1 1 1 -1 
-1 -1 0 0 0 0 -1 -1 -1 -1 1 1 1 1 -1 
END
15 1
8 1
0 10
-1 0 0 0 0 0 0 -1 -1 -1 1 1 1 1 1 
-1 0 0 0 0 0 0 -1 -1 -1 1 1 1 1 1 
-1 0 0 0 0 0 -1 -1 -1 -1 1 1 1 1 1 
-1 0 0 0 0 0 -1 -1 -1 -1 1 1 1 1 1 
-1 0 0 0 0 0 -1 -1 -1 -1 1 1 1 1 1 
-1 0 0 0 0 0 -1 -1 -1 -1 1 1 1 1 1 
-1 0 0 0 0 0 -1 -1 -1 -1 1 1 1 1 1 
-1 0 0 0 0 0 -1 -1 -1 -1 1 1 1 1 1 
-1 0 0 0 0 0 -1 -1 -1 -1 1 1 1 1 1 
-1 -1 0 0 0 0 -1 -1 -1 -1 1 1 1 1 1 
-1 -1 0 0 0 0 -1 -1 -1 -1 1 1 1 1 1 
-1 -1 0 0 0 0 -1 -1 -1 -1 1 1 1 1 -1 
-1 -1 0 0 0 0 -1 -1 -1 -1 1 1 1 1 -1 
-1 -1 0 0 0 0 -1 -1 -1 -1 1 1 1 1 -1 
-1 -1 0 0 0 0 -1 -1 -1 -1 1 1 1 1 -1 
END
15 1
9 1
0 9
-1 0 0 0 0 0 0 -1 -1 1 1 1 1 1 1 
-1 0 0 0 0 0 0 -1 -1 -1 1 1 1 1 1 
-1 0 0 0 0 0 -1 -1 -1 -1 1 1 1 1 1 
-1 0 0 0 0 0 -1 -1 -1 -1 1 1 1 1 1 
-1 0 0 0 0 0 -1 -1 -1 -1 1 1 1 1 1 
-1 0 0 0 0 0 -1 -1 -1 -1 1 1 1 1 1 
-1 0 0 0 0 0 -1 -1 -1 -1 1 1 1 1 1 
-1 0 0 0 0 0 -1 -1 -1 -1 1 1 1 1 1 
-1 0 0 0 0 0 -1 -1 -1 -1 1 1 1 1 1 
-1 0 0 0 0 0 -1 -1 -1 -1 1 1 1 1 1 
-1 -1 0 0 0 0 -1 -1 -1 -1 1 1 1 1 1 
-1 -1 0 0 0 0 -1 -1 -1 -1 1 1 1 1 -1 
-1 -1 0 0 0 0 -1 -1 -1 -1 1 1 1 1 -1 
-1 -1 0 0 0 0 -1 -1 -1 -1 1 1 1 1 -1 
-1 -1 0 0 0 0 -1 -1 -1 -1 1 1 1 1 -1 
END
15 1
10 1
1 9
-1 0 0 0 0 0 0 -1 -1 1 1 1 1 1 1 
-1 0 0 0 0 0 0 -1 -1 1 1 1 1 1 1 
-1 0 0 0 0 0 -1 -1 -1 -1 1 1 1 1 1 
-1 0 0 0 0 0 -1 -1 -1 -1 1 1 1 1 1 
-1 0 0 0 0 0 -1 -1 -1 -1 1 1 1 1 1 
-1 0 0 0 0 0 -1 -1 -1 -1 1 1 1 1 1 
-1 0 0 0 0 0 -1 -1 -1 -1 1 1 1 1 1 
-1 0 0 0 0 0 -1 -1 -1 -1 1 1 1 1 1 
-1 0 0 0 0 0 -1 -1 -1 -1 1 1 1 1 1 
-1 0 0 0 0 0 -1 -1 -1 -1 1 1 1 1 1 
-1 0 0 0 0 0 -1 -1 -1 -1 1 1 1 1 1 
-1 -1 0 0 0 0 -1 -1 -1 -1 1 1 1 1 -1 
-1 -1 0 0 0 0 -1 -1 -1 -1 1 1 1 1 -1 
-1 -1 0 0 0 0 -1 -1 -1 -1 1 1 1 1 -1 
-1 -1 0 0 0 0 -1 -1 -1 -1 1 1 1 1 -1 
END
15 1
11 1
2 9
-1 0 0 0 0 0 0 -1 -1 1 1 1 1 1 1 
-1 0 0 0 0 0 0 -1 -1 1 1 1 1 1 1 
-1 0 0 0 0 0 -1 -1 -1 1 1 1 1 1 1 
-1 0 0 0 0 0 -1 -1 -1 -1 1 1 1 1 1 
-1 0 0 0 0 0 -1 -1 -1 -1 1 1 1 1 1 
-1 0 0 0 0 0 -1 -1 -1 -1 1 1 1 1 1 
-1 0 0 0 0 0 -1 -1 -1 -1 1 1 1 1 1 
-1 0 0 0 0 0 -1 -1 -1 -1 1 1 1 1 1 
-1 0 0 0 0 0 -1 -1 -1 -1 1 1 1 1 1 
-1 0 0 0 0 0 -1 -1 -1 -1 1 1 1 1 1 
-1 0 0 0 0 0 -1 -1 -1 -1 1 1 1 1 1 
-1 0 0 0 0 0 -1 -1 -1 -1 1 1 1 1 -1 
-1 -1 0 0 0 0 -1 -1 -1 -1 1 1 1 1 -1 
-1 -1 0 0 0 0 -1 -1 -1 -1 1 1 1 1 -1 
-1 -1 0 0 0 0 -1 -1 -1 -1 1 1 1 1 -1 
END
15 1
12 1
3 9
-1 0 0 0 0 0 0 -1 -1 1 1 1 1 1 1 
-1 0 0 0 0 0 0 -1 -1 1 1 1 1 1 1 
-1 0 0 0 0 0 -1 -1 -1 1 1 1 1 1 1 
-1 0 0 0 0 0 -1 -1 -1 1 1 1 1 1 1 
-1 0 0 0 0 0 -1 -1 -1 -1 1 1 1 1 1 
-1 0 0 0 0 0 -1 -1 -1 -1 1 1 1 1 1 
-1 0 0 0 0 0 -1 -1 -1 -1 1 1 1 1 1 
-1 0 0 0 0 0 -1 -1 -1 -1 1 1 1 1 1 
-1 0 0 0 0 0 -1 -1 -1 -1 1 1 1 1 1 
-1 0 0 0 0 0 -1 -1 -1 -1 1 1 1 1 1 
-1 0 0 0 0 0 -1 -1 -1 -1 1 1 1 1 1 
-1 0 0 0 0 0 -1 -1 -1 -1 1 1 1 1 -1 
-1 0 0 0 0 0 -1 -1 -1 -1 1 1 1 1 -1 
-1 -1 0 0 0 0 -1 -1 -1 -1 1 1 1 1 -1 
-1 -1 0 0 0 0 -1 -1 -1 -1 1 1 1 1 -1 
END
15 1
13 1
4 9
-1 0 0 0 0 0 0 -1 -1 1 1 1 1 1 1 
-1 0 0 0 0 0 0 -1 -1 1 1 1 1 1 1 
-1 0 0 0 0 0 -1 -1 -1 1 1 1 1 1 1 
-1 0 0 0 0 0 -1 -1 -1 1 1 1 1 1 1 
-1 0 0 0 0 0 -1 -1 -1 1 1 1 1 1 1 
-1 0 0 0 0 0 -1 -1 -1 -1 1 1 1 1 1 
-1 0 0 0 0 0 -1 -1 -1 -1 1 1 1 1 1 
-1 0 0 0 0 0 -1 -1 -1 -1 1 1 1 1 1 
-1 0 0 0 0 0 -1 -1 -1 -1 1 1 1 1 1 
-1 0 0 0 0 0 -1 -1 -1 -1 1 1 1 1 1 
-1 0 0 0 0 0 -1 -1 -1 -1 1 1 1 1 1 
-1 0 0 0 0 0 -1 -1 -1 -1 1 1 1 1 -1 
-1 0 0 0 0 0 -1 -1 -1 -1 1 1 1 1 -1 
-1 0 0 0 0 0 -1 -1 -1 -1 1 1 1 1 -1 
-1 -1 0 0 0 0 -1 -1 -1 -1 1 1 1 1 -1 
END
15 1
14 1
5 9
-1 0 0 0 0 0 0 -1 -1 1 1 1 1 1 1 
-1 0 0 0 0 0 0 -1 -1 1 1 1 1 1 1 
-1 0 0 0 0 0 -1 -1 -1 1 1 1 1 1 1 
-1 0 0 0 0 0 -1 -1 -1 1 1 1 1 1 1 
-1 0 0 0 0 0 -1 -1 -1 1 1 1 1 1 1 
-1 0 0 0 0 0 -1 -1 -1 1 1 1 1 1 1 
-1 0 0 0 0 0 -1 -1 -1 -1 1 1 1 1 1 
-1 0 0 0 0 0 -1 -1 -1 -1 1 1 1 1 1 
-1 0 0 0 0 0 -1 -1 -1 -1 1 1 1 1 1 
-1 0 0 0 0 0 -1 -1 -1 -1 1 1 1 1 1 
-1 0 0 0 0 0 -1 -1 -1 -1 1 1 1 1 1 
-1 0 0 0 0 0 -1 -1 -1 -1 1 1 1 1 -1 
-1 0 0 0 0 0 -1 -1 -1 -1 1 1 1 1 -1 
-1 0 0 0 0 0 -1 -1 -1 -1 1 1 1 1 -1 
-1 0 0 0 0 0 -1 -1 -1 -1 1 1 1 1 -1 
END
15 1
14 0
6 9
-1 0 0 0 0 0 0 -1 -1 1 1 1 1 1 1 
-1 0 0 0 0 0 0 -1 -1 1 1 1 1 1 1 
-1 0 0 0 0 0 -1 -1 -1 1 1 1 1 1 1 
-1 0 0 0 0 0 -1 -1 -1 1 1 1 1 1 1 
-1 0 0 0 0 0 -1 -1 -1 1 1 1 1 1 1 
-1 0 0 0 0 0 -1 -1 -1 1 1 1 1 1 1 
-1 0 0 0 0 0 -1 -1 -1 1 1 1 1 1 1 
-1 0 0 0 0 0 -1 -1 -1 -1 1 1 1 1 1 
-1 0 0 0 0 0 -1 -1 -1 -1 1 1 1 1 1 
-1 0 0 0 0 0 -1 -1 -1 -1 1 1 1 1 1 
-1 0 0 0 0 0 -1 -1 -1 -1 1 1 1 1 1 
-1 0 0 0 0 0 -1 -1 -1 -1 1 1 1 1 -1 
-1 0 0 0 0 0 -1 -1 -1 -1 1 1 1 1 -1 
-1 0 0 0 0 0 -1 -1 -1 -1 1 1 1 1 -1 
0 0 0 0 0 0 -1 -1 -1 -1 1 1 1 1 -1 
END
15 1
13 0
7 9
-1 0 0 0 0 0 0 -1 -1 1 1 1 1 1 1 
-1 0 0 0 0 0 0 -1 -1 1 1 1 1 1 1 
-1 0 0 0 0 0 -1 -1 -1 1 1 1 1 1 1 
-1 0 0 0 0 0 -1 -1 -1 1 1 1 1 1 1 
-1 0 0 0 0 0 -1 -1 -1 1 1 1 1 1 1 
-1 0 0 0 0 0 -1 -1 -1 1 1 1 1 1 1 
-1 0 0 0 0 0 -1 -1 -1 1 1 1 1 1 1 
-1 0 0 0 0 0 -1 -1 -1 1 1 1 1 1 1 
-1 0 0 0 0 0 -1 -1 -1 -1 1 1 1 1 1 
-1 0 0 0 0 0 -1 -1 -1 -1 1 1 1 1 1 
-1 0 0 0 0 0 -1 -1 -1 -1 1 1 1 1 1 
-1 0 0 0 0 0 -1 -1 -1 -1 1 1 1 1 -1 
-1 0 0 0 0 0 -1 -1 -1 -1 1 1 1 1 -1 
0 0 0 0 0 0 -1 -1 -1 -1 1 1 1 1 -1 
0 0 0 0 0 0 -1 -1 -1 -1 1 1 1 1 -1 
END
15 1
12 0
8 9
-1 0 0 0 0 0 0 -1 -1 1 1 1 1 1 1 
-1 0 0 0 0 0 0 -1 -1 1 1 1 1 1 1 
-1 0 0 0 0 0 -1 -1 -1 1 1 1 1 1 1 
-1 0 0 0 0 0 -1 -1 -1 1 1 1 1 1 1 
-1 0 0 0 0 0 -1 -1 -1 1 1 1 1 1 1 
-1 0 0 0 0 0 -1 -1 -1 1 1 1 1 1 1 
-1 0 0 0 0 0 -1 -1 -1 1 1 1 1 1 1 
-1 0 0 0 0 0 -1 -1 -1 1 1 1 1 1 1 
-1 0 0 0 0 0 -1 -1 -1 1 1 1 1 1 1 
-1 0 0 0 0 0 -1 -1 -1 -1 1 1 1 1 1 
-1 0 0 0 0 0 -1 -1 -1 -1 1 1 1 1 1 
-1 0 0 0 0 0 -1 -1 -1 -1 1 1 1 1 -1 
0 0 0 0 0 0 -1 -1 -1 -1 1 1 1 1 -1 
0 0 0 0 0 0 -1 -1 -1 -1 1 1 1 1 -1 
0 0 0 0 0 0 -1 -1 -1 -1 1 1 1 1 -1 
END
15 1
11 0
9 9
-1 0 0 0 0 0 0 -1 -1 1 1 1 1 1 1 
-1 0 0 0 0 0 0 -1 -1 1 1 1 1 1 1 
-1 0 0 0 0 0 -1 -1 -1 1 1 1 1 1 1 
-1 0 0 0 0 0 -1 -1 -1 1 1 1 1 1 1 
-1 0 0 0 0 0 -1 -1 -1 1 1 1 1 1 1 
-1 0 0 0 0 0 -1 -1 -1 1 1 1 1 1 1 
-1 0 0 0 0 0 -1 -1 -1 1 1 1 1 1 1 
-1 0 0 0 0 0 -1 -1 -1 1 1 1 1 1 1 
-1 0 0 0 0 0 -1 -1 -1 1 1 1 1 1 1 
-1 0 0 0 0 0 -1 -1 -1 1 1 1 1 1 1 
-1 0 0 0 0 0 -1 -1 -1 -1 1 1 1 1 1 
0 0 0 0 0 0 -1 -1 -1 -1 1 1 1 1 -1 
0 0 0 0 0 0 -1 -1 -1 -1 1 1 1 1 -1 
0 0 0 0 0 0 -1 -1 -1 -1 1 1 1 1 -1 
0 0 0 0 0 0 -1 -1 -1 -1 1 1 1 1 -1 
END
15 1
10 0
10 9
-1 0 0 0 0 0 0 -1 -1 1 1 1 1 1 1 
-1 0 0 0 0 0 0 -1 -1 1 1 1 1 1 1 
-1 0 0 0 0 0 -1 -1 -1 1 1 1 1 1 1 
-1 0 0 0 0 0 -1 -1 -1 1 1 1 1 1 1 
-1 0 0 0 0 0 -1 -1 -1 1 1 1 1 1 1 
-1 0 0 0 0 0 -1 -1 -1 1 1 1 1 1 1 
-1 0 0 0 0 0 -1 -1 -1 1 1 1 1 1 1 
-1 0 0 0 0 0 -1 -1 -1 1 1 1 1 1 1 
-1 0 0 0 0 0 -1 -1 -1 1 1 1 1 1 1 
-1 0 0 0 0 0 -1 -1 -1 1 1 1 1 1 1 
0 0 0 0 0 0 -1 -1 -1 1 1 1 1 1 1 
0 0 0 0 0 0 -1 -1 -1 -1 1 1 1 1 -1 
0 0 0 0 0 0 -1 -1 -1 -1 1 1 1 1 -1 
0 0 0 0 0 0 -1 -1 -1 -1 1 1 1 1 -1 
0 0 0 0 0 0 -1 -1 -1 -1 1 1 1 1 -1 
END
15 1
9 0
11 9
-1 0 0 0 0 0 0 -1 -1 1 1 1 1 1 1 
-1 0 0 0 0 0 0 -1 -1 1 1 1 1 1 1 
-1 0 0 0 0 0 -1 -1 -1 1 1 1 1 1 1 
-1 0 0 0 0 0 -1 -1 -1 1 1 1 1 1 1 
-1 0 0 0 0 0 -1 -1 -1 1 1 1 1 1 1 
-1 0 0 0 0 0 -1 -1 -1 1 1 1 1 1 1 
-1 0 0 0 0 0 -1 -1 -1 1 1 1 1 1 1 
-1 0 0 0 0 0 -1 -1 -1 1 1 1 1 1 1 
-1 0 0 0 0 0 -1 -1 -1 1 1 1 1 1 1 
0 0 0 0 0 0 -1 -1 -1 1 1 1 1 1 1 
0 0 0 0 0 0 -1 -1 -1 1 1 1 1 1 1 
0 0 0 0 0 0 -1 -1 -1 1 1 1 1 1 -1 
0 0 0 0 0 0 -1 -1 -1 -1 1 1 1 1 -1 
0 0 0 0 0 0 -1 -1 -1 -1 1 1 1 1 -1 
0 0 0 0 0 0 -1 -1 -1 -1 1 1 1 1 -1 
END
15 1
8 0
12 9
-1 0 0 0 0 0 0 -1 -1 1 1 1 1 1 1 
-1 0 0 0 0 0 0 -1 -1 1 1 1 1 1 1 
-1 0 0 0 0 0 -1 -1 -1 1 1 1 1 1 1 
-1 0 0 0 0 0 -1 -1 -1 1 1 1 1 1 1 
-1 0 0 0 0 0 -1 -1 -1 1 1 1 1 1 1 
-1 0 0 0 0 0 -1 -1 -1 1 1 1 1 1 1 
-1 0 0 0 0 0 -1 -1 -1 1 1 1 1 1 1 
-1 0 0 0 0 0 -1 -1 -1 1 1 1 1 1 1 
0 0 0 0 0 0 -1 -1 -1 1 1 1 1 1 1 
0 0 0 0 0 0 -1 -1 -1 1 1 1 1 1 1 
0 0 0 0 0 0 -1 -1 -1 1 1 1 1 1 1 
0 0 0 0 0 0 -1 -1 -1 1 1 1 1 1 -1 
0 0 0 0 0 0 -1 -1 -1 1 1 1 1 1 -1 
0 0 0 0 0 0 -1 -1 -1 -1 1 1 1 1 -1 
0 0 0 0 0 0 -1 -1 -1 -1 1 1 1 1 -1 
END
15 1
7 0
13 9
-1 0 0 0 0 0 0 -1 -1 1 1 1 1 1 1 
-1 0 0 0 0 0 0 -1 -1 1 1 1 1 1 1 
-1 0 0 0 0 0 -1 -1 -1 1 1 1 1 1 1 
-1 0 0 0 0 0 -1 -1 -1 1 1 1 1 1 1 
-1 0 0 0 0 0 -1 -1 -1 1 1 1 1 1 1 
-1 0 0 0 0 0 -1 -1 -1 1 1 1 1 1 1 
-1 0 0 0 0 0 -1 -1 -1 1 1 1 1 1 1 
0 0 0 0 0 0 -1 -1 -1 1 1 1 1 1 1 
0 0 0 0 0 0 -1 -1 -1 1 1 1 1 1 1 
0 0 0 0 0 0 -1 -1 -1 1 1 1 1 1 1 
0 0 0 0 0 0 -1 -1 -1 1 1 1 1 1 1 
0 0 0 0 0 0 -1 -1 -1 1 1 1 1 1 -1 
0 0 0 0 0 0 -1 -1 -1 1 1 1 1 1 -1 
0 0 0 0 0 0 -1 -1 -1 1 1 1 1 1 -1 
0 0 0 0 0 0 -1 -1 -1 -1 1 1 1 1 -1 
END
15 1
6 0
14 9
-1 0 0 0 0 0 0 -1 -1 1 1 1 1 1 1 
-1 0 0 0 0 0 0 -1 -1 1 1 1 1 1 1 
-1 0 0 0 0 0 -1 -1 -1 1 1 1 1 1 1 
-1 0 0 0 0 0 -1 -1 -1 1 1 1 1 1 1 
-1 0 0 0 0 0 -1 -1 -1 1 1 1 1 1 1 
-1 0 0 0 0 0 -1 -1 -1 1 1 1 1 1 1 
0 0 0 0 0 0 -1 -1 -1 1 1 1 1 1 1 
0 0 0 0 0 0 -1 -1 -1 1 1 1 1 1 1 
0 0 0 0 0 0 -1 -1 -1 1 1 1 1 1 1 
0 0 0 0 0 0 -1 -1 -1 1 1 1 1 1 1 
0 0 0 0 0 0 -1 -1 -1 1 1 1 1 1 1 
0 0 0 0 0 0 -1 -1 -1 1 1 1 1 1 -1 
0 0 0 0 0 0 -1 -1 -1 1 1 1 1 1 -1 
0 0 0 0 0 0 -1 -1 -1 1 1 1 1 1 -1 
0 0 0 0 0 0 -1 -1 -1 1 1 1 1 1 -1 
END
15 1
5 0
14 8
-1 0 0 0 0 0 0 -1 -1 1 1 1 1 1 1 
-1 0 0 0 0 0 0 -1 -1 1 1 1 1 1 1 
-1 0 0 0 0 0 -1 -1 -1 1 1 1 1 1 1 
-1 0 0 0 0 0 -1 -1 -1 1 1 1 1 1 1 
-1 0 0 0 0 0 -1 -1 -1 1 1 1 1 1 1 
0 0 0 0 0 0 -1 -1 -1 1 1 1 1 1 1 
0 0 0 0 0 0 -1 -1 -1 1 1 1 1 1 1 
0 0 0 0 0 0 -1 -1 -1 1 1 1 1 1 1 
0 0 0 0 0 0 -1 -1 -1 1 1 1 1 1 1 
0 0 0 0 0 0 -1 -1 -1 1 1 1 1 1 1 
0 0 0 0 0 0 -1 -1 -1 1 1 1 1 1 1 
0 0 0 0 0 0 -1 -1 -1 1 1 1 1 1 -1 
0 0 0 0 0 0 -1 -1 -1 1 1 1 1 1 -1 
0 0 0 0 0 0 -1 -1 -1 1 1 1 1 1 -1 
0 0 0 0 0 0 -1 -1 1 1 1 1 1 1 -1 
END
15 1
4 0
13 8
-1 0 0 0 0 0 0 -1 -1 1 1 1 1 1 1 
-1 0 0 0 0 0 0 -1 -1 1 1 1 1 1 1 
-1 0 0 0 0 0 -1 -1 -1 1 1 1 1 1 1 
-1 0 0 0 0 0 -1 -1 -1 1 1 1 1 1 1 
0 0 0 0 0 0 -1 -1 -1 1 1 1 1 1 1 
0 0 0 0 0 0 -1 -1 -1 1 1 1 1 1 1 
0 0 0 0 0 0 -1 -1 -1 1 1 1 1 1 1 
0 0 0 0 0 0 -1 -1 -1 1 1 1 1 1 1 
0 0 0 0 0 0 -1 -1 -1 1 1 1 1 1 1 
0 0 0 0 0 0 -1 -1 -1 1 1 1 1 1 1 
0 0 0 0 0 0 -1 -1 -1 1 1 1 1 1 1 
0 0 0 0 0 0 -1 -1 -1 1 1 1 1 1 -1 
0 0 0 0 0 0 -1 -1 -1 1 1 1 1 1 -1 
0 0 0 0 0 0 -1 -1 1 1 1 1 1 1 -1 
0 0 0 0 0 0 -1 -1 1 1 1 1 1 1 -1 
END
15 1
3 0
12 8
-1 0 0 0 0 0 0 -1 -1 1 1 1 1 1 1 
-1 0 0 0 0 0 0 -1 -1 1 1 1 1 1 1 
-1 0 0 0 0 0 -1 -1 -1 1 1 1 1 1 1 
0 0 0 0 0 0 -1 -1 -1 1 1 1 1 1 1 
0 0 0 0 0 0 -1 -1 -1 1 1 1 1 1 1 
0 0 0 0 0 0 -1 -1 -1 1 1 1 1 1 1 
0 0 0 0 0 0 -1 -1 -1 1 1 1 1 1 1 
0 0 0 0 0 0 -1 -1 -1 1 1 1 1 1 1 
0 0 0 0 0 0 -1 -1 -1 1 1 1 1 1 1 
0 0 0 0 0 0 -1 -1 -1 1 1 1 1 1 1 
0 0 0 0 0 0 -1 -1 -1 1 1 1 1 1 1 
0 0 0 0 0 0 -1 -1 -1 1 1 1 1 1 -1 
0 0 0 0 0 0 -1 -1 1 1 1 1 1 1 -1 
0 0 0 0 0 0 -1 -1 1 1 1 1 1 1 -1 
0 0 0 0 0 0 -1 -1 1 1 1 1 1 1 -1 
END
15 1
2 0
11 8
-1 0 0 0 0 0 0 -1 -1 1 1 1 1 1 1 
-1 0 0 0 0 0 0 -1 -1 1 1 1 1 1 1 
0 0 0 0 0 0 -1 -1 -1 1 1 1 1 1 1 
0 0 0 0 0 0 -1 -1 -1 1 1 1 1 1 1 
0 0 0 0 0 0 -1 -1 -1 1 1 1 1 1 1 
0 0 0 0 0 0 -1 -1 -1 1 1 1 1 1 1 
0 0 0 0 0 0 -1 -1 -1 1 1 1 1 1 1 
0 0 0 0 0 0 -1 -1 -1 1 1 1 1 1 1 
0 0 0 0 0 0 -1 -1 -1 1 1 1 1 1 1 
0 0 0 0 0 0 -1 -1 -1 1 1 1 1 1 1 
0 0 0 0 0 0 -1 -1 -1 1 1 1 1 1 1 
0 0 0 0 0 0 -1 -1 1 1 1 1 1 1 -1 
0 0 0 0 0 0 -1 -1 1 1 1 1 1 1 -1 
0 0 0 0 0 0 -1 -1 1 1 1 1 1 1 -1 
0 0 0 0 0 0 -1 -1 1 1 1 1 1 1 -1 
END
15 1
1 0
10 8
-1 0 0 0 0 0 0 -1 -1 1 1 1 1 1 1 
0 0 0 0 0 0 0 -1 -1 1 1 1 1 1 1 
0 0 0 0 0 0 -1 -1 -1 1 1 1 1 1 1 
0 0 0 0 0 0 -1 -1 -1 1 1 1 1 1 1 
0 0 0 0 0 0 -1 -1 -1 1 1 1 1 1 1 
0 0 0 0 0 0 -1 -1 -1 1 1 1 1 1 1 
0 0 0 0 0 0 -1 -1 -1 1 1 1 1 1 1 
0 0 0 0 0 0 -1 -1 -1 1 1 1 1 1 1 
0 0 0 0 0 0 -1 -1 -1 1 1 1 1 1 1 
0 0 0 0 0 0 -1 -1 -1 1 1 1 1 1 1 
0 0 0 0 0 0 -1 -1 1 1 1 1 1 1 1 
0 0 0 0 0 0 -1 -1 1 1 1 1 1 1 -1 
0 0 0 0 0 0 -1 -1 1 1 1 1 1 1 -1 
0 0 0 0 0 0 -1 -1 1 1 1 1 1 1 -1 
0 0 0 0 0 0 -1 -1 1 1 1 1 1 1 -1 
END
15 1
0 0
9 8
0 0 0 0 0 0 0 -1 -1 1 1 1 1 1 1 
0 0 0 0 0 0 0 -1 -1 1 1 1 1 1 1 
0 0 0 0 0 0 -1 -1 -1 1 1 1 1 1 1 
0 0 0 0 0 0 -1 -1 -1 1 1 1 1 1 1 
0 0 0 0 0 0 -1 -1 -1 1 1 1 1 1 1 
0 0 0 0 0 0 -1 -1 -1 1 1 1 1 1 1 
0 0 0 0 0 0 -1 -1 -1 1 1 1 1 1 1 
0 0 0 0 0 0 -1 -1 -1 1 1 1 1 1 1 
0 0 0 0 0 0 -1 -1 -1 1 1 1 1 1 1 
0 0 0 0 0 0 -1 -1 1 1 1 1 1 1 1 
0 0 0 0 0 0 -1 -1 1 1 1 1 1 1 1 
0 0 0 0 0 0 -1 -1 1 1 1 1 1 1 -1 
0 0 0 0 0 0 -1 -1 1 1 1 1 1 1 -1 
0 0 0 0 0 0 -1 -1 1 1 1 1 1 1 -1 
0 0 0 0 0 0 -1 -1 1 1 1 1 1 1 -1 
END
