15 1
5 7
14 7
-1 -1 -1 -1 -1 -1 -1 -1 -1 -1 -1 -1 -1 -1 -1 
-1 -1 -1 -1 -1 -1 -1 -1 -1 -1 -1 -1 -1 -1 -1 
-1 -1 -1 -1 -1 -1 -1 -1 -1 -1 -1 -1 -1 -1 -1 
-1 -1 -1 -1 -1 -1 -1 -1 -1 -1 -1 -1 -1 -1 -1 
-1 -1 -1 -1 -1 -1 -1 -1 -1 -1 -1 -1 -1 -1 -1 
-1 -1 -1 -1 -1 -1 -1 0 -1 -1 -1 -1 -1 -1 -1 
-1 -1 -1 -1 -1 -1 -1 -1 -1 -1 -1 -1 -1 -1 -1 
-1 -1 -1 -1 -1 -1 -1 -1 -1 -1 -1 -1 -1 -1 -1 
-1 -1 -1 -1 -1 -1 -1 -1 -1 -1 -1 -1 -1 -1 -1 
-1 -1 -1 -1 -1 -1 -1 -1 -1 -1 -1 -1 -1 -1 -1 
-1 -1 -1 -1 -1 -1 -1 -1 -1 -1 -1 -1 -1 -1 -1 
-1 -1 -1 -1 -1 -1 -1 -1 -1 -1 -1 -1 -1 -1 -1 
-1 -1 -1 -1 -1 -1 -1 -1 -1 -1 -1 -1 -1 -1 -1 
-1 -1 -1 -1 -1 -1 -1 -1 -1 -1 -1 -1 -1 -1 -1 
-1 -1 -1 -1 -1 -1 -1 1 -1 -1 -1 -1 -1 -1 -1 
END
15 1
4 7
13 7
-1 -1 -1 -1 -1 -1 -1 -1 -1 -1 -1 -1 -1 -1 -1 
-1 -1 -1 -1 -1 -1 -1 -1 -1 -1 -1 -1 -1 -1 -1 
-1 -1 -1 -1 -1 -1 -1 -1 -1 -1 -1 -1 -1 -1 -1 
-1 -1 -1 -1 -1 -1 -1 -1 -1 -1 -1 -1 -1 -1 -1 
-1 -1 -1 -1 -1 -1 -1 0 -1 -1 -1 -1 -1 -1 -1 
-1 -1 -1 -1 -1 -1 -1 0 -1 -1 -1 -1 -1 -1 -1 
-1 -1 -1 -1 -1 -1 -1 -1 -1 -1 -1 -1 -1 -1 -1 
-1 -1 -1 -1 -1 -1 -1 -1 -1 -1 -1 -1 -1 -1 -1 
-1 -1 -1 -1 -1 -1 -1 -1 -1 -1 -1 -1 -1 -1 -1 
-1 -1 -1 -1 -1 -1 -1 -1 -1 -1 -1 -1 -1 -1 -1 
-1 -1 -1 -1 -1 -1 -1 -1 -1 -1 -1 -1 -1 -1 -1 
-1 -1 -1 -1 -1 -1 -1 -1 -1 -1 -1 -1 -1 -1 -1 
-1 -1 -1 -1 -1 -1 -1 -1 -1 -1 -1 -1 -1 -1 -1 
-1 -1 -1 -1 -1 -1 -1 1 -1 -1 -1 -1 -1 -1 -1 
-1 -1 -1 -1 -1 -1 -1 1 -1 -1 -1 -1 -1 -1 -1 
END
15 1
3 7
12 7
-1 -1 -1 -1 -1 -1 -1 -1 -1 -1 -1 -1 -1 -1 -1 
-1 -1 -1 -1 -1 -1 -1 -1 -1 -1 -1 -1 -1 -1 -1 
-1 -1 -1 -1 -1 -1 -1 -1 -1 -1 -1 -1 -1 -1 -1 
-1 -1 -1 -1 -1 -1 -1 0 -1 -1 -1 -1 -1 -1 -1 
-1 -1 -1 -1 -1 -1 -1 0 -1 -1 -1 -1 -1 -1 -1 
-1 -1 -1 -1 -1 -1 -1 0 -1 -1 -1 -1 -1 -1 -1 
-1 -1 -1 -1 -1 -1 -1 -1 -1 -1 -1 -1 -1 -1 -1 
-1 -1 -1 -1 -1 -1 -1 -1 -1 -1 -1 -1 -1 -1 -1 
-1 -1 -1 -1 -1 -1 -1 -1 -1 -1 -1 -1 -1 -1 -1 
-1 -1 -1 -1 -1 -1 -1 -1 -1 -1 -1 -1 -1 -1 -1 
-1 -1 -1 -1 -1 -1 -1 -1 -1 -1 -1 -1 -1 -1 -1 
-1 -1 -1 -1 -1 -1 -1 -1 -1 -1 -1 -1 -1 -1 -1 
-1 -1 -1 -1 -1 -1 -1 1 -1 -1 -1 -1 -1 -1 -1 
-1 -1 -1 -1 -1 -1 -1 1 -1 -1 -1 -1 -1 -1 -1 
-1 -1 -1 -1 -1 -1 -1 1 -1 -1 -1 -1 -1 -1 -1 
END
15 1
2 7
11 7
-1 -1 -1 -1 -1 -1 -1 -1 -1 -1 -1 -1 -1 -1 -1 
-1 -1 -1 -1 -1 -1 -1 -1 -1 -1 -1 -1 -1 -1 -1 
-1 -1 -1 -1 -1 -1 -1 0 -1 -1 -1 -1 -1 -1 -1 
-1 -1 -1 -1 -1 -1 -1 0 -1 -1 -1 -1 -1 -1 -1 
-1 -1 -1 -1 -1 -1 -1 0 -1 -1 -1 -1 -1 -1 -1 
-1 -1 -1 -1 -1 -1 -1 0 -1 -1 -1 -1 -1 -1 -1 
-1 -1 -1 -1 -1 -1 -1 -1 -1 -1 -1 -1 -1 -1 -1 
-1 -1 -1 -1 -1 -1 -1 -1 -1 -1 -1 -1 -1 -1 -1 
-1 -1 -1 -1 -1 -1 -1 -1 -1 -1 -1 -1 -1 -1 -1 
-1 -1 -1 -1 -1 -1 -1 -1 -1 -1 -1 -1 -1 -1 -1 
-1 -1 -1 -1 -1 -1 -1 -1 -1 -1 -1 -1 -1 -1 -1 
-1 -1 -1 -1 -1 -1 -1 1 -1 -1 -1 -1 -1 -1 -1 
-1 -1 -1 -1 -1 -1 -1 1 -1 -1 -1 -1 -1 -1 -1 
-1 -1 -1 -1 -1 -1 -1 1 -1 -1 -1 -1 -1 -1 -1 
-1 -1 -1 -1 -1 -1 -1 1 -1 -1 -1 -1 -1 -1 -1 
END
15 1
1 7
10 7
-1 -1 -1 -1 -1 -1 -1 -1 -1 -1 -1 -1 -1 -1 -1 
-1 -1 -1 -1 -1 -1 -1 0 -1 -1 -1 -1 -1 -1 -1 
-1 -1 -1 -1 -1 -1 -1 0 -1 -1 -1 -1 -1 -1 -1 
-1 -1 -1 -1 -1 -1 -1 0 -1 -1 -1 -1 -1 -1 -1 
-1 -1 -1 -1 -1 -1 -1 0 -1 -1 -1 -1 -1 -1 -1 
-1 -1 -1 -1 -1 -1 -1 0 -1 -1 -1 -1 -1 -1 -1 
-1 -1 -1 -1 -1 -1 -1 -1 -1 -1 -1 -1 -1 -1 -1 
-1 -1 -1 -1 -1 -1 -1 -1 -1 -1 -1 -1 -1 -1 -1 
-1 -1 -1 -1 -1 -1 -1 -1 -1 -1 -1 -1 -1 -1 -1 
-1 -1 -1 -1 -1 -1 -1 -1 -1 -1 -1 -1 -1 -1 -1 
-1 -1 -1 -1 -1 -1 -1 1 -1 -1 -1 -1 -1 -1 -1 
-1 -1 -1 -1 -1 -1 -1 1 -1 -1 -1 -1 -1 -1 -1 
-1 -1 -1 -1 -1 -1 -1 1 -1 -1 -1 -1 -1 -1 -1 
-1 -1 -1 -1 -1 -1 -1 1 -1 -1 -1 -1 -1 -1 -1 
-1 -1 -1 -1 -1 -1 -1 1 -1 -1 -1 -1 -1 -1 -1 
END
15 1
0 7
9 7
-1 -1 -1 -1 -1 -1 -1 0 -1 -1 -1 -1 -1 -1 -1 
-1 -1 -1 -1 -1 -1 -1 0 -1 -1 -1 -1 -1 -1 -1 
-1 -1 -1 -1 -1 -1 -1 0 -1 -1 -1 -1 -1 -1 -1 
-1 -1 -1 -1 -1 -1 -1 0 -1 -1 -1 -1 -1 -1 -1 
-1 -1 -1 -1 -1 -1 -1 0 -1 -1 -1 -1 -1 -1 -1 
-1 -1 -1 -1 -1 -1 -1 0 -1 -1 -1 -1 -1 -1 -1 
-1 -1 -1 -1 -1 -1 -1 -1 -1 -1 -1 -1 -1 -1 -1 
-1 -1 -1 -1 -1 -1 -1 -1 -1 -1 -1 -1 -1 -1 -1 
-1 -1 -1 -1 -1 -1 -1 -1 -1 -1 -1 -1 -1 -1 -1 
-1 -1 -1 -1 -1 -1 -1 1 -1 -1 -1 -1 -1 -1 -1 
-1 -1 -1 -1 -1 -1 -1 1 -1 -1 -1 -1 -1 -1 -1 
-1 -1 -1 -1 -1 -1 -1 1 -1 -1 -1 -1 -1 -1 -1 
-1 -1 -1 -1 -1 -1 -1 1 -1 -1 -1 -1 -1 -1 -1 
-1 -1 -1 -1 -1 -1 -1 1 -1 -1 -1 -1 -1 -1 -1 
-1 -1 -1 -1 -1 -1 -1 1 -1 -1 -1 -1 -1 -1 -1 
END
15 1
0 6
8 7
-1 -1 -1 -1 -1 -1 0 0 -1 -1 -1 -1 -1 -1 -1 
-1 -1 -1 -1 -1 -1 -1 0 -1 -1 -1 -1 -1 -1 -1 
-1 -1 -1 -1 -1 -1 -1 0 -1 -1 -1 -1 -1 -1 -1 
-1 -1 -1 -1 -1 -1 -1 0 -1 -1 -1 -1 -1 -1 -1 
-1 -1 -1 -1 -1 -1 -1 0 -1 -1 -1 -1 -1 -1 -1 
-1 -1 -1 -1 -1 -1 -1 0 -1 -1 -1 -1 -1 -1 -1 
-1 -1 -1 -1 -1 -1 -1 -1 -1 -1 -1 -1 -1 -1 -1 
-1 -1 -1 -1 -1 -1 -1 -1 -1 -1 -1 -1 -1 -1 -1 
-1 -1 -1 -1 -1 -1 -1 1 -1 -1 -1 -1 -1 -1 -1 
-1 -1 -1 -1 -1 -1 -1 1 -1 -1 -1 -1 -1 -1 -1 
-1 -1 -1 -1 -1 -1 -1 1 -1 -1 -1 -1 -1 -1 -1 
-1 -1 -1 -1 -1 -1 -1 1 -1 -1 -1 -1 -1 -1 -1 
-1 -1 -1 -1 -1 -1 -1 1 -1 -1 -1 -1 -1 -1 -1 
-1 -1 -1 -1 -1 -1 -1 1 -1 -1 -1 -1 -1 -1 -1 
-1 -1 -1 -1 -1 -1 -1 1 -1 -1 -1 -1 -1 -1 -1 
END
15 1
1 6
7 7
-1 -1 -1 -1 -1 -1 0 0 -1 -1 -1 -1 -1 -1 -1 
-1 -1 -1 -1 -1 -1 0 0 -1 -1 -1 -1 -1 -1 -1 
-1 -1 -1 -1 -1 -1 -1 0 -1 -1 -1 -1 -1 -1 -1 
-1 -1 -1 -1 -1 -1 -1 0 -1 -1 -1 -1 -1 -1 -1 
-1 -1 -1 -1 -1 -1 -1 0 -1 -1 -1 -1 -1 -1 -1 
-1 -1 -1 -1 -1 -1 -1 0 -1 -1 -1 -1 -1 -1 -1 
-1 -1 -1 -1 -1 -1 -1 -1 -1 -1 -1 -1 -1 -1 -1 
-1 -1 -1 -1 -1 -1 -1 1 -1 -1 -1 -1 -1 -1 -1 
-1 -1 -1 -1 -1 -1 -1 1 -1 -1 -1 -1 -1 -1 -1 
-1 -1 -1 -1 -1 -1 -1 1 -1 -1 -1 -1 -1 -1 -1 
-1 -1 -1 -1 -1 -1 -1 1 -1 -1 -1 -1 -1 -1 -1 
-1 -1 -1 -1 -1 -1 -1 1 -1 -1 -1 -1 -1 -1 -1 
-1 -1 -1 -1 -1 -1 -1 1 -1 -1 -1 -1 -1 -1 -1 
-1 -1 -1 -1 -1 -1 -1 1 -1 -1 -1 -1 -1 -1 -1 
-1 -1 -1 -1 -1 -1 -1 1 -1 -1 -1 -1 -1 -1 -1 
END
15 1
2 6
6 7
-1 -1 -1 -1 -1 -1 0 0 -1 -1 -1 -1 -1 -1 -1 
-1 -1 -1 -1 -1 -1 0 0 -1 -1 -1 -1 -1 -1 -1 
-1 -1 -1 -1 -1 -1 0 0 -1 -1 -1 -1 -1 -1 -1 
-1 -1 -1 -1 -1 -1 -1 0 -1 -1 -1 -1 -1 -1 -1 
-1 -1 -1 -1 -1 -1 -1 0 -1 -1 -1 -1 -1 -1 -1 
-1 -1 -1 -1 -1 -1 -1 0 -1 -1 -1 -1 -1 -1 -1 
-1 -1 -1 -1 -1 -1 -1 1 -1 -1 -1 -1 -1 -1 -1 
-1 -1 -1 -1 -1 -1 -1 1 -1 -1 -1 -1 -1 -1 -1 
-1 -1 -1 -1 -1 -1 -1 1 -1 -1 -1 -1 -1 -1 -1 
-1 -1 -1 -1 -1 -1 -1 1 -1 -1 -1 -1 -1 -1 -1 
-1 -1 -1 -1 -1 -1 -1 1 -1 -1 -1 -1 -1 -1 -1 
-1 -1 -1 -1 -1 -1 -1 1 -1 -1 -1 -1 -1 -1 -1 
-1 -1 -1 -1 -1 -1 -1 1 -1 -1 -1 -1 -1 -1 -1 
-1 -1 -1 -1 -1 -1 -1 1 -1 -1 -1 -1 -1 -1 -1 
-1 -1 -1 -1 -1 -1 -1 1 -1 -1 -1 -1 -1 -1 -1 
END
15 1
3 6
6 6
-1 -1 -1 -1 -1 -1 0 0 -1 -1 -1 -1 -1 -1 -1 
-1 -1 -1 -1 -1 -1 0 0 -1 -1 -1 -1 -1 -1 -1 
-1 -1 -1 -1 -1 -1 0 0 -1 -1 -1 -1 -1 -1 -1 
-1 -1 -1 -1 -1 -1 0 0 -1 -1 -1 -1 -1 -1 -1 
-1 -1 -1 -1 -1 -1 -1 0 -1 -1 -1 -1 -1 -1 -1 
-1 -1 -1 -1 -1 -1 -1 0 -1 -1 -1 -1 -1 -1 -1 
-1 -1 -1 -1 -1 -1 1 1 -1 -1 -1 -1 -1 -1 -1 
-1 -1 -1 -1 -1 -1 -1 1 -1 -1 -1 -1 -1 -1 -1 
-1 -1 -1 -1 -1 -1 -1 1 -1 -1 -1 -1 -1 -1 -1 
-1 -1 -1 -1 -1 -1 -1 1 -1 -1 -1 -1 -1 -1 -1 
-1 -1 -1 -1 -1 -1 -1 1 -1 -1 -1 -1 -1 -1 -1 
-1 -1 -1 -1 -1 -1 -1 1 -1 -1 -1 -1 -1 -1 -1 
-1 -1 -1 -1 -1 -1 -1 1 -1 -1 -1 -1 -1 -1 -1 
-1 -1 -1 -1 -1 -1 -1 1 -1 -1 -1 -1 -1 -1 -1 
-1 -1 -1 -1 -1 -1 -1 1 -1 -1 -1 -1 -1 -1 -1 
END
15 1
4 6
5 6
-1 -1 -1 -1 -1 -1 0 0 -1 -1 -1 -1 -1 -1 -1 
-1 -1 -1 -1 -1 -1 0 0 -1 -1 -1 -1 -1 -1 -1 
-1 -1 -1 -1 -1 -1 0 0 -1 -1 -1 -1 -1 -1 -1 
-1 -1 -1 -1 -1 -1 0 0 -1 -1 -1 -1 -1 -1 -1 
-1 -1 -1 -1 -1 -1 0 0 -1 -1 -1 -1 -1 -1 -1 
-1 -1 -1 -1 -1 -1 1 0 -1 -1 -1 -1 -1 -1 -1 
-1 -1 -1 -1 -1 -1 1 1 -1 -1 -1 -1 -1 -1 -1 
-1 -1 -1 -1 -1 -1 -1 1 -1 -1 -1 -1 -1 -1 -1 
-1 -1 -1 -1 -1 -1 -1 1 -1 -1 -1 -1 -1 -1 -1 
-1 -1 -1 -1 -1 -1 -1 1 -1 -1 -1 -1 -1 -1 -1 
-1 -1 -1 -1 -1 -1 -1 1 -1 -1 -1 -1 -1 -1 -1 
-1 -1 -1 -1 -1 -1 -1 1 -1 -1 -1 -1 -1 -1 -1 
-1 -1 -1 -1 -1 -1 -1 1 -1 -1 -1 -1 -1 -1 -1 
-1 -1 -1 -1 -1 -1 -1 1 -1 -1 -1 -1 -1 -1 -1 
-1 -1 -1 -1 -1 -1 -1 1 -1 -1 -1 -1 -1 -1 -1 
END
15 1
4 5
5 5
-1 -1 -1 -1 -1 -1 0 0 -1 -1 -1 -1 -1 -1 -1 
-1 -1 -1 -1 -1 -1 0 0 -1 -1 -1 -1 -1 -1 -1 
-1 -1 -1 -1 -1 -1 0 0 -1 -1 -1 -1 -1 -1 -1 
-1 -1 -1 -1 -1 -1 0 0 -1 -1 -1 -1 -1 -1 -1 
-1 -1 -1 -1 -1 0 0 0 -1 -1 -1 -1 -1 -1 -1 
-1 -1 -1 -1 -1 1 1 0 -1 -1 -1 -1 -1 -1 -1 
-1 -1 -1 -1 -1 -1 1 1 -1 -1 -1 -1 -1 -1 -1 
-1 -1 -1 -1 -1 -1 -1 1 -1 -1 -1 -1 -1 -1 -1 
-1 -1 -1 -1 -1 -1 -1 1 -1 -1 -1 -1 -1 -1 -1 
-1 -1 -1 -1 -1 -1 -1 1 -1 -1 -1 -1 -1 -1 -1 
-1 -1 -1 -1 -1 -1 -1 1 -1 -1 -1 -1 -1 -1 -1 
-1 -1 -1 -1 -1 -1 -1 1 -1 -1 -1 -1 -1 -1 -1 
-1 -1 -1 -1 -1 -1 -1 1 -1 -1 -1 -1 -1 -1 -1 
-1 -1 -1 -1 -1 -1 -1 1 -1 -1 -1 -1 -1 -1 -1 
-1 -1 -1 -1 -1 -1 -1 1 -1 -1 -1 -1 -1 -1 -1 
END
15 1
3 5
6 5
-1 -1 -1 -1 -1 -1 0 0 -1 -1 -1 -1 -1 -1 -1 
-1 -1 -1 -1 -1 -1 0 0 -1 -1 -1 -1 -1 -1 -1 
-1 -1 -1 -1 -1 -1 0 0 -1 -1 -1 -1 -1 -1 -1 
-1 -1 -1 -1 -1 0 0 0 -1 -1 -1 -1 -1 -1 -1 
-1 -1 -1 -1 -1 0 0 0 -1 -1 -1 -1 -1 -1 -1 
-1 -1 -1 -1 -1 1 1 0 -1 -1 -1 -1 -1 -1 -1 
-1 -1 -1 -1 -1 1 1 1 -1 -1 -1 -1 -1 -1 -1 
-1 -1 -1 -1 -1 -1 -1 1 -1 -1 -1 -1 -1 -1 -1 
-1 -1 -1 -1 -1 -1 -1 1 -1 -1 -1 -1 -1 -1 -1 
-1 -1 -1 -1 -1 -1 -1 1 -1 -1 -1 -1 -1 -1 -1 
-1 -1 -1 -1 -1 -1 -1 1 -1 -1 -1 -1 -1 -1 -1 
-1 -1 -1 -1 -1 -1 -1 1 -1 -1 -1 -1 -1 -1 -1 
-1 -1 -1 -1 -1 -1 -1 1 -1 -1 -1 -1 -1 -1 -1 
-1 -1 -1 -1 -1 -1 -1 1 -1 -1 -1 -1 -1 -1 -1 
-1 -1 -1 -1 -1 -1 -1 1 -1 -1 -1 -1 -1 -1 -1 
END
15 1
2 5
7 5
-1 -1 -1 -1 -1 -1 0 0 -1 -1 -1 -1 -1 -1 -1 
-1 -1 -1 -1 -1 -1 0 0 -1 -1 -1 -1 -1 -1 -1 
-1 -1 -1 -1 -1 0 0 0 -1 -1 -1 -1 -1 -1 -1 
-1 -1 -1 -1 -1 0 0 0 -1 -1 -1 -1 -1 -1 -1 
-1 -1 -1 -1 -1 0 0 0 -1 -1 -1 -1 -1 -1 -1 
-1 -1 -1 -1 -1 1 1 0 -1 -1 -1 -1 -1 -1 -1 
-1 -1 -1 -1 -1 1 1 1 -1 -1 -1 -1 -1 -1 -1 
-1 -1 -1 -1 -1 1 -1 1 -1 -1 -1 -1 -1 -1 -1 
-1 -1 -1 -1 -1 -1 -1 1 -1 -1 -1 -1 -1 -1 -1 
-1 -1 -1 -1 -1 -1 -1 1 -1 -1 -1 -1 -1 -1 -1 
-1 -1 -1 -1 -1 -1 -1 1 -1 -1 -1 -1 -1 -1 -1 
-1 -1 -1 -1 -1 -1 -1 1 -1 -1 -1 -1 -1 -1 -1 
-1 -1 -1 -1 -1 -1 -1 1 -1 -1 -1 -1 -1 -1 -1 
-1 -1 -1 -1 -1 -1 -1 1 -1 -1 -1 -1 -1 -1 -1 
-1 -1 -1 -1 -1 -1 -1 1 -1 -1 -1 -1 -1 -1 -1 
END
15 1
1 5
8 5
-1 -1 -1 -1 -1 -1 0 0 -1 -1 -1 -1 -1 -1 -1 
-1 -1 -1 -1 -1 0 0 0 -1 -1 -1 -1 -1 -1 -1 
-1 -1 -1 -1 -1 0 0 0 -1 -1 -1 -1 -1 -1 -1 
-1 -1 -1 -1 -1 0 0 0 -1 -1 -1 -1 -1 -1 -1 
-1 -1 -1 -1 -1 0 0 0 -1 -1 -1 -1 -1 -1 -1 
-1 -1 -1 -1 -1 1 1 0 -1 -1 -1 -1 -1 -1 -1 
-1 -1 -1 -1 -1 1 1 1 -1 -1 -1 -1 -1 -1 -1 
-1 -1 -1 -1 -1 1 -1 1 -1 -1 -1 -1 -1 -1 -1 
-1 -1 -1 -1 -1 1 -1 1 -1 -1 -1 -1 -1 -1 -1 
-1 -1 -1 -1 -1 -1 -1 1 -1 -1 -1 -1 -1 -1 -1 
-1 -1 -1 -1 -1 -1 -1 1 -1 -1 -1 -1 -1 -1 -1 
-1 -1 -1 -1 -1 -1 -1 1 -1 -1 -1 -1 -1 -1 -1 
-1 -1 -1 -1 -1 -1 -1 1 -1 -1 -1 -1 -1 -1 -1 
-1 -1 -1 -1 -1 -1 -1 1 -1 -1 -1 -1 -1 -1 -1 
-1 -1 -1 -1 -1 -1 -1 1 -1 -1 -1 -1 -1 -1 -1 
END
15 1
0 5
9 5
-1 -1 -1 -1 -1 0 0 0 -1 -1 -1 -1 -1 -1 -1 
-1 -1 -1 -1 -1 0 0 0 -1 -1 -1 -1 -1 -1 -1 
-1 -1 -1 -1 -1 0 0 0 -1 -1 -1 -1 -1 -1 -1 
-1 -1 -1 -1 -1 0 0 0 -1 -1 -1 -1 -1 -1 -1 
-1 -1 -1 -1 -1 0 0 0 -1 -1 -1 -1 -1 -1 -1 
-1 -1 -1 -1 -1 1 1 0 -1 -1 -1 -1 -1 -1 -1 
-1 -1 -1 -1 -1 1 1 1 -1 -1 -1 -1 -1 -1 -1 
-1 -1 -1 -1 -1 1 -1 1 -1 -1 -1 -1 -1 -1 -1 
-1 -1 -1 -1 -1 1 -1 1 -1 -1 -1 -1 -1 -1 -1 
-1 -1 -1 -1 -1 1 -1 1 -1 -1 -1 -1 -1 -1 -1 
-1 -1 -1 -1 -1 -1 -1 1 -1 -1 -1 -1 -1 -1 -1 
-1 -1 -1 -1 -1 -1 -1 1 -1 -1 -1 -1 -1 -1 -1 
-1 -1 -1 -1 -1 -1 -1 1 -1 -1 -1 -1 -1 -1 -1 
-1 -1 -1 -1 -1 -1 -1 1 -1 -1 -1 -1 -1 -1 -1 
-1 -1 -1 -1 -1 -1 -1 1 -1 -1 -1 -1 -1 -1 -1 
END
15 1
0 4
10 5
-1 -1 -1 -1 0 0 0 0 -1 -1 -1 -1 -1 -1 -1 
-1 -1 -1 -1 -1 0 0 0 -1 -1 -1 -1 -1 -1 -1 
-1 -1 -1 -1 -1 0 0 0 -1 -1 -1 -1 -1 -1 -1 
-1 -1 -1 -1 -1 0 0 0 -1 -1 -1 -1 -1 -1 -1 
-1 -1 -1 -1 -1 0 0 0 -1 -1 -1 -1 -1 -1 -1 
-1 -1 -1 -1 -1 1 1 0 -1 -1 -1 -1 -1 -1 -1 
-1 -1 -1 -1 -1 1 1 1 -1 -1 -1 -1 -1 -1 -1 
-1 -1 -1 -1 -1 1 -1 1 -1 -1 -1 -1 -1 -1 -1 
-1 -1 -1 -1 -1 1 -1 1 -1 -1 -1 -1 -1 -1 -1 
-1 -1 -1 -1 -1 1 -1 1 -1 -1 -1 -1 -1 -1 -1 
-1 -1 -1 -1 -1 1 -1 1 -1 -1 -1 -1 -1 -1 -1 
-1 -1 -1 -1 -1 -1 -1 1 -1 -1 -1 -1 -1 -1 -1 
-1 -1 -1 -1 -1 -1 -1 1 -1 -1 -1 -1 -1 -1 -1 
-1 -1 -1 -1 -1 -1 -1 1 -1 -1 -1 -1 -1 -1 -1 
-1 -1 -1 -1 -1 -1 -1 1 -1 -1 -1 -1 -1 -1 -1 
END
15 1
1 4
11 5
-1 -1 -1 -1 0 0 0 0 -1 -1 -1 -1 -1 -1 -1 
-1 -1 -1 -1 0 0 0 0 -1 -1 -1 -1 -1 -1 -1 
-1 -1 -1 -1 -1 0 0 0 -1 -1 -1 -1 -1 -1 -1 
-1 -1 -1 -1 -1 0 0 0 -1 -1 -1 -1 -1 -1 -1 
-1 -1 -1 -1 -1 0 0 0 -1 -1 -1 -1 -1 -1 -1 
-1 -1 -1 -1 -1 1 1 0 -1 -1 -1 -1 -1 -1 -1 
-1 -1 -1 -1 -1 1 1 1 -1 -1 -1 -1 -1 -1 -1 
-1 -1 -1 -1 -1 1 -1 1 -1 -1 -1 -1 -1 -1 -1 
-1 -1 -1 -1 -1 1 -1 1 -1 -1 -1 -1 -1 -1 -1 
-1 -1 -1 -1 -1 1 -1 1 -1 -1 -1 -1 -1 -1 -1 
-1 -1 -1 -1 -1 1 -1 1 -1 -1 -1 -1 -1 -1 -1 
-1 -1 -1 -1 -1 1 -1 1 -1 -1 -1 -1 -1 -1 -1 
-1 -1 -1 -1 -1 -1 -1 1 -1 -1 -1 -1 -1 -1 -1 
-1 -1 -1 -1 -1 -1 -1 1 -1 -1 -1 -1 -1 -1 -1 
-1 -1 -1 -1 -1 -1 -1 1 -1 -1 -1 -1 -1 -1 -1 
END
15 1
2 4
12 5
-1 -1 -1 -1 0 0 0 0 -1 -1 -1 -1 -1 -1 -1 
-1 -1 -1 -1 0 0 0 0 -1 -1 -1 -1 -1 -1 -1 
-1 -1 -1 -1 0 0 0 0 -1 -1 -1 -1 -1 -1 -1 
-1 -1 -1 -1 -1 0 0 0 -1 -1 -1 -1 -1 -1 -1 
-1 -1 -1 -1 -1 0 0 0 -1 -1 -1 -1 -1 -1 -1 
-1 -1 -1 -1 -1 1 1 0 -1 -1 -1 -1 -1 -1 -1 
-1 -1 -1 -1 -1 1 1 1 -1 -1 -1 -1 -1 -1 -1 
-1 -1 -1 -1 -1 1 -1 1 -1 -1 -1 -1 -1 -1 -1 
-1 -1 -1 -1 -1 1 -1 1 -1 -1 -1 -1 -1 -1 -1 
-1 -1 -1 -1 -1 1 -1 1 -1 -1 -1 -1 -1 -1 -1 
-1 -1 -1 -1 -1 1 -1 1 -1 -1 -1 -1 -1 -1 -1 
-1 -1 -1 -1 -1 1 -1 1 -1 -1 -1 -1 -1 -1 -1 
-1 -1 -1 -1 -1 1 -1 1 -1 -1 -1 -1 -1 -1 -1 
-1 -1 -1 -1 -1 -1 -1 1 -1 -1 -1 -1 -1 -1 -1 
-1 -1 -1 -1 -1 -1 -1 1 -1 -1 -1 -1 -1 -1 -1 
END
15 1
3 4
13 5
-1 -1 -1 -1 0 0 0 0 -1 -1 -1 -1 -1 -1 -1 
-1 -1 -1 -1 0 0 0 0 -1 -1 -1 -1 -1 -1 -1 
-1 -1 -1 -1 0 0 0 0 -1 -1 -1 -1 -1 -1 -1 
-1 -1 -1 -1 0 0 0 0 -1 -1 -1 -1 -1 -1 -1 
-1 -1 -1 -1 -1 0 0 0 -1 -1 -1 -1 -1 -1 -1 
-1 -1 -1 -1 -1 1 1 0 -1 -1 -1 -1 -1 -1 -1 
-1 -1 -1 -1 -1 1 1 1 -1 -1 -1 -1 -1 -1 -1 
-1 -1 -1 -1 -1 1 -1 1 -1 -1 -1 -1 -1 -1 -1 
-1 -1 -1 -1 -1 1 -1 1 -1 -1 -1 -1 -1 -1 -1 
-1 -1 -1 -1 -1 1 -1 1 -1 -1 -1 -1 -1 -1 -1 
-1 -1 -1 -1 -1 1 -1 1 -1 -1 -1 -1 -1 -1 -1 
-1 -1 -1 -1 -1 1 -1 1 -1 -1 -1 -1 -1 -1 -1 
-1 -1 -1 -1 -1 1 -1 1 -1 -1 -1 -1 -1 -1 -1 
-1 -1 -1 -1 -1 1 -1 1 -1 -1 -1 -1 -1 -1 -1 
-1 -1 -1 -1 -1 -1 -1 1 -1 -1 -1 -1 -1 -1 -1 
END
15 1
4 4
14 5
-1 -1 -1 -1 0 0 0 0 -1 -1 -1 -1 -1 -1 -1 
-1 -1 -1 -1 0 0 0 0 -1 -1 -1 -1 -1 -1 -1 
-1 -1 -1 -1 0 0 0 0 -1 -1 -1 -1 -1 -1 -1 
-1 -1 -1 -1 0 0 0 0 -1 -1 -1 -1 -1 -1 -1 
-1 -1 -1 -1 0 0 0 0 -1 -1 -1 -1 -1 -1 -1 
-1 -1 -1 -1 -1 1 1 0 -1 -1 -1 -1 -1 -1 -1 
-1 -1 -1 -1 -1 1 1 1 -1 -1 -1 -1 -1 -1 -1 
-1 -1 -1 -1 -1 1 -1 1 -1 -1 -1 -1 -1 -1 -1 
-1 -1 -1 -1 -1 1 -1 1 -1 -1 -1 -1 -1 -1 -1 
-1 -1 -1 -1 -1 1 -1 1 -1 -1 -1 -1 -1 -1 -1 
-1 -1 -1 -1 -1 1 -1 1 -1 -1 -1 -1 -1 -1 -1 
-1 -1 -1 -1 -1 1 -1 1 -1 -1 -1 -1 -1 -1 -1 
-1 -1 -1 -1 -1 1 -1 1 -1 -1 -1 -1 -1 -1 -1 
-1 -1 -1 -1 -1 1 -1 1 -1 -1 -1 -1 -1 -1 -1 
-1 -1 -1 -1 -1 1 -1 1 -1 -1 -1 -1 -1 -1 -1 
END
15 1
5 4
14 4
-1 -1 -1 -1 0 0 0 0 -1 -1 -1 -1 -1 -1 -1 
-1 -1 -1 -1 0 0 0 0 -1 -1 -1 -1 -1 -1 -1 
-1 -1 -1 -1 0 0 0 0 -1 -1 -1 -1 -1 -1 -1 
-1 -1 -1 -1 0 0 0 0 -1 -1 -1 -1 -1 -1 -1 
-1 -1 -1 -1 0 0 0 0 -1 -1 -1 -1 -1 -1 -1 
-1 -1 -1 -1 0 1 1 0 -1 -1 -1 -1 -1 -1 -1 
-1 -1 -1 -1 -1 1 1 1 -1 -1 -1 -1 -1 -1 -1 
-1 -1 -1 -1 -1 1 -1 1 -1 -1 -1 -1 -1 -1 -1 
-1 -1 -1 -1 -1 1 -1 1 -1 -1 -1 -1 -1 -1 -1 
-1 -1 -1 -1 -1 1 -1 1 -1 -1 -1 -1 -1 -1 -1 
-1 -1 -1 -1 -1 1 -1 1 -1 -1 -1 -1 -1 -1 -1 
-1 -1 -1 -1 -1 1 -1 1 -1 -1 -1 -1 -1 -1 -1 
-1 -1 -1 -1 -1 1 -1 1 -1 -1 -1 -1 -1 -1 -1 
-1 -1 -1 -1 -1 1 -1 1 -1 -1 -1 -1 -1 -1 -1 
-1 -1 -1 -1 1 1 -1 1 -1 -1 -1 -1 -1 -1 -1 
END
15 1
6 4
13 4
-1 -1 -1 -1 0 0 0 0 -1 -1 -1 -1 -1 -1 -1 
-1 -1 -1 -1 0 0 0 0 -1 -1 -1 -1 -1 -1 -1 
-1 -1 -1 -1 0 0 0 0 -1 -1 -1 -1 -1 -1 -1 
-1 -1 -1 -1 0 0 0 0 -1 -1 -1 -1 -1 -1 -1 
-1 -1 -1 -1 0 0 0 0 -1 -1 -1 -1 -1 -1 -1 
-1 -1 -1 -1 0 1 1 0 -1 -1 -1 -1 -1 -1 -1 
-1 -1 -1 -1 0 1 1 1 -1 -1 -1 -1 -1 -1 -1 
-1 -1 -1 -1 -1 1 -1 1 -1 -1 -1 -1 -1 -1 -1 
-1 -1 -1 -1 -1 1 -1 1 -1 -1 -1 -1 -1 -1 -1 
-1 -1 -1 -1 -1 1 -1 1 -1 -1 -1 -1 -1 -1 -1 
-1 -1 -1 -1 -1 1 -1 1 -1 -1 -1 -1 -1 -1 -1 
-1 -1 -1 -1 -1 1 -1 1 -1 -1 -1 -1 -1 -1 -1 
-1 -1 -1 -1 -1 1 -1 1 -1 -1 -1 -1 -1 -1 -1 
-1 -1 -1 -1 1 1 -1 1 -1 -1 -1 -1 -1 -1 -1 
-1 -1 -1 -1 1 1 -1 1 -1 -1 -1 -1 -1 -1 -1 
END
15 1
7 4
12 4
-1 -1 -1 -1 0 0 0 0 -1 -1 -1 -1 -1 -1 -1 
-1 -1 -1 -1 0 0 0 0 -1 -1 -1 -1 -1 -1 -1 
-1 -1 -1 -1 0 0 0 0 -1 -1 -1 -1 -1 -1 -1 
-1 -1 -1 -1 0 0 0 0 -1 -1 -1 -1 -1 -1 -1 
-1 -1 -1 -1 0 0 0 0 -1 -1 -1 -1 -1 -1 -1 
-1 -1 -1 -1 0 1 1 0 -1 -1 -1 -1 -1 -1 -1 
-1 -1 -1 -1 0 1 1 1 -1 -1 -1 -1 -1 -1 -1 
-1 -1 -1 -1 0 1 -1 1 -1 -1 -1 -1 -1 -1 -1 
-1 -1 -1 -1 -1 1 -1 1 -1 -1 -1 -1 -1 -1 -1 
-1 -1 -1 -1 -1 1 -1 1 -1 -1 -1 -1 -1 -1 -1 
-1 -1 -1 -1 -1 1 -1 1 -1 -1 -1 -1 -1 -1 -1 
-1 -1 -1 -1 -1 1 -1 1 -1 -1 -1 -1 -1 -1 -1 
-1 -1 -1 -1 1 1 -1 1 -1 -1 -1 -1 -1 -1 -1 
-1 -1 -1 -1 1 1 -1 1 -1 -1 -1 -1 -1 -1 -1 
-1 -1 -1 -1 1 1 -1 1 -1 -1 -1 -1 -1 -1 -1 
END
15 1
8 4
11 4
-1 -1 -1 -1 0 0 0 0 -1 -1 -1 -1 -1 -1 -1 
-1 -1 -1 -1 0 0 0 0 -1 -1 -1 -1 -1 -1 -1 
-1 -1 -1 -1 0 0 0 0 -1 -1 -1 -1 -1 -1 -1 
-1 -1 -1 -1 0 0 0 0 -1 -1 -1 -1 -1 -1 -1 
-1 -1 -1 -1 0 0 0 0 -1 -1 -1 -1 -1 -1 -1 
-1 -1 -1 -1 0 1 1 0 -1 -1 -1 -1 -1 -1 -1 
-1 -1 -1 -1 0 1 1 1 -1 -1 -1 -1 -1 -1 -1 
-1 -1 -1 -1 0 1 -1 1 -1 -1 -1 -1 -1 -1 -1 
-1 -1 -1 -1 0 1 -1 1 -1 -1 -1 -1 -1 -1 -1 
-1 -1 -1 -1 -1 1 -1 1 -1 -1 -1 -1 -1 -1 -1 
-1 -1 -1 -1 -1 1 -1 1 -1 -1 -1 -1 -1 -1 -1 
-1 -1 -1 -1 1 1 -1 1 -1 -1 -1 -1 -1 -1 -1 
-1 -1 -1 -1 1 1 -1 1 -1 -1 -1 -1 -1 -1 -1 
-1 -1 -1 -1 1 1 -1 1 -1 -1 -1 -1 -1 -1 -1 
-1 -1 -1 -1 1 1 -1 1 -1 -1 -1 -1 -1 -1 -1 
END
15 1
9 4
10 4
-1 -1 -1 -1 0 0 0 0 -1 -1 -1 -1 -1 -1 -1 
-1 -1 -1 -1 0 0 0 0 -1 -1 -1 -1 -1 -1 -1 
-1 -1 -1 -1 0 0 0 0 -1 -1 -1 -1 -1 -1 -1 
-1 -1 -1 -1 0 0 0 0 -1 -1 -1 -1 -1 -1 -1 
-1 -1 -1 -1 0 0 0 0 -1 -1 -1 -1 -1 -1 -1 
-1 -1 -1 -1 0 1 1 0 -1 -1 -1 -1 -1 -1 -1 
-1 -1 -1 -1 0 1 1 1 -1 -1 -1 -1 -1 -1 -1 
-1 -1 -1 -1 0 1 -1 1 -1 -1 -1 -1 -1 -1 -1 
-1 -1 -1 -1 0 1 -1 1 -1 -1 -1 -1 -1 -1 -1 
-1 -1 -1 -1 0 1 -1 1 -1 -1 -1 -1 -1 -1 -1 
-1 -1 -1 -1 1 1 -1 1 -1 -1 -1 -1 -1 -1 -1 
-1 -1 -1 -1 1 1 -1 1 -1 -1 -1 -1 -1 -1 -1 
-1 -1 -1 -1 1 1 -1 1 -1 -1 -1 -1 -1 -1 -1 
-1 -1 -1 -1 1 1 -1 1 -1 -1 -1 -1 -1 -1 -1 
-1 -1 -1 -1 1 1 -1 1 -1 -1 -1 -1 -1 -1 -1 
END
15 1
9 3
10 3
-1 -1 -1 -1 0 0 0 0 -1 -1 -1 -1 -1 -1 -1 
-1 -1 -1 -1 0 0 0 0 -1 -1 -1 -1 -1 -1 -1 
-1 -1 -1 -1 0 0 0 0 -1 -1 -1 -1 -1 -1 -1 
-1 -1 -1 -1 0 0 0 0 -1 -1 -1 -1 -1 -1 -1 
-1 -1 -1 -1 0 0 0 0 -1 -1 -1 -1 -1 -1 -1 
-1 -1 -1 -1 0 1 1 0 -1 -1 -1 -1 -1 -1 -1 
-1 -1 -1 -1 0 1 1 1 -1 -1 -1 -1 -1 -1 -1 
-1 -1 -1 -1 0 1 -1 1 -1 -1 -1 -1 -1 -1 -1 
-1 -1 -1 -1 0 1 -1 1 -1 -1 -1 -1 -1 -1 -1 
-1 -1 -1 0 0 1 -1 1 -1 -1 -1 -1 -1 -1 -1 
-1 -1 -1 1 1 1 -1 1 -1 -1 -1 -1 -1 -1 -1 
-1 -1 -1 -1 1 1 -1 1 -1 -1 -1 -1 -1 -1 -1 
-1 -1 -1 -1 1 1 -1 1 -1 -1 -1 -1 -1 -1 -1 
-1 -1 -1 -1 1 1 -1 1 -1 -1 -1 -1 -1 -1 -1 
-1 -1 -1 -1 1 1 -1 1 -1 -1 -1 -1 -1 -1 -1 
END
15 1
8 3
11 3
-1 -1 -1 -1 0 0 0 0 -1 -1 -1 -1 -1 -1 -1 
-1 -1 -1 -1 0 0 0 0 -1 -1 -1 -1 -1 -1 -1 
-1 -1 -1 -1 0 0 0 0 -1 -1 -1 -1 -1 -1 -1 
-1 -1 -1 -1 0 0 0 0 -1 -1 -1 -1 -1 -1 -1 
-1 -1 -1 -1 0 0 0 0 -1 -1 -1 -1 -1 -1 -1 
-1 -1 -1 -1 0 1 1 0 -1 -1 -1 -1 -1 -1 -1 
-1 -1 -1 -1 0 1 1 1 -1 -1 -1 -1 -1 -1 -1 
-1 -1 -1 -1 0 1 -1 1 -1 -1 -1 -1 -1 -1 -1 
-1 -1 -1 0 0 1 -1 1 -1 -1 -1 -1 -1 -1 -1 
-1 -1 -1 0 0 1 -1 1 -1 -1 -1 -1 -1 -1 -1 
-1 -1 -1 1 1 1 -1 1 -1 -1 -1 -1 -1 -1 -1 
-1 -1 -1 1 1 1 -1 1 -1 -1 -1 -1 -1 -1 -1 
-1 -1 -1 -1 1 1 -1 1 -1 -1 -1 -1 -1 -1 -1 
-1 -1 -1 -1 1 1 -1 1 -1 -1 -1 -1 -1 -1 -1 
-1 -1 -1 -1 1 1 -1 1 -1 -1 -1 -1 -1 -1 -1 
END
15 1
7 3
12 3
-1 -1 -1 -1 0 0 0 0 -1 -1 -1 -1 -1 -1 -1 
-1 -1 -1 -1 0 0 0 0 -1 -1 -1 -1 -1 -1 -1 
-1 -1 -1 -1 0 0 0 0 -1 -1 -1 -1 -1 -1 -1 
-1 -1 -1 -1 0 0 0 0 -1 -1 -1 -1 -1 -1 -1 
-1 -1 -1 -1 0 0 0 0 -1 -1 -1 -1 -1 -1 -1 
-1 -1 -1 -1 0 1 1 0 -1 -1 -1 -1 -1 -1 -1 
-1 -1 -1 -1 0 1 1 1 -1 -1 -1 -1 -1 -1 -1 
-1 -1 -1 0 0 1 -1 1 -1 -1 -1 -1 -1 -1 -1 
-1 -1 -1 0 0 1 -1 1 -1 -1 -1 -1 -1 -1 -1 
-1 -1 -1 0 0 1 -1 1 -1 -1 -1 -1 -1 -1 -1 
-1 -1 -1 1 1 1 -1 1 -1 -1 -1 -1 -1 -1 -1 
-1 -1 -1 1 1 1 -1 1 -1 -1 -1 -1 -1 -1 -1 
-1 -1 -1 1 1 1 -1 1 -1 -1 -1 -1 -1 -1 -1 
-1 -1 -1 -1 1 1 -1 1 -1 -1 -1 -1 -1 -1 -1 
-1 -1 -1 -1 1 1 -1 1 -1 -1 -1 -1 -1 -1 -1 
END
15 1
6 3
13 3
-1 -1 -1 -1 0 0 0 0 -1 -1 -1 -1 -1 -1 -1 
-1 -1 -1 -1 0 0 0 0 -1 -1 -1 -1 -1 -1 -1 
-1 -1 -1 -1 0 0 0 0 -1 -1 -1 -1 -1 -1 -1 
-1 -1 -1 -1 0 0 0 0 -1 -1 -1 -1 -1 -1 -1 
-1 -1 -1 -1 0 0 0 0 -1 -1 -1 -1 -1 -1 -1 
-1 -1 -1 -1 0 1 1 0 -1 -1 -1 -1 -1 -1 -1 
-1 -1 -1 0 0 1 1 1 -1 -1 -1 -1 -1 -1 -1 
-1 -1 -1 0 0 1 -1 1 -1 -1 -1 -1 -1 -1 -1 
-1 -1 -1 0 0 1 -1 1 -1 -1 -1 -1 -1 -1 -1 
-1 -1 -1 0 0 1 -1 1 -1 -1 -1 -1 -1 -1 -1 
-1 -1 -1 1 1 1 -1 1 -1 -1 -1 -1 -1 -1 -1 
-1 -1 -1 1 1 1 -1 1 -1 -1 -1 -1 -1 -1 -1 
-1 -1 -1 1 1 1 -1 1 -1 -1 -1 -1 -1 -1 -1 
-1 -1 -1 1 1 1 -1 1 -1 -1 -1 -1 -1 -1 -1 
-1 -1 -1 -1 1 1 -1 1 -1 -1 -1 -1 -1 -1 -1 
END
15 1
5 3
14 3
-1 -1 -1 -1 0 0 0 0 -1 -1 -1 -1 -1 -1 -1 
-1 -1 -1 -1 0 0 0 0 -1 -1 -1 -1 -1 -1 -1 
-1 -1 -1 -1 0 0 0 0 -1 -1 -1 -1 -1 -1 -1 
-1 -1 -1 -1 0 0 0 0 -1 -1 -1 -1 -1 -1 -1 
-1 -1 -1 -1 0 0 0 0 -1 -1 -1 -1 -1 -1 -1 
-1 -1 -1 0 0 1 1 0 -1 -1 -1 -1 -1 -1 -1 
-1 -1 -1 0 0 1 1 1 -1 -1 -1 -1 -1 -1 -1 
-1 -1 -1 0 0 1 -1 1 -1 -1 -1 -1 -1 -1 -1 
-1 -1 -1 0 0 1 -1 1 -1 -1 -1 -1 -1 -1 -1 
-1 -1 -1 0 0 1 -1 1 -1 -1 -1 -1 -1 -1 -1 
-1 -1 -1 1 1 1 -1 1 -1 -1 -1 -1 -1 -1 -1 
-1 -1 -1 1 1 1 -1 1 -1 -1 -1 -1 -1 -1 -1 
-1 -1 -1 1 1 1 -1 1 -1 -1 -1 -1 -1 -1 -1 
-1 -1 -1 1 1 1 -1 1 -1 -1 -1 -1 -1 -1 -1 
-1 -1 -1 1 1 1 -1 1 -1 -1 -1 -1 -1 -1 -1 
END
15 1
4 3
14 2
-1 -1 -1 -1 0 0 0 0 -1 -1 -1 -1 -1 -1 -1 
-1 -1 -1 -1 0 0 0 0 -1 -1 -1 -1 -1 -1 -1 
-1 -1 -1 -1 0 0 0 0 -1 -1 -1 -1 -1 -1 -1 
-1 -1 -1 -1 0 0 0 0 -1 -1 -1 -1 -1 -1 -1 
-1 -1 -1 0 0 0 0 0 -1 -1 -1 -1 -1 -1 -1 
-1 -1 -1 0 0 1 1 0 -1 -1 -1 -1 -1 -1 -1 
-1 -1 -1 0 0 1 1 1 -1 -1 -1 -1 -1 -1 -1 
-1 -1 -1 0 0 1 -1 1 -1 -1 -1 -1 -1 -1 -1 
-1 -1 -1 0 0 1 -1 1 -1 -1 -1 -1 -1 -1 -1 
-1 -1 -1 0 0 1 -1 1 -1 -1 -1 -1 -1 -1 -1 
-1 -1 -1 1 1 1 -1 1 -1 -1 -1 -1 -1 -1 -1 
-1 -1 -1 1 1 1 -1 1 -1 -1 -1 -1 -1 -1 -1 
-1 -1 -1 1 1 1 -1 1 -1 -1 -1 -1 -1 -1 -1 
-1 -1 -1 1 1 1 -1 1 -1 -1 -1 -1 -1 -1 -1 
-1 -1 1 1 1 1 -1 1 -1 -1 -1 -1 -1 -1 -1 
END
15 1
3 3
13 2
-1 -1 -1 -1 0 0 0 0 -1 -1 -1 -1 -1 -1 -1 
-1 -1 -1 -1 0 0 0 0 -1 -1 -1 -1 -1 -1 -1 
-1 -1 -1 -1 0 0 0 0 -1 -1 -1 -1 -1 -1 -1 
-1 -1 -1 0 0 0 0 0 -1 -1 -1 -1 -1 -1 -1 
-1 -1 -1 0 0 0 0 0 -1 -1 -1 -1 -1 -1 -1 
-1 -1 -1 0 0 1 1 0 -1 -1 -1 -1 -1 -1 -1 
-1 -1 -1 0 0 1 1 1 -1 -1 -1 -1 -1 -1 -1 
-1 -1 -1 0 0 1 -1 1 -1 -1 -1 -1 -1 -1 -1 
-1 -1 -1 0 0 1 -1 1 -1 -1 -1 -1 -1 -1 -1 
-1 -1 -1 0 0 1 -1 1 -1 -1 -1 -1 -1 -1 -1 
-1 -1 -1 1 1 1 -1 1 -1 -1 -1 -1 -1 -1 -1 
-1 -1 -1 1 1 1 -1 1 -1 -1 -1 -1 -1 -1 -1 
-1 -1 -1 1 1 1 -1 1 -1 -1 -1 -1 -1 -1 -1 
-1 -1 1 1 1 1 -1 1 -1 -1 -1 -1 -1 -1 -1 
-1 -1 1 1 1 1 -1 1 -1 -1 -1 -1 -1 -1 -1 
END
15 1
2 3
12 2
-1 -1 -1 -1 0 0 0 0 -1 -1 -1 -1 -1 -1 -1 
-1 -1 -1 -1 0 0 0 0 -1 -1 -1 -1 -1 -1 -1 
-1 -1 -1 0 0 0 0 0 -1 -1 -1 -1 -1 -1 -1 
-1 -1 -1 0 0 0 0 0 -1 -1 -1 -1 -1 -1 -1 
-1 -1 -1 0 0 0 0 0 -1 -1 -1 -1 -1 -1 -1 
-1 -1 -1 0 0 1 1 0 -1 -1 -1 -1 -1 -1 -1 
-1 -1 -1 0 0 1 1 1 -1 -1 -1 -1 -1 -1 -1 
-1 -1 -1 0 0 1 -1 1 -1 -1 -1 -1 -1 -1 -1 
-1 -1 -1 0 0 1 -1 1 -1 -1 -1 -1 -1 -1 -1 
-1 -1 -1 0 0 1 -1 1 -1 -1 -1 -1 -1 -1 -1 
-1 -1 -1 1 1 1 -1 1 -1 -1 -1 -1 -1 -1 -1 
-1 -1 -1 1 1 1 -1 1 -1 -1 -1 -1 -1 -1 -1 
-1 -1 1 1 1 1 -1 1 -1 -1 -1 -1 -1 -1 -1 
-1 -1 1 1 1 1 -1 1 -1 -1 -1 -1 -1 -1 -1 
-1 -1 1 1 1 1 -1 1 -1 -1 -1 -1 -1 -1 -1 
END
15 1
1 3
11 2
-1 -1 -1 -1 0 0 0 0 -1 -1 -1 -1 -1 -1 -1 
-1 -1 -1 0 0 0 0 0 -1 -1 -1 -1 -1 -1 -1 
-1 -1 -1 0 0 0 0 0 -1 -1 -1 -1 -1 -1 -1 
-1 -1 -1 0 0 0 0 0 -1 -1 -1 -1 -1 -1 -1 
-1 -1 -1 0 0 0 0 0 -1 -1 -1 -1 -1 -1 -1 
-1 -1 -1 0 0 1 1 0 -1 -1 -1 -1 -1 -1 -1 
-1 -1 -1 0 0 1 1 1 -1 -1 -1 -1 -1 -1 -1 
-1 -1 -1 0 0 1 -1 1 -1 -1 -1 -1 -1 -1 -1 
-1 -1 -1 0 0 1 -1 1 -1 -1 -1 -1 -1 -1 -1 
-1 -1 -1 0 0 1 -1 1 -1 -1 -1 -1 -1 -1 -1 
-1 -1 -1 1 1 1 -1 1 -1 -1 -1 -1 -1 -1 -1 
-1 -1 1 1 1 1 -1 1 -1 -1 -1 -1 -1 -1 -1 
-1 -1 1 1 1 1 -1 1 -1 -1 -1 -1 -1 -1 -1 
-1 -1 1 1 1 1 -1 1 -1 -1 -1 -1 -1 -1 -1 
-1 -1 1 1 1 1 -1 1 -1 -1 -1 -1 -1 -1 -1 
END
15 1
0 3
10 2
-1 -1 -1 0 0 0 0 0 -1 -1 -1 -1 -1 -1 -1 
-1 -1 -1 0 0 0 0 0 -1 -1 -1 -1 -1 -1 -1 
-1 -1 -1 0 0 0 0 0 -1 -1 -1 -1 -1 -1 -1 
-1 -1 -1 0 0 0 0 0 -1 -1 -1 -1 -1 -1 -1 
-1 -1 -1 0 0 0 0 0 -1 -1 -1 -1 -1 -1 -1 
-1 -1 -1 0 0 1 1 0 -1 -1 -1 -1 -1 -1 -1 
-1 -1 -1 0 0 1 1 1 -1 -1 -1 -1 -1 -1 -1 
-1 -1 -1 0 0 1 -1 1 -1 -1 -1 -1 -1 -1 -1 
-1 -1 -1 0 0 1 -1 1 -1 -1 -1 -1 -1 -1 -1 
-1 -1 -1 0 0 1 -1 1 -1 -1 -1 -1 -1 -1 -1 
-1 -1 1 1 1 1 -1 1 -1 -1 -1 -1 -1 -1 -1 
-1 -1 1 1 1 1 -1 1 -1 -1 -1 -1 -1 -1 -1 
-1 -1 1 1 1 1 -1 1 -1 -1 -1 -1 -1 -1 -1 
-1 -1 1 1 1 1 -1 1 -1 -1 -1 -1 -1 -1 -1 
-1 -1 1 1 1 1 -1 1 -1 -1 -1 -1 -1 -1 -1 
END
15 1
0 2
9 2
-1 -1 0 0 0 0 0 0 -1 -1 -1 -1 -1 -1 -1 
-1 -1 -1 0 0 0 0 0 -1 -1 -1 -1 -1 -1 -1 
-1 -1 -1 0 0 0 0 0 -1 -1 -1 -1 -1 -1 -1 
-1 -1 -1 0 0 0 0 0 -1 -1 -1 -1 -1 -1 -1 
-1 -1 -1 0 0 0 0 0 -1 -1 -1 -1 -1 -1 -1 
-1 -1 -1 0 0 1 1 0 -1 -1 -1 -1 -1 -1 -1 
-1 -1 -1 0 0 1 1 1 -1 -1 -1 -1 -1 -1 -1 
-1 -1 -1 0 0 1 -1 1 -1 -1 -1 -1 -1 -1 -1 
-1 -1 -1 0 0 1 -1 1 -1 -1 -1 -1 -1 -1 -1 
-1 -1 1 0 0 1 -1 1 -1 -1 -1 -1 -1 -1 -1 
-1 -1 1 1 1 1 -1 1 -1 -1 -1 -1 -1 -1 -1 
-1 -1 1 1 1 1 -1 1 -1 -1 -1 -1 -1 -1 -1 
-1 -1 1 1 1 1 -1 1 -1 -1 -1 -1 -1 -1 -1 
-1 -1 1 1 1 1 -1 1 -1 -1 -1 -1 -1 -1 -1 
-1 -1 1 1 1 1 -1 1 -1 -1 -1 -1 -1 -1 -1 
END
15 1
1 2
8 2
-1 -1 0 0 0 0 0 0 -1 -1 -1 -1 -1 -1 -1 
-1 -1 0 0 0 0 0 0 -1 -1 -1 -1 -1 -1 -1 
-1 -1 -1 0 0 0 0 0 -1 -1 -1 -1 -1 -1 -1 
-1 -1 -1 0 0 0 0 0 -1 -1 -1 -1 -1 -1 -1 
-1 -1 -1 0 0 0 0 0 -1 -1 -1 -1 -1 -1 -1 
-1 -1 -1 0 0 1 1 0 -1 -1 -1 -1 -1 -1 -1 
-1 -1 -1 0 0 1 1 1 -1 -1 -1 -1 -1 -1 -1 
-1 -1 -1 0 0 1 -1 1 -1 -1 -1 -1 -1 -1 -1 
-1 -1 1 0 0 1 -1 1 -1 -1 -1 -1 -1 -1 -1 
-1 -1 1 0 0 1 -1 1 -1 -1 -1 -1 -1 -1 -1 
-1 -1 1 1 1 1 -1 1 -1 -1 -1 -1 -1 -1 -1 
-1 -1 1 1 1 1 -1 1 -1 -1 -1 -1 -1 -1 -1 
-1 -1 1 1 1 1 -1 1 -1 -1 -1 -1 -1 -1 -1 
-1 -1 1 1 1 1 -1 1 -1 -1 -1 -1 -1 -1 -1 
-1 -1 1 1 1 1 -1 1 -1 -1 -1 -1 -1 -1 -1 
END
15 1
2 2
7 2
-1 -1 0 0 0 0 0 0 -1 -1 -1 -1 -1 -1 -1 
-1 -1 0 0 0 0 0 0 -1 -1 -1 -1 -1 -1 -1 
-1 -1 0 0 0 0 0 0 -1 -1 -1 -1 -1 -1 -1 
-1 -1 -1 0 0 0 0 0 -1 -1 -1 -1 -1 -1 -1 
-1 -1 -1 0 0 0 0 0 -1 -1 -1 -1 -1 -1 -1 
-1 -1 -1 0 0 1 1 0 -1 -1 -1 -1 -1 -1 -1 
-1 -1 -1 0 0 1 1 1 -1 -1 -1 -1 -1 -1 -1 
-1 -1 1 0 0 1 -1 1 -1 -1 -1 -1 -1 -1 -1 
-1 -1 1 0 0 1 -1 1 -1 -1 -1 -1 -1 -1 -1 
-1 -1 1 0 0 1 -1 1 -1 -1 -1 -1 -1 -1 -1 
-1 -1 1 1 1 1 -1 1 -1 -1 -1 -1 -1 -1 -1 
-1 -1 1 1 1 1 -1 1 -1 -1 -1 -1 -1 -1 -1 
-1 -1 1 1 1 1 -1 1 -1 -1 -1 -1 -1 -1 -1 
-1 -1 1 1 1 1 -1 1 -1 -1 -1 -1 -1 -1 -1 
-1 -1 1 1 1 1 -1 1 -1 -1 -1 -1 -1 -1 -1 
END
15 1
3 2
6 2
-1 -1 0 0 0 0 0 0 -1 -1 -1 -1 -1 -1 -1 
-1 -1 0 0 0 0 0 0 -1 -1 -1 -1 -1 -1 -1 
-1 -1 0 0 0 0 0 0 -1 -1 -1 -1 -1 -1 -1 
-1 -1 0 0 0 0 0 0 -1 -1 -1 -1 -1 -1 -1 
-1 -1 -1 0 0 0 0 0 -1 -1 -1 -1 -1 -1 -1 
-1 -1 -1 0 0 1 1 0 -1 -1 -1 -1 -1 -1 -1 
-1 -1 1 0 0 1 1 1 -1 -1 -1 -1 -1 -1 -1 
-1 -1 1 0 0 1 -1 1 -1 -1 -1 -1 -1 -1 -1 
-1 -1 1 0 0 1 -1 1 -1 -1 -1 -1 -1 -1 -1 
-1 -1 1 0 0 1 -1 1 -1 -1 -1 -1 -1 -1 -1 
-1 -1 1 1 1 1 -1 1 -1 -1 -1 -1 -1 -1 -1 
-1 -1 1 1 1 1 -1 1 -1 -1 -1 -1 -1 -1 -1 
-1 -1 1 1 1 1 -1 1 -1 -1 -1 -1 -1 -1 -1 
-1 -1 1 1 1 1 -1 1 -1 -1 -1 -1 -1 -1 -1 
-1 -1 1 1 1 1 -1 1 -1 -1 -1 -1 -1 -1 -1 
END
15 1
4 2
5 2
-1 -1 0 0 0 0 0 0 -1 -1 -1 -1 -1 -1 -1 
-1 -1 0 0 0 0 0 0 -1 -1 -1 -1 -1 -1 -1 
-1 -1 0 0 0 0 0 0 -1 -1 -1 -1 -1 -1 -1 
-1 -1 0 0 0 0 0 0 -1 -1 -1 -1 -1 -1 -1 
-1 -1 0 0 0 0 0 0 -1 -1 -1 -1 -1 -1 -1 
-1 -1 1 0 0 1 1 0 -1 -1 -1 -1 -1 -1 -1 
-1 -1 1 0 0 1 1 1 -1 -1 -1 -1 -1 -1 -1 
-1 -1 1 0 0 1 -1 1 -1 -1 -1 -1 -1 -1 -1 
-1 -1 1 0 0 1 -1 1 -1 -1 -1 -1 -1 -1 -1 
-1 -1 1 0 0 1 -1 1 -1 -1 -1 -1 -1 -1 -1 
-1 -1 1 1 1 1 -1 1 -1 -1 -1 -1 -1 -1 -1 
-1 -1 1 1 1 1 -1 1 -1 -1 -1 -1 -1 -1 -1 
-1 -1 1 1 1 1 -1 1 -1 -1 -1 -1 -1 -1 -1 
-1 -1 1 1 1 1 -1 1 -1 -1 -1 -1 -1 -1 -1 
-1 -1 1 1 1 1 -1 1 -1 -1 -1 -1 -1 -1 -1 
END
15 1
4 1
5 1
-1 -1 0 0 0 0 0 0 -1 -1 -1 -1 -1 -1 -1 
-1 -1 0 0 0 0 0 0 -1 -1 -1 -1 -1 -1 -1 
-1 -1 0 0 0 0 0 0 -1 -1 -1 -1 -1 -1 -1 
-1 -1 0 0 0 0 0 0 -1 -1 -1 -1 -1 -1 -1 
-1 0 0 0 0 0 0 0 -1 -1 -1 -1 -1 -1 -1 
-1 1 1 0 0 1 1 0 -1 -1 -1 -1 -1 -1 -1 
-1 -1 1 0 0 1 1 1 -1 -1 -1 -1 -1 -1 -1 
-1 -1 1 0 0 1 -1 1 -1 -1 -1 -1 -1 -1 -1 
-1 -1 1 0 0 1 -1 1 -1 -1 -1 -1 -1 -1 -1 
-1 -1 1 0 0 1 -1 1 -1 -1 -1 -1 -1 -1 -1 
-1 -1 1 1 1 1 -1 1 -1 -1 -1 -1 -1 -1 -1 
-1 -1 1 1 1 1 -1 1 -1 -1 -1 -1 -1 -1 -1 
-1 -1 1 1 1 1 -1 1 -1 -1 -1 -1 -1 -1 -1 
-1 -1 1 1 1 1 -1 1 -1 -1 -1 -1 -1 -1 -1 
-1 -1 1 1 1 1 -1 1 -1 -1 -1 -1 -1 -1 -1 
END
15 1
3 1
6 1
-1 -1 0 0 0 0 0 0 -1 -1 -1 -1 -1 -1 -1 
-1 -1 0 0 0 0 0 0 -1 -1 -1 -1 -1 -1 -1 
-1 -1 0 0 0 0 0 0 -1 -1 -1 -1 -1 -1 -1 
-1 0 0 0 0 0 0 0 -1 -1 -1 -1 -1 -1 -1 
-1 0 0 0 0 0 0 0 -1 -1 -1 -1 -1 -1 -1 
-1 1 1 0 0 1 1 0 -1 -1 -1 -1 -1 -1 -1 
-1 1 1 0 0 1 1 1 -1 -1 -1 -1 -1 -1 -1 
-1 -1 1 0 0 1 -1 1 -1 -1 -1 -1 -1 -1 -1 
-1 -1 1 0 0 1 -1 1 -1 -1 -1 -1 -1 -1 -1 
-1 -1 1 0 0 1 -1 1 -1 -1 -1 -1 -1 -1 -1 
-1 -1 1 1 1 1 -1 1 -1 -1 -1 -1 -1 -1 -1 
-1 -1 1 1 1 1 -1 1 -1 -1 -1 -1 -1 -1 -1 
-1 -1 1 1 1 1 -1 1 -1 -1 -1 -1 -1 -1 -1 
-1 -1 1 1 1 1 -1 1 -1 -1 -1 -1 -1 -1 -1 
-1 -1 1 1 1 1 -1 1 -1 -1 -1 -1 -1 -1 -1 
END
15 1
2 1
7 1
-1 -1 0 0 0 0 0 0 -1 -1 -1 -1 -1 -1 -1 
-1 -1 0 0 0 0 0 0 -1 -1 -1 -1 -1 -1 -1 
-1 0 0 0 0 0 0 0 -1 -1 -1 -1 -1 -1 -1 
-1 0 0 0 0 0 0 0 -1 -1 -1 -1 -1 -1 -1 
-1 0 0 0 0 0 0 0 -1 -1 -1 -1 -1 -1 -1 
-1 1 1 0 0 1 1 0 -1 -1 -1 -1 -1 -1 -1 
-1 1 1 0 0 1 1 1 -1 -1 -1 -1 -1 -1 -1 
-1 1 1 0 0 1 -1 1 -1 -1 -1 -1 -1 -1 -1 
-1 -1 1 0 0 1 -1 1 -1 -1 -1 -1 -1 -1 -1 
-1 -1 1 0 0 1 -1 1 -1 -1 -1 -1 -1 -1 -1 
-1 -1 1 1 1 1 -1 1 -1 -1 -1 -1 -1 -1 -1 
-1 -1 1 1 1 1 -1 1 -1 -1 -1 -1 -1 -1 -1 
-1 -1 1 1 1 1 -1 1 -1 -1 -1 -1 -1 -1 -1 
-1 -1 1 1 1 1 -1 1 -1 -1 -1 -1 -1 -1 -1 
-1 -1 1 1 1 1 -1 1 -1 -1 -1 -1 -1 -1 -1 
END
15 1
1 1
8 1
-1 -1 0 0 0 0 0 0 -1 -1 -1 -1 -1 -1 -1 
-1 0 0 0 0 0 0 0 -1 -1 -1 -1 -1 -1 -1 
-1 0 0 0 0 0 0 0 -1 -1 -1 -1 -1 -1 -1 
-1 0 0 0 0 0 0 0 -1 -1 -1 -1 -1 -1 -1 
-1 0 0 0 0 0 0 0 -1 -1 -1 -1 -1 -1 -1 
-1 1 1 0 0 1 1 0 -1 -1 -1 -1 -1 -1 -1 
-1 1 1 0 0 1 1 1 -1 -1 -1 -1 -1 -1 -1 
-1 1 1 0 0 1 -1 1 -1 -1 -1 -1 -1 -1 -1 
-1 1 1 0 0 1 -1 1 -1 -1 -1 -1 -1 -1 -1 
-1 -1 1 0 0 1 -1 1 -1 -1 -1 -1 -1 -1 -1 
-1 -1 1 1 1 1 -1 1 -1 -1 -1 -1 -1 -1 -1 
-1 -1 1 1 1 1 -1 1 -1 -1 -1 -1 -1 -1 -1 
-1 -1 1 1 1 1 -1 1 -1 -1 -1 -1 -1 -1 -1 
-1 -1 1 1 1 1 -1 1 -1 -1 -1 -1 -1 -1 -1 
-1 -1 1 1 1 1 -1 1 -1 -1 -1 -1 -1 -1 -1 
END
15 1
0 1
9 1
-1 0 0 0 0 0 0 0 -1 -1 -1 -1 -1 -1 -1 
-1 0 0 0 0 0 0 0 -1 -1 -1 -1 -1 -1 -1 
-1 0 0 0 0 0 0 0 -1 -1 -1 -1 -1 -1 -1 
-1 0 0 0 0 0 0 0 -1 -1 -1 -1 -1 -1 -1 
-1 0 0 0 0 0 0 0 -1 -1 -1 -1 -1 -1 -1 
-1 1 1 0 0 1 1 0 -1 -1 -1 -1 -1 -1 -1 
-1 1 1 0 0 1 1 1 -1 -1 -1 -1 -1 -1 -1 
-1 1 1 0 0 1 -1 1 -1 -1 -1 -1 -1 -1 -1 
-1 1 1 0 0 1 -1 1 -1 -1 -1 -1 -1 -1 -1 
-1 1 1 0 0 1 -1 1 -1 -1 -1 -1 -1 -1 -1 
-1 -1 1 1 1 1 -1 1 -1 -1 -1 -1 -1 -1 -1 
-1 -1 1 1 1 1 -1 1 -1 -1 -1 -1 -1 -1 -1 
-1 -1 1 1 1 1 -1 1 -1 -1 -1 -1 -1 -1 -1 
-1 -1 1 1 1 1 -1 1 -1 -1 -1 -1 -1 -1 -1 
-1 -1 1 1 1 1 -1 1 -1 -1 -1 -1 -1 -1 -1 
END
15 1
0 0
10 1
0 0 0 0 0 0 0 0 -1 -1 -1 -1 -1 -1 -1 
-1 0 0 0 0 0 0 0 -1 -1 -1 -1 -1 -1 -1 
-1 0 0 0 0 0 0 0 -1 -1 -1 -1 -1 -1 -1 
-1 0 0 0 0 0 0 0 -1 -1 -1 -1 -1 -1 -1 
-1 0 0 0 0 0 0 0 -1 -1 -1 -1 -1 -1 -1 
-1 1 1 0 0 1 1 0 -1 -1 -1 -1 -1 -1 -1 
-1 1 1 0 0 1 1 1 -1 -1 -1 -1 -1 -1 -1 
-1 1 1 0 0 1 -1 1 -1 -1 -1 -1 -1 -1 -1 
-1 1 1 0 0 1 -1 1 -1 -1 -1 -1 -1 -1 -1 
-1 1 1 0 0 1 -1 1 -1 -1 -1 -1 -1 -1 -1 
-1 1 1 1 1 1 -1 1 -1 -1 -1 -1 -1 -1 -1 
-1 -1 1 1 1 1 -1 1 -1 -1 -1 -1 -1 -1 -1 
-1 -1 1 1 1 1 -1 1 -1 -1 -1 -1 -1 -1 -1 
-1 -1 1 1 1 1 -1 1 -1 -1 -1 -1 -1 -1 -1 
-1 -1 1 1 1 1 -1 1 -1 -1 -1 -1 -1 -1 -1 
END
15 1
1 0
11 1
0 0 0 0 0 0 0 0 -1 -1 -1 -1 -1 -1 -1 
0 0 0 0 0 0 0 0 -1 -1 -1 -1 -1 -1 -1 
-1 0 0 0 0 0 0 0 -1 -1 -1 -1 -1 -1 -1 
-1 0 0 0 0 0 0 0 -1 -1 -1 -1 -1 -1 -1 
-1 0 0 0 0 0 0 0 -1 -1 -1 -1 -1 -1 -1 
-1 1 1 0 0 1 1 0 -1 -1 -1 -1 -1 -1 -1 
-1 1 1 0 0 1 1 1 -1 -1 -1 -1 -1 -1 -1 
-1 1 1 0 0 1 -1 1 -1 -1 -1 -1 -1 -1 -1 
-1 1 1 0 0 1 -1 1 -1 -1 -1 -1 -1 -1 -1 
-1 1 1 0 0 1 -1 1 -1 -1 -1 -1 -1 -1 -1 
-1 1 1 1 1 1 -1 1 -1 -1 -1 -1 -1 -1 -1 
-1 1 1 1 1 1 -1 1 -1 -1 -1 -1 -1 -1 -1 
-1 -1 1 1 1 1 -1 1 -1 -1 -1 -1 -1 -1 -1 
-1 -1 1 1 1 1 -1 1 -1 -1 -1 -1 -1 -1 -1 
-1 -1 1 1 1 1 -1 1 -1 -1 -1 -1 -1 -1 -1 
END
15 1
2 0
12 1
0 0 0 0 0 0 0 0 -1 -1 -1 -1 -1 -1 -1 
0 0 0 0 0 0 0 0 -1 -1 -1 -1 -1 -1 -1 
0 0 0 0 0 0 0 0 -1 -1 -1 -1 -1 -1 -1 
-1 0 0 0 0 0 0 0 -1 -1 -1 -1 -1 -1 -1 
-1 0 0 0 0 0 0 0 -1 -1 -1 -1 -1 -1 -1 
-1 1 1 0 0 1 1 0 -1 -1 -1 -1 -1 -1 -1 
-1 1 1 0 0 1 1 1 -1 -1 -1 -1 -1 -1 -1 
-1 1 1 0 0 1 -1 1 -1 -1 -1 -1 -1 -1 -1 
-1 1 1 0 0 1 -1 1 -1 -1 -1 -1 -1 -1 -1 
-1 1 1 0 0 1 -1 1 -1 -1 -1 -1 -1 -1 -1 
-1 1 1 1 1 1 -1 1 -1 -1 -1 -1 -1 -1 -1 
-1 1 1 1 1 1 -1 1 -1 -1 -1 -1 -1 -1 -1 
-1 1 1 1 1 1 -1 1 -1 -1 -1 -1 -1 -1 -1 
-1 -1 1 1 1 1 -1 1 -1 -1 -1 -1 -1 -1 -1 
-1 -1 1 1 1 1 -1 1 -1 -1 -1 -1 -1 -1 -1 
END
15 1
3 0
13 1
0 0 0 0 0 0 0 0 -1 -1 -1 -1 -1 -1 -1 
0 0 0 0 0 0 0 0 -1 -1 -1 -1 -1 -1 -1 
0 0 0 0 0 0 0 0 -1 -1 -1 -1 -1 -1 -1 
0 0 0 0 0 0 0 0 -1 -1 -1 -1 -1 -1 -1 
-1 0 0 0 0 0 0 0 -1 -1 -1 -1 -1 -1 -1 
-1 1 1 0 0 1 1 0 -1 -1 -1 -1 -1 -1 -1 
-1 1 1 0 0 1 1 1 -1 -1 -1 -1 -1 -1 -1 
-1 1 1 0 0 1 -1 1 -1 -1 -1 -1 -1 -1 -1 
-1 1 1 0 0 1 -1 1 -1 -1 -1 -1 -1 -1 -1 
-1 1 1 0 0 1 -1 1 -1 -1 -1 -1 -1 -1 -1 
-1 1 1 1 1 1 -1 1 -1 -1 -1 -1 -1 -1 -1 
-1 1 1 1 1 1 -1 1 -1 -1 -1 -1 -1 -1 -1 
-1 1 1 1 1 1 -1 1 -1 -1 -1 -1 -1 -1 -1 
-1 1 1 1 1 1 -1 1 -1 -1 -1 -1 -1 -1 -1 
-1 -1 1 1 1 1 -1 1 -1 -1 -1 -1 -1 -1 -1 
END
15 1
4 0
14 1
0 0 0 0 0 0 0 0 -1 -1 -1 -1 -1 -1 -1 
0 0 0 0 0 0 0 0 -1 -1 -1 -1 -1 -1 -1 
0 0 0 0 0 0 0 0 -1 -1 -1 -1 -1 -1 -1 
0 0 0 0 0 0 0 0 -1 -1 -1 -1 -1 -1 -1 
0 0 0 0 0 0 0 0 -1 -1 -1 -1 -1 -1 -1 
-1 1 1 0 0 1 1 0 -1 -1 -1 -1 -1 -1 -1 
-1 1 1 0 0 1 1 1 -1 -1 -1 -1 -1 -1 -1 
-1 1 1 0 0 1 -1 1 -1 -1 -1 -1 -1 -1 -1 
-1 1 1 0 0 1 -1 1 -1 -1 -1 -1 -1 -1 -1 
-1 1 1 0 0 1 -1 1 -1 -1 -1 -1 -1 -1 -1 
-1 1 1 1 1 1 -1 1 -1 -1 -1 -1 -1 -1 -1 
-1 1 1 1 1 1 -1 1 -1 -1 -1 -1 -1 -1 -1 
-1 1 1 1 1 1 -1 1 -1 -1 -1 -1 -1 -1 -1 
-1 1 1 1 1 1 -1 1 -1 -1 -1 -1 -1 -1 -1 
-1 1 1 1 1 1 -1 1 -1 -1 -1 -1 -1 -1 -1 
END
15 1
5 0
14 0
0 0 0 0 0 0 0 0 -1 -1 -1 -1 -1 -1 -1 
0 0 0 0 0 0 0 0 -1 -1 -1 -1 -1 -1 -1 
0 0 0 0 0 0 0 0 -1 -1 -1 -1 -1 -1 -1 
0 0 0 0 0 0 0 0 -1 -1 -1 -1 -1 -1 -1 
0 0 0 0 0 0 0 0 -1 -1 -1 -1 -1 -1 -1 
0 1 1 0 0 1 1 0 -1 -1 -1 -1 -1 -1 -1 
-1 1 1 0 0 1 1 1 -1 -1 -1 -1 -1 -1 -1 
-1 1 1 0 0 1 -1 1 -1 -1 -1 -1 -1 -1 -1 
-1 1 1 0 0 1 -1 1 -1 -1 -1 -1 -1 -1 -1 
-1 1 1 0 0 1 -1 1 -1 -1 -1 -1 -1 -1 -1 
-1 1 1 1 1 1 -1 1 -1 -1 -1 -1 -1 -1 -1 
-1 1 1 1 1 1 -1 1 -1 -1 -1 -1 -1 -1 -1 
-1 1 1 1 1 1 -1 1 -1 -1 -1 -1 -1 -1 -1 
-1 1 1 1 1 1 -1 1 -1 -1 -1 -1 -1 -1 -1 
1 1 1 1 1 1 -1 1 -1 -1 -1 -1 -1 -1 -1 
END
15 1
6 0
13 0
0 0 0 0 0 0 0 0 -1 -1 -1 -1 -1 -1 -1 
0 0 0 0 0 0 0 0 -1 -1 -1 -1 -1 -1 -1 
0 0 0 0 0 0 0 0 -1 -1 -1 -1 -1 -1 -1 
0 0 0 0 0 0 0 0 -1 -1 -1 -1 -1 -1 -1 
0 0 0 0 0 0 0 0 -1 -1 -1 -1 -1 -1 -1 
0 1 1 0 0 1 1 0 -1 -1 -1 -1 -1 -1 -1 
0 1 1 0 0 1 1 1 -1 -1 -1 -1 -1 -1 -1 
-1 1 1 0 0 1 -1 1 -1 -1 -1 -1 -1 -1 -1 
-1 1 1 0 0 1 -1 1 -1 -1 -1 -1 -1 -1 -1 
-1 1 1 0 0 1 -1 1 -1 -1 -1 -1 -1 -1 -1 
-1 1 1 1 1 1 -1 1 -1 -1 -1 -1 -1 -1 -1 
-1 1 1 1 1 1 -1 1 -1 -1 -1 -1 -1 -1 -1 
-1 1 1 1 1 1 -1 1 -1 -1 -1 -1 -1 -1 -1 
1 1 1 1 1 1 -1 1 -1 -1 -1 -1 -1 -1 -1 
1 1 1 1 1 1 -1 1 -1 -1 -1 -1 -1 -1 -1 
END
15 1
7 0
12 0
0 0 0 0 0 0 0 0 -1 -1 -1 -1 -1 -1 -1 
0 0 0 0 0 0 0 0 -1 -1 -1 -1 -1 -1 -1 
0 0 0 0 0 0 0 0 -1 -1 -1 -1 -1 -1 -1 
0 0 0 0 0 0 0 0 -1 -1 -1 -1 -1 -1 -1 
0 0 0 0 0 0 0 0 -1 -1 -1 -1 -1 -1 -1 
0 1 1 0 0 1 1 0 -1 -1 -1 -1 -1 -1 -1 
0 1 1 0 0 1 1 1 -1 -1 -1 -1 -1 -1 -1 
0 1 1 0 0 1 -1 1 -1 -1 -1 -1 -1 -1 -1 
-1 1 1 0 0 1 -1 1 -1 -1 -1 -1 -1 -1 -1 
-1 1 1 0 0 1 -1 1 -1 -1 -1 -1 -1 -1 -1 
-1 1 1 1 1 1 -1 1 -1 -1 -1 -1 -1 -1 -1 
-1 1 1 1 1 1 -1 1 -1 -1 -1 -1 -1 -1 -1 
1 1 1 1 1 1 -1 1 -1 -1 -1 -1 -1 -1 -1 
1 1 1 1 1 1 -1 1 -1 -1 -1 -1 -1 -1 -1 
1 1 1 1 1 1 -1 1 -1 -1 -1 -1 -1 -1 -1 
END
15 1
8 0
11 0
0 0 0 0 0 0 0 0 -1 -1 -1 -1 -1 -1 -1 
0 0 0 0 0 0 0 0 -1 -1 -1 -1 -1 -1 -1 
0 0 0 0 0 0 0 0 -1 -1 -1 -1 -1 -1 -1 
0 0 0 0 0 0 0 0 -1 -1 -1 -1 -1 -1 -1 
0 0 0 0 0 0 0 0 -1 -1 -1 -1 -1 -1 -1 
0 1 1 0 0 1 1 0 -1 -1 -1 -1 -1 -1 -1 
0 1 1 0 0 1 1 1 -1 -1 -1 -1 -1 -1 -1 
0 1 1 0 0 1 -1 1 -1 -1 -1 -1 -1 -1 -1 
0 1 1 0 0 1 -1 1 -1 -1 -1 -1 -1 -1 -1 
-1 1 1 0 0 1 -1 1 -1 -1 -1 -1 -1 -1 -1 
-1 1 1 1 1 1 -1 1 -1 -1 -1 -1 -1 -1 -1 
1 1 1 1 1 1 -1 1 -1 -1 -1 -1 -1 -1 -1 
1 1 1 1 1 1 -1 1 -1 -1 -1 -1 -1 -1 -1 
1 1 1 1 1 1 -1 1 -1 -1 -1 -1 -1 -1 -1 
1 1 1 1 1 1 -1 1 -1 -1 -1 -1 -1 -1 -1 
END
15 1
9 0
10 0
0 0 0 0 0 0 0 0 -1 -1 -1 -1 -1 -1 -1 
0 0 0 0 0 0 0 0 -1 -1 -1 -1 -1 -1 -1 
0 0 0 0 0 0 0 0 -1 -1 -1 -1 -1 -1 -1 
0 0 0 0 0 0 0 0 -1 -1 -1 -1 -1 -1 -1 
0 0 0 0 0 0 0 0 -1 -1 -1 -1 -1 -1 -1 
0 1 1 0 0 1 1 0 -1 -1 -1 -1 -1 -1 -1 
0 1 1 0 0 1 1 1 -1 -1 -1 -1 -1 -1 -1 
0 1 1 0 0 1 -1 1 -1 -1 -1 -1 -1 -1 -1 
0 1 1 0 0 1 -1 1 -1 -1 -1 -1 -1 -1 -1 
0 1 1 0 0 1 -1 1 -1 -1 -1 -1 -1 -1 -1 
1 1 1 1 1 1 -1 1 -1 -1 -1 -1 -1 -1 -1 
1 1 1 1 1 1 -1 1 -1 -1 -1 -1 -1 -1 -1 
1 1 1 1 1 1 -1 1 -1 -1 -1 -1 -1 -1 -1 
1 1 1 1 1 1 -1 1 -1 -1 -1 -1 -1 -1 -1 
1 1 1 1 1 1 -1 1 -1 -1 -1 -1 -1 -1 -1 
END
