15 0
4 0
0 4
-1 -1 -1 -1 1 -1 -1 -1 -1 -1 -1 -1 -1 -1 -1 
-1 -1 -1 -1 -1 -1 -1 -1 -1 -1 -1 -1 -1 -1 -1 
-1 -1 -1 -1 -1 -1 -1 -1 -1 -1 -1 -1 -1 -1 -1 
-1 -1 -1 -1 -1 -1 -1 -1 -1 -1 -1 -1 -1 -1 -1 
0 -1 -1 -1 -1 -1 -1 -1 -1 -1 -1 -1 -1 -1 -1 
-1 -1 -1 -1 -1 -1 -1 -1 -1 -1 -1 -1 -1 -1 -1 
-1 -1 -1 -1 -1 -1 -1 -1 -1 -1 -1 -1 -1 -1 -1 
-1 -1 -1 -1 -1 -1 -1 -1 -1 -1 -1 -1 -1 -1 -1 
-1 -1 -1 -1 -1 -1 -1 -1 -1 -1 -1 -1 -1 -1 -1 
-1 -1 -1 -1 -1 -1 -1 -1 -1 -1 -1 -1 -1 -1 -1 
-1 -1 -1 -1 -1 -1 -1 -1 -1 -1 -1 -1 -1 -1 -1 
-1 -1 -1 -1 -1 -1 -1 -1 -1 -1 -1 -1 -1 -1 -1 
-1 -1 -1 -1 -1 -1 -1 -1 -1 -1 -1 -1 -1 -1 -1 
-1 -1 -1 -1 -1 -1 -1 -1 -1 -1 -1 -1 -1 -1 -1 
-1 -1 -1 -1 -1 -1 -1 -1 -1 -1 -1 -1 -1 -1 -1 
END
15 0
3 0
1 4
-1 -1 -1 -1 1 -1 -1 -1 -1 -1 -1 -1 -1 -1 -1 
-1 -1 -1 -1 1 -1 -1 -1 -1 -1 -1 -1 -1 -1 -1 
-1 -1 -1 -1 -1 -1 -1 -1 -1 -1 -1 -1 -1 -1 -1 
0 -1 -1 -1 -1 -1 -1 -1 -1 -1 -1 -1 -1 -1 -1 
0 -1 -1 -1 -1 -1 -1 -1 -1 -1 -1 -1 -1 -1 -1 
-1 -1 -1 -1 -1 -1 -1 -1 -1 -1 -1 -1 -1 -1 -1 
-1 -1 -1 -1 -1 -1 -1 -1 -1 -1 -1 -1 -1 -1 -1 
-1 -1 -1 -1 -1 -1 -1 -1 -1 -1 -1 -1 -1 -1 -1 
-1 -1 -1 -1 -1 -1 -1 -1 -1 -1 -1 -1 -1 -1 -1 
-1 -1 -1 -1 -1 -1 -1 -1 -1 -1 -1 -1 -1 -1 -1 
-1 -1 -1 -1 -1 -1 -1 -1 -1 -1 -1 -1 -1 -1 -1 
-1 -1 -1 -1 -1 -1 -1 -1 -1 -1 -1 -1 -1 -1 -1 
-1 -1 -1 -1 -1 -1 -1 -1 -1 -1 -1 -1 -1 -1 -1 
-1 -1 -1 -1 -1 -1 -1 -1 -1 -1 -1 -1 -1 -1 -1 
-1 -1 -1 -1 -1 -1 -1 -1 -1 -1 -1 -1 -1 -1 -1 
END
15 0
2 0
2 4
-1 -1 -1 -1 1 -1 -1 -1 -1 -1 -1 -1 -1 -1 -1 
-1 -1 -1 -1 1 -1 -1 -1 -1 -1 -1 -1 -1 -1 -1 
0 -1 -1 -1 1 -1 -1 -1 -1 -1 -1 -1 -1 -1 -1 
0 -1 -1 -1 -1 -1 -1 -1 -1 -1 -1 -1 -1 -1 -1 
0 -1 -1 -1 -1 -1 -1 -1 -1 -1 -1 -1 -1 -1 -1 
-1 -1 -1 -1 -1 -1 -1 -1 -1 -1 -1 -1 -1 -1 -1 
-1 -1 -1 -1 -1 -1 -1 -1 -1 -1 -1 -1 -1 -1 -1 
-1 -1 -1 -1 -1 -1 -1 -1 -1 -1 -1 -1 -1 -1 -1 
-1 -1 -1 -1 -1 -1 -1 -1 -1 -1 -1 -1 -1 -1 -1 
-1 -1 -1 -1 -1 -1 -1 -1 -1 -1 -1 -1 -1 -1 -1 
-1 -1 -1 -1 -1 -1 -1 -1 -1 -1 -1 -1 -1 -1 -1 
-1 -1 -1 -1 -1 -1 -1 -1 -1 -1 -1 -1 -1 -1 -1 
-1 -1 -1 -1 -1 -1 -1 -1 -1 -1 -1 -1 -1 -1 -1 
-1 -1 -1 -1 -1 -1 -1 -1 -1 -1 -1 -1 -1 -1 -1 
-1 -1 -1 -1 -1 -1 -1 -1 -1 -1 -1 -1 -1 -1 -1 
END
15 0
1 0
3 4
-1 -1 -1 -1 1 -1 -1 -1 -1 -1 -1 -1 -1 -1 -1 
0 -1 -1 -1 1 -1 -1 -1 -1 -1 -1 -1 -1 -1 -1 
0 -1 -1 -1 1 -1 -1 -1 -1 -1 -1 -1 -1 -1 -1 
0 -1 -1 -1 1 -1 -1 -1 -1 -1 -1 -1 -1 -1 -1 
0 -1 -1 -1 -1 -1 -1 -1 -1 -1 -1 -1 -1 -1 -1 
-1 -1 -1 -1 -1 -1 -1 -1 -1 -1 -1 -1 -1 -1 -1 
-1 -1 -1 -1 -1 -1 -1 -1 -1 -1 -1 -1 -1 -1 -1 
-1 -1 -1 -1 -1 -1 -1 -1 -1 -1 -1 -1 -1 -1 -1 
-1 -1 -1 -1 -1 -1 -1 -1 -1 -1 -1 -1 -1 -1 -1 
-1 -1 -1 -1 -1 -1 -1 -1 -1 -1 -1 -1 -1 -1 -1 
-1 -1 -1 -1 -1 -1 -1 -1 -1 -1 -1 -1 -1 -1 -1 
-1 -1 -1 -1 -1 -1 -1 -1 -1 -1 -1 -1 -1 -1 -1 
-1 -1 -1 -1 -1 -1 -1 -1 -1 -1 -1 -1 -1 -1 -1 
-1 -1 -1 -1 -1 -1 -1 -1 -1 -1 -1 -1 -1 -1 -1 
-1 -1 -1 -1 -1 -1 -1 -1 -1 -1 -1 -1 -1 -1 -1 
END
15 0
0 0
4 4
0 -1 -1 -1 1 -1 -1 -1 -1 -1 -1 -1 -1 -1 -1 
0 -1 -1 -1 1 -1 -1 -1 -1 -1 -1 -1 -1 -1 -1 
0 -1 -1 -1 1 -1 -1 -1 -1 -1 -1 -1 -1 -1 -1 
0 -1 -1 -1 1 -1 -1 -1 -1 -1 -1 -1 -1 -1 -1 
0 -1 -1 -1 1 -1 -1 -1 -1 -1 -1 -1 -1 -1 -1 
-1 -1 -1 -1 -1 -1 -1 -1 -1 -1 -1 -1 -1 -1 -1 
-1 -1 -1 -1 -1 -1 -1 -1 -1 -1 -1 -1 -1 -1 -1 
-1 -1 -1 -1 -1 -1 -1 -1 -1 -1 -1 -1 -1 -1 -1 
-1 -1 -1 -1 -1 -1 -1 -1 -1 -1 -1 -1 -1 -1 -1 
-1 -1 -1 -1 -1 -1 -1 -1 -1 -1 -1 -1 -1 -1 -1 
-1 -1 -1 -1 -1 -1 -1 -1 -1 -1 -1 -1 -1 -1 -1 
-1 -1 -1 -1 -1 -1 -1 -1 -1 -1 -1 -1 -1 -1 -1 
-1 -1 -1 -1 -1 -1 -1 -1 -1 -1 -1 -1 -1 -1 -1 
-1 -1 -1 -1 -1 -1 -1 -1 -1 -1 -1 -1 -1 -1 -1 
-1 -1 -1 -1 -1 -1 -1 -1 -1 -1 -1 -1 -1 -1 -1 
END
15 0
0 1
5 4
0 0 -1 -1 1 -1 -1 -1 -1 -1 -1 -1 -1 -1 -1 
0 -1 -1 -1 1 -1 -1 -1 -1 -1 -1 -1 -1 -1 -1 
0 -1 -1 -1 1 -1 -1 -1 -1 -1 -1 -1 -1 -1 -1 
0 -1 -1 -1 1 -1 -1 -1 -1 -1 -1 -1 -1 -1 -1 
0 -1 -1 -1 1 -1 -1 -1 -1 -1 -1 -1 -1 -1 -1 
-1 -1 -1 -1 1 -1 -1 -1 -1 -1 -1 -1 -1 -1 -1 
-1 -1 -1 -1 -1 -1 -1 -1 -1 -1 -1 -1 -1 -1 -1 
-1 -1 -1 -1 -1 -1 -1 -1 -1 -1 -1 -1 -1 -1 -1 
-1 -1 -1 -1 -1 -1 -1 -1 -1 -1 -1 -1 -1 -1 -1 
-1 -1 -1 -1 -1 -1 -1 -1 -1 -1 -1 -1 -1 -1 -1 
-1 -1 -1 -1 -1 -1 -1 -1 -1 -1 -1 -1 -1 -1 -1 
-1 -1 -1 -1 -1 -1 -1 -1 -1 -1 -1 -1 -1 -1 -1 
-1 -1 -1 -1 -1 -1 -1 -1 -1 -1 -1 -1 -1 -1 -1 
-1 -1 -1 -1 -1 -1 -1 -1 -1 -1 -1 -1 -1 -1 -1 
-1 -1 -1 -1 -1 -1 -1 -1 -1 -1 -1 -1 -1 -1 -1 
END
15 0
1 1
6 4
0 0 -1 -1 1 -1 -1 -1 -1 -1 -1 -1 -1 -1 -1 
0 0 -1 -1 1 -1 -1 -1 -1 -1 -1 -1 -1 -1 -1 
0 -1 -1 -1 1 -1 -1 -1 -1 -1 -1 -1 -1 -1 -1 
0 -1 -1 -1 1 -1 -1 -1 -1 -1 -1 -1 -1 -1 -1 
0 -1 -1 -1 1 -1 -1 -1 -1 -1 -1 -1 -1 -1 -1 
-1 -1 -1 -1 1 -1 -1 -1 -1 -1 -1 -1 -1 -1 -1 
-1 -1 -1 -1 1 -1 -1 -1 -1 -1 -1 -1 -1 -1 -1 
-1 -1 -1 -1 -1 -1 -1 -1 -1 -1 -1 -1 -1 -1 -1 
-1 -1 -1 -1 -1 -1 -1 -1 -1 -1 -1 -1 -1 -1 -1 
-1 -1 -1 -1 -1 -1 -1 -1 -1 -1 -1 -1 -1 -1 -1 
-1 -1 -1 -1 -1 -1 -1 -1 -1 -1 -1 -1 -1 -1 -1 
-1 -1 -1 -1 -1 -1 -1 -1 -1 -1 -1 -1 -1 -1 -1 
-1 -1 -1 -1 -1 -1 -1 -1 -1 -1 -1 -1 -1 -1 -1 
-1 -1 -1 -1 -1 -1 -1 -1 -1 -1 -1 -1 -1 -1 -1 
-1 -1 -1 -1 -1 -1 -1 -1 -1 -1 -1 -1 -1 -1 -1 
END
15 0
2 1
7 4
0 0 -1 -1 1 -1 -1 -1 -1 -1 -1 -1 -1 -1 -1 
0 0 -1 -1 1 -1 -1 -1 -1 -1 -1 -1 -1 -1 -1 
0 0 -1 -1 1 -1 -1 -1 -1 -1 -1 -1 -1 -1 -1 
0 -1 -1 -1 1 -1 -1 -1 -1 -1 -1 -1 -1 -1 -1 
0 -1 -1 -1 1 -1 -1 -1 -1 -1 -1 -1 -1 -1 -1 
-1 -1 -1 -1 1 -1 -1 -1 -1 -1 -1 -1 -1 -1 -1 
-1 -1 -1 -1 1 -1 -1 -1 -1 -1 -1 -1 -1 -1 -1 
-1 -1 -1 -1 1 -1 -1 -1 -1 -1 -1 -1 -1 -1 -1 
-1 -1 -1 -1 -1 -1 -1 -1 -1 -1 -1 -1 -1 -1 -1 
-1 -1 -1 -1 -1 -1 -1 -1 -1 -1 -1 -1 -1 -1 -1 
-1 -1 -1 -1 -1 -1 -1 -1 -1 -1 -1 -1 -1 -1 -1 
-1 -1 -1 -1 -1 -1 -1 -1 -1 -1 -1 -1 -1 -1 -1 
-1 -1 -1 -1 -1 -1 -1 -1 -1 -1 -1 -1 -1 -1 -1 
-1 -1 -1 -1 -1 -1 -1 -1 -1 -1 -1 -1 -1 -1 -1 
-1 -1 -1 -1 -1 -1 -1 -1 -1 -1 -1 -1 -1 -1 -1 
END
15 0
3 1
8 4
0 0 -1 -1 1 -1 -1 -1 -1 -1 -1 -1 -1 -1 -1 
0 0 -1 -1 1 -1 -1 -1 -1 -1 -1 -1 -1 -1 -1 
0 0 -1 -1 1 -1 -1 -1 -1 -1 -1 -1 -1 -1 -1 
0 0 -1 -1 1 -1 -1 -1 -1 -1 -1 -1 -1 -1 -1 
0 -1 -1 -1 1 -1 -1 -1 -1 -1 -1 -1 -1 -1 -1 
-1 -1 -1 -1 1 -1 -1 -1 -1 -1 -1 -1 -1 -1 -1 
-1 -1 -1 -1 1 -1 -1 -1 -1 -1 -1 -1 -1 -1 -1 
-1 -1 -1 -1 1 -1 -1 -1 -1 -1 -1 -1 -1 -1 -1 
-1 -1 -1 -1 1 -1 -1 -1 -1 -1 -1 -1 -1 -1 -1 
-1 -1 -1 -1 -1 -1 -1 -1 -1 -1 -1 -1 -1 -1 -1 
-1 -1 -1 -1 -1 -1 -1 -1 -1 -1 -1 -1 -1 -1 -1 
-1 -1 -1 -1 -1 -1 -1 -1 -1 -1 -1 -1 -1 -1 -1 
-1 -1 -1 -1 -1 -1 -1 -1 -1 -1 -1 -1 -1 -1 -1 
-1 -1 -1 -1 -1 -1 -1 -1 -1 -1 -1 -1 -1 -1 -1 
-1 -1 -1 -1 -1 -1 -1 -1 -1 -1 -1 -1 -1 -1 -1 
END
15 0
4 1
9 4
0 0 -1 -1 1 -1 -1 -1 -1 -1 -1 -1 -1 -1 -1 
0 0 -1 -1 1 -1 -1 -1 -1 -1 -1 -1 -1 -1 -1 
0 0 -1 -1 1 -1 -1 -1 -1 -1 -1 -1 -1 -1 -1 
0 0 -1 -1 1 -1 -1 -1 -1 -1 -1 -1 -1 -1 -1 
0 0 -1 -1 1 -1 -1 -1 -1 -1 -1 -1 -1 -1 -1 
-1 -1 -1 -1 1 -1 -1 -1 -1 -1 -1 -1 -1 -1 -1 
-1 -1 -1 -1 1 -1 -1 -1 -1 -1 -1 -1 -1 -1 -1 
-1 -1 -1 -1 1 -1 -1 -1 -1 -1 -1 -1 -1 -1 -1 
-1 -1 -1 -1 1 -1 -1 -1 -1 -1 -1 -1 -1 -1 -1 
-1 -1 -1 -1 1 -1 -1 -1 -1 -1 -1 -1 -1 -1 -1 
-1 -1 -1 -1 -1 -1 -1 -1 -1 -1 -1 -1 -1 -1 -1 
-1 -1 -1 -1 -1 -1 -1 -1 -1 -1 -1 -1 -1 -1 -1 
-1 -1 -1 -1 -1 -1 -1 -1 -1 -1 -1 -1 -1 -1 -1 
-1 -1 -1 -1 -1 -1 -1 -1 -1 -1 -1 -1 -1 -1 -1 
-1 -1 -1 -1 -1 -1 -1 -1 -1 -1 -1 -1 -1 -1 -1 
END
15 0
5 1
10 4
0 0 -1 -1 1 -1 -1 -1 -1 -1 -1 -1 -1 -1 -1 
0 0 -1 -1 1 -1 -1 -1 -1 -1 -1 -1 -1 -1 -1 
0 0 -1 -1 1 -1 -1 -1 -1 -1 -1 -1 -1 -1 -1 
0 0 -1 -1 1 -1 -1 -1 -1 -1 -1 -1 -1 -1 -1 
0 0 -1 -1 1 -1 -1 -1 -1 -1 -1 -1 -1 -1 -1 
-1 0 -1 -1 1 -1 -1 -1 -1 -1 -1 -1 -1 -1 -1 
-1 -1 -1 -1 1 -1 -1 -1 -1 -1 -1 -1 -1 -1 -1 
-1 -1 -1 -1 1 -1 -1 -1 -1 -1 -1 -1 -1 -1 -1 
-1 -1 -1 -1 1 -1 -1 -1 -1 -1 -1 -1 -1 -1 -1 
-1 -1 -1 -1 1 -1 -1 -1 -1 -1 -1 -1 -1 -1 -1 
-1 -1 -1 -1 1 -1 -1 -1 -1 -1 -1 -1 -1 -1 -1 
-1 -1 -1 -1 -1 -1 -1 -1 -1 -1 -1 -1 -1 -1 -1 
-1 -1 -1 -1 -1 -1 -1 -1 -1 -1 -1 -1 -1 -1 -1 
-1 -1 -1 -1 -1 -1 -1 -1 -1 -1 -1 -1 -1 -1 -1 
-1 -1 -1 -1 -1 -1 -1 -1 -1 -1 -1 -1 -1 -1 -1 
END
15 0
6 1
11 4
0 0 -1 -1 1 -1 -1 -1 -1 -1 -1 -1 -1 -1 -1 
0 0 -1 -1 1 -1 -1 -1 -1 -1 -1 -1 -1 -1 -1 
0 0 -1 -1 1 -1 -1 -1 -1 -1 -1 -1 -1 -1 -1 
0 0 -1 -1 1 -1 -1 -1 -1 -1 -1 -1 -1 -1 -1 
0 0 -1 -1 1 -1 -1 -1 -1 -1 -1 -1 -1 -1 -1 
-1 0 -1 -1 1 -1 -1 -1 -1 -1 -1 -1 -1 -1 -1 
-1 0 -1 -1 1 -1 -1 -1 -1 -1 -1 -1 -1 -1 -1 
-1 -1 -1 -1 1 -1 -1 -1 -1 -1 -1 -1 -1 -1 -1 
-1 -1 -1 -1 1 -1 -1 -1 -1 -1 -1 -1 -1 -1 -1 
-1 -1 -1 -1 1 -1 -1 -1 -1 -1 -1 -1 -1 -1 -1 
-1 -1 -1 -1 1 -1 -1 -1 -1 -1 -1 -1 -1 -1 -1 
-1 -1 -1 -1 1 -1 -1 -1 -1 -1 -1 -1 -1 -1 -1 
-1 -1 -1 -1 -1 -1 -1 -1 -1 -1 -1 -1 -1 -1 -1 
-1 -1 -1 -1 -1 -1 -1 -1 -1 -1 -1 -1 -1 -1 -1 
-1 -1 -1 -1 -1 -1 -1 -1 -1 -1 -1 -1 -1 -1 -1 
END
15 0
7 1
12 4
0 0 -1 -1 1 -1 -1 -1 -1 -1 -1 -1 -1 -1 -1 
0 0 -1 -1 1 -1 -1 -1 -1 -1 -1 -1 -1 -1 -1 
0 0 -1 -1 1 -1 -1 -1 -1 -1 -1 -1 -1 -1 -1 
0 0 -1 -1 1 -1 -1 -1 -1 -1 -1 -1 -1 -1 -1 
0 0 -1 -1 1 -1 -1 -1 -1 -1 -1 -1 -1 -1 -1 
-1 0 -1 -1 1 -1 -1 -1 -1 -1 -1 -1 -1 -1 -1 
-1 0 -1 -1 1 -1 -1 -1 -1 -1 -1 -1 -1 -1 -1 
-1 0 -1 -1 1 -1 -1 -1 -1 -1 -1 -1 -1 -1 -1 
-1 -1 -1 -1 1 -1 -1 -1 -1 -1 -1 -1 -1 -1 -1 
-1 -1 -1 -1 1 -1 -1 -1 -1 -1 -1 -1 -1 -1 -1 
-1 -1 -1 -1 1 -1 -1 -1 -1 -1 -1 -1 -1 -1 -1 
-1 -1 -1 -1 1 -1 -1 -1 -1 -1 -1 -1 -1 -1 -1 
-1 -1 -1 -1 1 -1 -1 -1 -1 -1 -1 -1 -1 -1 -1 
-1 -1 -1 -1 -1 -1 -1 -1 -1 -1 -1 -1 -1 -1 -1 
-1 -1 -1 -1 -1 -1 -1 -1 -1 -1 -1 -1 -1 -1 -1 
END
15 0
8 1
13 4
0 0 -1 -1 1 -1 -1 -1 -1 -1 -1 -1 -1 -1 -1 
0 0 -1 -1 1 -1 -1 -1 -1 -1 -1 -1 -1 -1 -1 
0 0 -1 -1 1 -1 -1 -1 -1 -1 -1 -1 -1 -1 -1 
0 0 -1 -1 1 -1 -1 -1 -1 -1 -1 -1 -1 -1 -1 
0 0 -1 -1 1 -1 -1 -1 -1 -1 -1 -1 -1 -1 -1 
-1 0 -1 -1 1 -1 -1 -1 -1 -1 -1 -1 -1 -1 -1 
-1 0 -1 -1 1 -1 -1 -1 -1 -1 -1 -1 -1 -1 -1 
-1 0 -1 -1 1 -1 -1 -1 -1 -1 -1 -1 -1 -1 -1 
-1 0 -1 -1 1 -1 -1 -1 -1 -1 -1 -1 -1 -1 -1 
-1 -1 -1 -1 1 -1 -1 -1 -1 -1 -1 -1 -1 -1 -1 
-1 -1 -1 -1 1 -1 -1 -1 -1 -1 -1 -1 -1 -1 -1 
-1 -1 -1 -1 1 -1 -1 -1 -1 -1 -1 -1 -1 -1 -1 
-1 -1 -1 -1 1 -1 -1 -1 -1 -1 -1 -1 -1 -1 -1 
-1 -1 -1 -1 1 -1 -1 -1 -1 -1 -1 -1 -1 -1 -1 
-1 -1 -1 -1 -1 -1 -1 -1 -1 -1 -1 -1 -1 -1 -1 
END
15 0
9 1
14 4
0 0 -1 -1 1 -1 -1 -1 -1 -1 -1 -1 -1 -1 -1 
0 0 -1 -1 1 -1 -1 -1 -1 -1 -1 -1 -1 -1 -1 
0 0 -1 -1 1 -1 -1 -1 -1 -1 -1 -1 -1 -1 -1 
0 0 -1 -1 1 -1 -1 -1 -1 -1 -1 -1 -1 -1 -1 
0 0 -1 -1 1 -1 -1 -1 -1 -1 -1 -1 -1 -1 -1 
-1 0 -1 -1 1 -1 -1 -1 -1 -1 -1 -1 -1 -1 -1 
-1 0 -1 -1 1 -1 -1 -1 -1 -1 -1 -1 -1 -1 -1 
-1 0 -1 -1 1 -1 -1 -1 -1 -1 -1 -1 -1 -1 -1 
-1 0 -1 -1 1 -1 -1 -1 -1 -1 -1 -1 -1 -1 -1 
-1 0 -1 -1 1 -1 -1 -1 -1 -1 -1 -1 -1 -1 -1 
-1 -1 -1 -1 1 -1 -1 -1 -1 -1 -1 -1 -1 -1 -1 
-1 -1 -1 -1 1 -1 -1 -1 -1 -1 -1 -1 -1 -1 -1 
-1 -1 -1 -1 1 -1 -1 -1 -1 -1 -1 -1 -1 -1 -1 
-1 -1 -1 -1 1 -1 -1 -1 -1 -1 -1 -1 -1 -1 -1 
-1 -1 -1 -1 1 -1 -1 -1 -1 -1 -1 -1 -1 -1 -1 
END
15 0
10 1
14 3
0 0 -1 -1 1 -1 -1 -1 -1 -1 -1 -1 -1 -1 -1 
0 0 -1 -1 1 -1 -1 -1 -1 -1 -1 -1 -1 -1 -1 
0 0 -1 -1 1 -1 -1 -1 -1 -1 -1 -1 -1 -1 -1 
0 0 -1 -1 1 -1 -1 -1 -1 -1 -1 -1 -1 -1 -1 
0 0 -1 -1 1 -1 -1 -1 -1 -1 -1 -1 -1 -1 -1 
-1 0 -1 -1 1 -1 -1 -1 -1 -1 -1 -1 -1 -1 -1 
-1 0 -1 -1 1 -1 -1 -1 -1 -1 -1 -1 -1 -1 -1 
-1 0 -1 -1 1 -1 -1 -1 -1 -1 -1 -1 -1 -1 -1 
-1 0 -1 -1 1 -1 -1 -1 -1 -1 -1 -1 -1 -1 -1 
-1 0 -1 -1 1 -1 -1 -1 -1 -1 -1 -1 -1 -1 -1 
-1 0 -1 -1 1 -1 -1 -1 -1 -1 -1 -1 -1 -1 -1 
-1 -1 -1 -1 1 -1 -1 -1 -1 -1 -1 -1 -1 -1 -1 
-1 -1 -1 -1 1 -1 -1 -1 -1 -1 -1 -1 -1 -1 -1 
-1 -1 -1 -1 1 -1 -1 -1 -1 -1 -1 -1 -1 -1 -1 
-1 -1 -1 1 1 -1 -1 -1 -1 -1 -1 -1 -1 -1 -1 
END
15 0
11 1
13 3
0 0 -1 -1 1 -1 -1 -1 -1 -1 -1 -1 -1 -1 -1 
0 0 -1 -1 1 -1 -1 -1 -1 -1 -1 -1 -1 -1 -1 
0 0 -1 -1 1 -1 -1 -1 -1 -1 -1 -1 -1 -1 -1 
0 0 -1 -1 1 -1 -1 -1 -1 -1 -1 -1 -1 -1 -1 
0 0 -1 -1 1 -1 -1 -1 -1 -1 -1 -1 -1 -1 -1 
-1 0 -1 -1 1 -1 -1 -1 -1 -1 -1 -1 -1 -1 -1 
-1 0 -1 -1 1 -1 -1 -1 -1 -1 -1 -1 -1 -1 -1 
-1 0 -1 -1 1 -1 -1 -1 -1 -1 -1 -1 -1 -1 -1 
-1 0 -1 -1 1 -1 -1 -1 -1 -1 -1 -1 -1 -1 -1 
-1 0 -1 -1 1 -1 -1 -1 -1 -1 -1 -1 -1 -1 -1 
-1 0 -1 -1 1 -1 -1 -1 -1 -1 -1 -1 -1 -1 -1 
-1 0 -1 -1 1 -1 -1 -1 -1 -1 -1 -1 -1 -1 -1 
-1 -1 -1 -1 1 -1 -1 -1 -1 -1 -1 -1 -1 -1 -1 
-1 -1 -1 1 1 -1 -1 -1 -1 -1 -1 -1 -1 -1 -1 
-1 -1 -1 1 1 -1 -1 -1 -1 -1 -1 -1 -1 -1 -1 
END
15 0
12 1
12 3
0 0 -1 -1 1 -1 -1 -1 -1 -1 -1 -1 -1 -1 -1 
0 0 -1 -1 1 -1 -1 -1 -1 -1 -1 -1 -1 -1 -1 
0 0 -1 -1 1 -1 -1 -1 -1 -1 -1 -1 -1 -1 -1 
0 0 -1 -1 1 -1 -1 -1 -1 -1 -1 -1 -1 -1 -1 
0 0 -1 -1 1 -1 -1 -1 -1 -1 -1 -1 -1 -1 -1 
-1 0 -1 -1 1 -1 -1 -1 -1 -1 -1 -1 -1 -1 -1 
-1 0 -1 -1 1 -1 -1 -1 -1 -1 -1 -1 -1 -1 -1 
-1 0 -1 -1 1 -1 -1 -1 -1 -1 -1 -1 -1 -1 -1 
-1 0 -1 -1 1 -1 -1 -1 -1 -1 -1 -1 -1 -1 -1 
-1 0 -1 -1 1 -1 -1 -1 -1 -1 -1 -1 -1 -1 -1 
-1 0 -1 -1 1 -1 -1 -1 -1 -1 -1 -1 -1 -1 -1 
-1 0 -1 -1 1 -1 -1 -1 -1 -1 -1 -1 -1 -1 -1 
-1 0 -1 1 1 -1 -1 -1 -1 -1 -1 -1 -1 -1 -1 
-1 -1 -1 1 1 -1 -1 -1 -1 -1 -1 -1 -1 -1 -1 
-1 -1 -1 1 1 -1 -1 -1 -1 -1 -1 -1 -1 -1 -1 
END
15 0
13 1
11 3
0 0 -1 -1 1 -1 -1 -1 -1 -1 -1 -1 -1 -1 -1 
0 0 -1 -1 1 -1 -1 -1 -1 -1 -1 -1 -1 -1 -1 
0 0 -1 -1 1 -1 -1 -1 -1 -1 -1 -1 -1 -1 -1 
0 0 -1 -1 1 -1 -1 -1 -1 -1 -1 -1 -1 -1 -1 
0 0 -1 -1 1 -1 -1 -1 -1 -1 -1 -1 -1 -1 -1 
-1 0 -1 -1 1 -1 -1 -1 -1 -1 -1 -1 -1 -1 -1 
-1 0 -1 -1 1 -1 -1 -1 -1 -1 -1 -1 -1 -1 -1 
-1 0 -1 -1 1 -1 -1 -1 -1 -1 -1 -1 -1 -1 -1 
-1 0 -1 -1 1 -1 -1 -1 -1 -1 -1 -1 -1 -1 -1 
-1 0 -1 -1 1 -1 -1 -1 -1 -1 -1 -1 -1 -1 -1 
-1 0 -1 -1 1 -1 -1 -1 -1 -1 -1 -1 -1 -1 -1 
-1 0 -1 1 1 -1 -1 -1 -1 -1 -1 -1 -1 -1 -1 
-1 0 -1 1 1 -1 -1 -1 -1 -1 -1 -1 -1 -1 -1 
-1 0 -1 1 1 -1 -1 -1 -1 -1 -1 -1 -1 -1 -1 
-1 -1 -1 1 1 -1 -1 -1 -1 -1 -1 -1 -1 -1 -1 
END
15 0
14 1
10 3
0 0 -1 -1 1 -1 -1 -1 -1 -1 -1 -1 -1 -1 -1 
0 0 -1 -1 1 -1 -1 -1 -1 -1 -1 -1 -1 -1 -1 
0 0 -1 -1 1 -1 -1 -1 -1 -1 -1 -1 -1 -1 -1 
0 0 -1 -1 1 -1 -1 -1 -1 -1 -1 -1 -1 -1 -1 
0 0 -1 -1 1 -1 -1 -1 -1 -1 -1 -1 -1 -1 -1 
-1 0 -1 -1 1 -1 -1 -1 -1 -1 -1 -1 -1 -1 -1 
-1 0 -1 -1 1 -1 -1 -1 -1 -1 -1 -1 -1 -1 -1 
-1 0 -1 -1 1 -1 -1 -1 -1 -1 -1 -1 -1 -1 -1 
-1 0 -1 -1 1 -1 -1 -1 -1 -1 -1 -1 -1 -1 -1 
-1 0 -1 -1 1 -1 -1 -1 -1 -1 -1 -1 -1 -1 -1 
-1 0 -1 1 1 -1 -1 -1 -1 -1 -1 -1 -1 -1 -1 
-1 0 -1 1 1 -1 -1 -1 -1 -1 -1 -1 -1 -1 -1 
-1 0 -1 1 1 -1 -1 -1 -1 -1 -1 -1 -1 -1 -1 
-1 0 -1 1 1 -1 -1 -1 -1 -1 -1 -1 -1 -1 -1 
-1 0 -1 1 1 -1 -1 -1 -1 -1 -1 -1 -1 -1 -1 
END
15 0
14 0
9 3
0 0 -1 -1 1 -1 -1 -1 -1 -1 -1 -1 -1 -1 -1 
0 0 -1 -1 1 -1 -1 -1 -1 -1 -1 -1 -1 -1 -1 
0 0 -1 -1 1 -1 -1 -1 -1 -1 -1 -1 -1 -1 -1 
0 0 -1 -1 1 -1 -1 -1 -1 -1 -1 -1 -1 -1 -1 
0 0 -1 -1 1 -1 -1 -1 -1 -1 -1 -1 -1 -1 -1 
-1 0 -1 -1 1 -1 -1 -1 -1 -1 -1 -1 -1 -1 -1 
-1 0 -1 -1 1 -1 -1 -1 -1 -1 -1 -1 -1 -1 -1 
-1 0 -1 -1 1 -1 -1 -1 -1 -1 -1 -1 -1 -1 -1 
-1 0 -1 -1 1 -1 -1 -1 -1 -1 -1 -1 -1 -1 -1 
-1 0 -1 1 1 -1 -1 -1 -1 -1 -1 -1 -1 -1 -1 
-1 0 -1 1 1 -1 -1 -1 -1 -1 -1 -1 -1 -1 -1 
-1 0 -1 1 1 -1 -1 -1 -1 -1 -1 -1 -1 -1 -1 
-1 0 -1 1 1 -1 -1 -1 -1 -1 -1 -1 -1 -1 -1 
-1 0 -1 1 1 -1 -1 -1 -1 -1 -1 -1 -1 -1 -1 
0 0 -1 1 1 -1 -1 -1 -1 -1 -1 -1 -1 -1 -1 
END
15 0
13 0
8 3
0 0 -1 -1 1 -1 -1 -1 -1 -1 -1 -1 -1 -1 -1 
0 0 -1 -1 1 -1 -1 -1 -1 -1 -1 -1 -1 -1 -1 
0 0 -1 -1 1 -1 -1 -1 -1 -1 -1 -1 -1 -1 -1 
0 0 -1 -1 1 -1 -1 -1 -1 -1 -1 -1 -1 -1 -1 
0 0 -1 -1 1 -1 -1 -1 -1 -1 -1 -1 -1 -1 -1 
-1 0 -1 -1 1 -1 -1 -1 -1 -1 -1 -1 -1 -1 -1 
-1 0 -1 -1 1 -1 -1 -1 -1 -1 -1 -1 -1 -1 -1 
-1 0 -1 -1 1 -1 -1 -1 -1 -1 -1 -1 -1 -1 -1 
-1 0 -1 1 1 -1 -1 -1 -1 -1 -1 -1 -1 -1 -1 
-1 0 -1 1 1 -1 -1 -1 -1 -1 -1 -1 -1 -1 -1 
-1 0 -1 1 1 -1 -1 -1 -1 -1 -1 -1 -1 -1 -1 
-1 0 -1 1 1 -1 -1 -1 -1 -1 -1 -1 -1 -1 -1 
-1 0 -1 1 1 -1 -1 -1 -1 -1 -1 -1 -1 -1 -1 
0 0 -1 1 1 -1 -1 -1 -1 -1 -1 -1 -1 -1 -1 
0 0 -1 1 1 -1 -1 -1 -1 -1 -1 -1 -1 -1 -1 
END
15 0
12 0
7 3
0 0 -1 -1 1 -1 -1 -1 -1 -1 -1 -1 -1 -1 -1 
0 0 -1 -1 1 -1 -1 -1 -1 -1 -1 -1 -1 -1 -1 
0 0 -1 -1 1 -1 -1 -1 -1 -1 -1 -1 -1 -1 -1 
0 0 -1 -1 1 -1 -1 -1 -1 -1 -1 -1 -1 -1 -1 
0 0 -1 -1 1 -1 -1 -1 -1 -1 -1 -1 -1 -1 -1 
-1 0 -1 -1 1 -1 -1 -1 -1 -1 -1 -1 -1 -1 -1 
-1 0 -1 -1 1 -1 -1 -1 -1 -1 -1 -1 -1 -1 -1 
-1 0 -1 1 1 -1 -1 -1 -1 -1 -1 -1 -1 -1 -1 
-1 0 -1 1 1 -1 -1 -1 -1 -1 -1 -1 -1 -1 -1 
-1 0 -1 1 1 -1 -1 -1 -1 -1 -1 -1 -1 -1 -1 
-1 0 -1 1 1 -1 -1 -1 -1 -1 -1 -1 -1 -1 -1 
-1 0 -1 1 1 -1 -1 -1 -1 -1 -1 -1 -1 -1 -1 
0 0 -1 1 1 -1 -1 -1 -1 -1 -1 -1 -1 -1 -1 
0 0 -1 1 1 -1 -1 -1 -1 -1 -1 -1 -1 -1 -1 
0 0 -1 1 1 -1 -1 -1 -1 -1 -1 -1 -1 -1 -1 
END
15 0
11 0
6 3
0 0 -1 -1 1 -1 -1 -1 -1 -1 -1 -1 -1 -1 -1 
0 0 -1 -1 1 -1 -1 -1 -1 -1 -1 -1 -1 -1 -1 
0 0 -1 -1 1 -1 -1 -1 -1 -1 -1 -1 -1 -1 -1 
0 0 -1 -1 1 -1 -1 -1 -1 -1 -1 -1 -1 -1 -1 
0 0 -1 -1 1 -1 -1 -1 -1 -1 -1 -1 -1 -1 -1 
-1 0 -1 -1 1 -1 -1 -1 -1 -1 -1 -1 -1 -1 -1 
-1 0 -1 1 1 -1 -1 -1 -1 -1 -1 -1 -1 -1 -1 
-1 0 -1 1 1 -1 -1 -1 -1 -1 -1 -1 -1 -1 -1 
-1 0 -1 1 1 -1 -1 -1 -1 -1 -1 -1 -1 -1 -1 
-1 0 -1 1 1 -1 -1 -1 -1 -1 -1 -1 -1 -1 -1 
-1 0 -1 1 1 -1 -1 -1 -1 -1 -1 -1 -1 -1 -1 
0 0 -1 1 1 -1 -1 -1 -1 -1 -1 -1 -1 -1 -1 
0 0 -1 1 1 -1 -1 -1 -1 -1 -1 -1 -1 -1 -1 
0 0 -1 1 1 -1 -1 -1 -1 -1 -1 -1 -1 -1 -1 
0 0 -1 1 1 -1 -1 -1 -1 -1 -1 -1 -1 -1 -1 
END
15 0
10 0
5 3
0 0 -1 -1 1 -1 -1 -1 -1 -1 -1 -1 -1 -1 -1 
0 0 -1 -1 1 -1 -1 -1 -1 -1 -1 -1 -1 -1 -1 
0 0 -1 -1 1 -1 -1 -1 -1 -1 -1 -1 -1 -1 -1 
0 0 -1 -1 1 -1 -1 -1 -1 -1 -1 -1 -1 -1 -1 
0 0 -1 -1 1 -1 -1 -1 -1 -1 -1 -1 -1 -1 -1 
-1 0 -1 1 1 -1 -1 -1 -1 -1 -1 -1 -1 -1 -1 
-1 0 -1 1 1 -1 -1 -1 -1 -1 -1 -1 -1 -1 -1 
-1 0 -1 1 1 -1 -1 -1 -1 -1 -1 -1 -1 -1 -1 
-1 0 -1 1 1 -1 -1 -1 -1 -1 -1 -1 -1 -1 -1 
-1 0 -1 1 1 -1 -1 -1 -1 -1 -1 -1 -1 -1 -1 
0 0 -1 1 1 -1 -1 -1 -1 -1 -1 -1 -1 -1 -1 
0 0 -1 1 1 -1 -1 -1 -1 -1 -1 -1 -1 -1 -1 
0 0 -1 1 1 -1 -1 -1 -1 -1 -1 -1 -1 -1 -1 
0 0 -1 1 1 -1 -1 -1 -1 -1 -1 -1 -1 -1 -1 
0 0 -1 1 1 -1 -1 -1 -1 -1 -1 -1 -1 -1 -1 
END
15 0
9 0
4 3
0 0 -1 -1 1 -1 -1 -1 -1 -1 -1 -1 -1 -1 -1 
0 0 -1 -1 1 -1 -1 -1 -1 -1 -1 -1 -1 -1 -1 
0 0 -1 -1 1 -1 -1 -1 -1 -1 -1 -1 -1 -1 -1 
0 0 -1 -1 1 -1 -1 -1 -1 -1 -1 -1 -1 -1 -1 
0 0 -1 1 1 -1 -1 -1 -1 -1 -1 -1 -1 -1 -1 
-1 0 -1 1 1 -1 -1 -1 -1 -1 -1 -1 -1 -1 -1 
-1 0 -1 1 1 -1 -1 -1 -1 -1 -1 -1 -1 -1 -1 
-1 0 -1 1 1 -1 -1 -1 -1 -1 -1 -1 -1 -1 -1 
-1 0 -1 1 1 -1 -1 -1 -1 -1 -1 -1 -1 -1 -1 
0 0 -1 1 1 -1 -1 -1 -1 -1 -1 -1 -1 -1 -1 
0 0 -1 1 1 -1 -1 -1 -1 -1 -1 -1 -1 -1 -1 
0 0 -1 1 1 -1 -1 -1 -1 -1 -1 -1 -1 -1 -1 
0 0 -1 1 1 -1 -1 -1 -1 -1 -1 -1 -1 -1 -1 
0 0 -1 1 1 -1 -1 -1 -1 -1 -1 -1 -1 -1 -1 
0 0 -1 1 1 -1 -1 -1 -1 -1 -1 -1 -1 -1 -1 
END
15 0
8 0
3 3
0 0 -1 -1 1 -1 -1 -1 -1 -1 -1 -1 -1 -1 -1 
0 0 -1 -1 1 -1 -1 -1 -1 -1 -1 -1 -1 -1 -1 
0 0 -1 -1 1 -1 -1 -1 -1 -1 -1 -1 -1 -1 -1 
0 0 -1 1 1 -1 -1 -1 -1 -1 -1 -1 -1 -1 -1 
0 0 -1 1 1 -1 -1 -1 -1 -1 -1 -1 -1 -1 -1 
-1 0 -1 1 1 -1 -1 -1 -1 -1 -1 -1 -1 -1 -1 
-1 0 -1 1 1 -1 -1 -1 -1 -1 -1 -1 -1 -1 -1 
-1 0 -1 1 1 -1 -1 -1 -1 -1 -1 -1 -1 -1 -1 
0 0 -1 1 1 -1 -1 -1 -1 -1 -1 -1 -1 -1 -1 
0 0 -1 1 1 -1 -1 -1 -1 -1 -1 -1 -1 -1 -1 
0 0 -1 1 1 -1 -1 -1 -1 -1 -1 -1 -1 -1 -1 
0 0 -1 1 1 -1 -1 -1 -1 -1 -1 -1 -1 -1 -1 
0 0 -1 1 1 -1 -1 -1 -1 -1 -1 -1 -1 -1 -1 
0 0 -1 1 1 -1 -1 -1 -1 -1 -1 -1 -1 -1 -1 
0 0 -1 1 1 -1 -1 -1 -1 -1 -1 -1 -1 -1 -1 
END
15 0
7 0
2 3
0 0 -1 -1 1 -1 -1 -1 -1 -1 -1 -1 -1 -1 -1 
0 0 -1 -1 1 -1 -1 -1 -1 -1 -1 -1 -1 -1 -1 
0 0 -1 1 1 -1 -1 -1 -1 -1 -1 -1 -1 -1 -1 
0 0 -1 1 1 -1 -1 -1 -1 -1 -1 -1 -1 -1 -1 
0 0 -1 1 1 -1 -1 -1 -1 -1 -1 -1 -1 -1 -1 
-1 0 -1 1 1 -1 -1 -1 -1 -1 -1 -1 -1 -1 -1 
-1 0 -1 1 1 -1 -1 -1 -1 -1 -1 -1 -1 -1 -1 
0 0 -1 1 1 -1 -1 -1 -1 -1 -1 -1 -1 -1 -1 
0 0 -1 1 1 -1 -1 -1 -1 -1 -1 -1 -1 -1 -1 
0 0 -1 1 1 -1 -1 -1 -1 -1 -1 -1 -1 -1 -1 
0 0 -1 1 1 -1 -1 -1 -1 -1 -1 -1 -1 -1 -1 
0 0 -1 1 1 -1 -1 -1 -1 -1 -1 -1 -1 -1 -1 
0 0 -1 1 1 -1 -1 -1 -1 -1 -1 -1 -1 -1 -1 
0 0 -1 1 1 -1 -1 -1 -1 -1 -1 -1 -1 -1 -1 
0 0 -1 1 1 -1 -1 -1 -1 -1 -1 -1 -1 -1 -1 
END
15 0
6 0
1 3
0 0 -1 -1 1 -1 -1 -1 -1 -1 -1 -1 -1 -1 -1 
0 0 -1 1 1 -1 -1 -1 -1 -1 -1 -1 -1 -1 -1 
0 0 -1 1 1 -1 -1 -1 -1 -1 -1 -1 -1 -1 -1 
0 0 -1 1 1 -1 -1 -1 -1 -1 -1 -1 -1 -1 -1 
0 0 -1 1 1 -1 -1 -1 -1 -1 -1 -1 -1 -1 -1 
-1 0 -1 1 1 -1 -1 -1 -1 -1 -1 -1 -1 -1 -1 
0 0 -1 1 1 -1 -1 -1 -1 -1 -1 -1 -1 -1 -1 
0 0 -1 1 1 -1 -1 -1 -1 -1 -1 -1 -1 -1 -1 
0 0 -1 1 1 -1 -1 -1 -1 -1 -1 -1 -1 -1 -1 
0 0 -1 1 1 -1 -1 -1 -1 -1 -1 -1 -1 -1 -1 
0 0 -1 1 1 -1 -1 -1 -1 -1 -1 -1 -1 -1 -1 
0 0 -1 1 1 -1 -1 -1 -1 -1 -1 -1 -1 -1 -1 
0 0 -1 1 1 -1 -1 -1 -1 -1 -1 -1 -1 -1 -1 
0 0 -1 1 1 -1 -1 -1 -1 -1 -1 -1 -1 -1 -1 
0 0 -1 1 1 -1 -1 -1 -1 -1 -1 -1 -1 -1 -1 
END
15 0
5 0
0 3
0 0 -1 1 1 -1 -1 -1 -1 -1 -1 -1 -1 -1 -1 
0 0 -1 1 1 -1 -1 -1 -1 -1 -1 -1 -1 -1 -1 
0 0 -1 1 1 -1 -1 -1 -1 -1 -1 -1 -1 -1 -1 
0 0 -1 1 1 -1 -1 -1 -1 -1 -1 -1 -1 -1 -1 
0 0 -1 1 1 -1 -1 -1 -1 -1 -1 -1 -1 -1 -1 
0 0 -1 1 1 -1 -1 -1 -1 -1 -1 -1 -1 -1 -1 
0 0 -1 1 1 -1 -1 -1 -1 -1 -1 -1 -1 -1 -1 
0 0 -1 1 1 -1 -1 -1 -1 -1 -1 -1 -1 -1 -1 
0 0 -1 1 1 -1 -1 -1 -1 -1 -1 -1 -1 -1 -1 
0 0 -1 1 1 -1 -1 -1 -1 -1 -1 -1 -1 -1 -1 
0 0 -1 1 1 -1 -1 -1 -1 -1 -1 -1 -1 -1 -1 
0 0 -1 1 1 -1 -1 -1 -1 -1 -1 -1 -1 -1 -1 
0 0 -1 1 1 -1 -1 -1 -1 -1 -1 -1 -1 -1 -1 
0 0 -1 1 1 -1 -1 -1 -1 -1 -1 -1 -1 -1 -1 
0 0 -1 1 1 -1 -1 -1 -1 -1 -1 -1 -1 -1 -1 
END
