1.278667127530207503e-01
1.585884035190416597e-01
2.056346657217369422e-01
2.056346657217369422e-01
5.836781646223248021e-01
6.567311762953479404e-01
6.567311762953479404e-01
6.567311762953479404e-01
6.567311762953479404e-01
6.567311762953479404e-01
6.567311762953479404e-01
6.567311762953479404e-01
7.279652584647595681e-01
7.279652584647595681e-01
8.042120033398933998e-01
8.042120033398933998e-01
8.406448823373453560e-01
8.406448823373453560e-01
8.406448823373453560e-01
8.406448823373453560e-01
8.406448823373453560e-01
8.406448823373453560e-01
8.406448823373453560e-01
8.825678344615961457e-01
8.825678344615961457e-01
8.825678344615961457e-01
8.825678344615961457e-01
8.825678344615961457e-01
8.825678344615961457e-01
8.825678344615961457e-01
8.825678344615961457e-01
8.825678344615961457e-01
8.825678344615961457e-01
9.027296600868308651e-01
9.045869733333632423e-01
9.537122276198439774e-01
9.537122276198439774e-01
9.537122276198439774e-01
9.537122276198439774e-01
9.537122276198439774e-01
9.537122276198439774e-01
9.537122276198439774e-01
9.632549910902755697e-01
9.632549910902755697e-01
9.632549910902755697e-01
9.632549910902755697e-01
9.632549910902755697e-01
9.632549910902755697e-01
9.632549910902755697e-01
9.632549910902755697e-01
9.632549910902755697e-01
9.632549910902755697e-01
9.632549910902755697e-01
9.632549910902755697e-01
9.632549910902755697e-01
9.632549910902755697e-01
9.632549910902755697e-01
9.632549910902755697e-01
9.632549910902755697e-01
9.632549910902755697e-01
9.632549910902755697e-01
9.632549910902755697e-01
9.745343682060064738e-01
9.745343682060064738e-01
9.745343682060064738e-01
9.745343682060064738e-01
9.745343682060064738e-01
9.745343682060064738e-01
9.745343682060064738e-01
9.745343682060064738e-01
9.745343682060064738e-01
9.745343682060064738e-01
9.745343682060064738e-01
9.745343682060064738e-01
9.745343682060064738e-01
9.745343682060064738e-01
9.745343682060064738e-01
9.745343682060064738e-01
9.745343682060064738e-01
9.903905382825890502e-01
9.903905382825890502e-01
9.903905382825890502e-01
9.903905382825890502e-01
9.903905382825890502e-01
9.903905382825890502e-01
9.903905382825890502e-01
9.903905382825890502e-01
9.903905382825890502e-01
9.903905382825890502e-01
9.903905382825890502e-01
9.903905382825890502e-01
9.903905382825890502e-01
9.903905382825890502e-01
9.903905382825890502e-01
9.903905382825890502e-01
9.903905382825890502e-01
9.903905382825890502e-01
9.903905382825890502e-01
9.903905382825890502e-01
9.903905382825890502e-01
9.903905382825890502e-01
