15 0
11 2
2 7
-1 -1 -1 -1 -1 -1 -1 -1 -1 -1 -1 -1 -1 -1 -1 
-1 -1 -1 -1 -1 -1 -1 -1 -1 -1 -1 -1 -1 -1 -1 
-1 -1 -1 -1 -1 -1 -1 1 -1 -1 -1 -1 -1 -1 -1 
-1 -1 -1 -1 -1 -1 -1 -1 -1 -1 -1 -1 -1 -1 -1 
-1 -1 -1 -1 -1 -1 -1 -1 -1 -1 -1 -1 -1 -1 -1 
-1 -1 -1 -1 -1 -1 -1 -1 -1 -1 -1 -1 -1 -1 -1 
-1 -1 -1 -1 -1 -1 -1 -1 -1 -1 -1 -1 -1 -1 -1 
-1 -1 -1 -1 -1 -1 -1 -1 -1 -1 -1 -1 -1 -1 -1 
-1 -1 -1 -1 -1 -1 -1 -1 -1 -1 -1 -1 -1 -1 -1 
-1 -1 -1 -1 -1 -1 -1 -1 -1 -1 -1 -1 -1 -1 -1 
-1 -1 -1 -1 -1 -1 -1 -1 -1 -1 -1 -1 -1 -1 -1 
-1 -1 0 -1 -1 -1 -1 -1 -1 -1 -1 -1 -1 -1 -1 
-1 -1 -1 -1 -1 -1 -1 -1 -1 -1 -1 -1 -1 -1 -1 
-1 -1 -1 -1 -1 -1 -1 -1 -1 -1 -1 -1 -1 -1 -1 
-1 -1 -1 -1 -1 -1 -1 -1 -1 -1 -1 -1 -1 -1 -1 
END
15 0
10 2
1 7
-1 -1 -1 -1 -1 -1 -1 -1 -1 -1 -1 -1 -1 -1 -1 
-1 -1 -1 -1 -1 -1 -1 1 -1 -1 -1 -1 -1 -1 -1 
-1 -1 -1 -1 -1 -1 -1 1 -1 -1 -1 -1 -1 -1 -1 
-1 -1 -1 -1 -1 -1 -1 -1 -1 -1 -1 -1 -1 -1 -1 
-1 -1 -1 -1 -1 -1 -1 -1 -1 -1 -1 -1 -1 -1 -1 
-1 -1 -1 -1 -1 -1 -1 -1 -1 -1 -1 -1 -1 -1 -1 
-1 -1 -1 -1 -1 -1 -1 -1 -1 -1 -1 -1 -1 -1 -1 
-1 -1 -1 -1 -1 -1 -1 -1 -1 -1 -1 -1 -1 -1 -1 
-1 -1 -1 -1 -1 -1 -1 -1 -1 -1 -1 -1 -1 -1 -1 
-1 -1 -1 -1 -1 -1 -1 -1 -1 -1 -1 -1 -1 -1 -1 
-1 -1 0 -1 -1 -1 -1 -1 -1 -1 -1 -1 -1 -1 -1 
-1 -1 0 -1 -1 -1 -1 -1 -1 -1 -1 -1 -1 -1 -1 
-1 -1 -1 -1 -1 -1 -1 -1 -1 -1 -1 -1 -1 -1 -1 
-1 -1 -1 -1 -1 -1 -1 -1 -1 -1 -1 -1 -1 -1 -1 
-1 -1 -1 -1 -1 -1 -1 -1 -1 -1 -1 -1 -1 -1 -1 
END
15 0
9 2
0 7
-1 -1 -1 -1 -1 -1 -1 1 -1 -1 -1 -1 -1 -1 -1 
-1 -1 -1 -1 -1 -1 -1 1 -1 -1 -1 -1 -1 -1 -1 
-1 -1 -1 -1 -1 -1 -1 1 -1 -1 -1 -1 -1 -1 -1 
-1 -1 -1 -1 -1 -1 -1 -1 -1 -1 -1 -1 -1 -1 -1 
-1 -1 -1 -1 -1 -1 -1 -1 -1 -1 -1 -1 -1 -1 -1 
-1 -1 -1 -1 -1 -1 -1 -1 -1 -1 -1 -1 -1 -1 -1 
-1 -1 -1 -1 -1 -1 -1 -1 -1 -1 -1 -1 -1 -1 -1 
-1 -1 -1 -1 -1 -1 -1 -1 -1 -1 -1 -1 -1 -1 -1 
-1 -1 -1 -1 -1 -1 -1 -1 -1 -1 -1 -1 -1 -1 -1 
-1 -1 0 -1 -1 -1 -1 -1 -1 -1 -1 -1 -1 -1 -1 
-1 -1 0 -1 -1 -1 -1 -1 -1 -1 -1 -1 -1 -1 -1 
-1 -1 0 -1 -1 -1 -1 -1 -1 -1 -1 -1 -1 -1 -1 
-1 -1 -1 -1 -1 -1 -1 -1 -1 -1 -1 -1 -1 -1 -1 
-1 -1 -1 -1 -1 -1 -1 -1 -1 -1 -1 -1 -1 -1 -1 
-1 -1 -1 -1 -1 -1 -1 -1 -1 -1 -1 -1 -1 -1 -1 
END
15 0
8 2
0 6
-1 -1 -1 -1 -1 -1 1 1 -1 -1 -1 -1 -1 -1 -1 
-1 -1 -1 -1 -1 -1 -1 1 -1 -1 -1 -1 -1 -1 -1 
-1 -1 -1 -1 -1 -1 -1 1 -1 -1 -1 -1 -1 -1 -1 
-1 -1 -1 -1 -1 -1 -1 -1 -1 -1 -1 -1 -1 -1 -1 
-1 -1 -1 -1 -1 -1 -1 -1 -1 -1 -1 -1 -1 -1 -1 
-1 -1 -1 -1 -1 -1 -1 -1 -1 -1 -1 -1 -1 -1 -1 
-1 -1 -1 -1 -1 -1 -1 -1 -1 -1 -1 -1 -1 -1 -1 
-1 -1 -1 -1 -1 -1 -1 -1 -1 -1 -1 -1 -1 -1 -1 
-1 -1 0 -1 -1 -1 -1 -1 -1 -1 -1 -1 -1 -1 -1 
-1 -1 0 -1 -1 -1 -1 -1 -1 -1 -1 -1 -1 -1 -1 
-1 -1 0 -1 -1 -1 -1 -1 -1 -1 -1 -1 -1 -1 -1 
-1 -1 0 -1 -1 -1 -1 -1 -1 -1 -1 -1 -1 -1 -1 
-1 -1 -1 -1 -1 -1 -1 -1 -1 -1 -1 -1 -1 -1 -1 
-1 -1 -1 -1 -1 -1 -1 -1 -1 -1 -1 -1 -1 -1 -1 
-1 -1 -1 -1 -1 -1 -1 -1 -1 -1 -1 -1 -1 -1 -1 
END
15 0
7 2
1 6
-1 -1 -1 -1 -1 -1 1 1 -1 -1 -1 -1 -1 -1 -1 
-1 -1 -1 -1 -1 -1 1 1 -1 -1 -1 -1 -1 -1 -1 
-1 -1 -1 -1 -1 -1 -1 1 -1 -1 -1 -1 -1 -1 -1 
-1 -1 -1 -1 -1 -1 -1 -1 -1 -1 -1 -1 -1 -1 -1 
-1 -1 -1 -1 -1 -1 -1 -1 -1 -1 -1 -1 -1 -1 -1 
-1 -1 -1 -1 -1 -1 -1 -1 -1 -1 -1 -1 -1 -1 -1 
-1 -1 -1 -1 -1 -1 -1 -1 -1 -1 -1 -1 -1 -1 -1 
-1 -1 0 -1 -1 -1 -1 -1 -1 -1 -1 -1 -1 -1 -1 
-1 -1 0 -1 -1 -1 -1 -1 -1 -1 -1 -1 -1 -1 -1 
-1 -1 0 -1 -1 -1 -1 -1 -1 -1 -1 -1 -1 -1 -1 
-1 -1 0 -1 -1 -1 -1 -1 -1 -1 -1 -1 -1 -1 -1 
-1 -1 0 -1 -1 -1 -1 -1 -1 -1 -1 -1 -1 -1 -1 
-1 -1 -1 -1 -1 -1 -1 -1 -1 -1 -1 -1 -1 -1 -1 
-1 -1 -1 -1 -1 -1 -1 -1 -1 -1 -1 -1 -1 -1 -1 
-1 -1 -1 -1 -1 -1 -1 -1 -1 -1 -1 -1 -1 -1 -1 
END
15 0
6 2
2 6
-1 -1 -1 -1 -1 -1 1 1 -1 -1 -1 -1 -1 -1 -1 
-1 -1 -1 -1 -1 -1 1 1 -1 -1 -1 -1 -1 -1 -1 
-1 -1 -1 -1 -1 -1 1 1 -1 -1 -1 -1 -1 -1 -1 
-1 -1 -1 -1 -1 -1 -1 -1 -1 -1 -1 -1 -1 -1 -1 
-1 -1 -1 -1 -1 -1 -1 -1 -1 -1 -1 -1 -1 -1 -1 
-1 -1 -1 -1 -1 -1 -1 -1 -1 -1 -1 -1 -1 -1 -1 
-1 -1 0 -1 -1 -1 -1 -1 -1 -1 -1 -1 -1 -1 -1 
-1 -1 0 -1 -1 -1 -1 -1 -1 -1 -1 -1 -1 -1 -1 
-1 -1 0 -1 -1 -1 -1 -1 -1 -1 -1 -1 -1 -1 -1 
-1 -1 0 -1 -1 -1 -1 -1 -1 -1 -1 -1 -1 -1 -1 
-1 -1 0 -1 -1 -1 -1 -1 -1 -1 -1 -1 -1 -1 -1 
-1 -1 0 -1 -1 -1 -1 -1 -1 -1 -1 -1 -1 -1 -1 
-1 -1 -1 -1 -1 -1 -1 -1 -1 -1 -1 -1 -1 -1 -1 
-1 -1 -1 -1 -1 -1 -1 -1 -1 -1 -1 -1 -1 -1 -1 
-1 -1 -1 -1 -1 -1 -1 -1 -1 -1 -1 -1 -1 -1 -1 
END
15 0
5 2
3 6
-1 -1 -1 -1 -1 -1 1 1 -1 -1 -1 -1 -1 -1 -1 
-1 -1 -1 -1 -1 -1 1 1 -1 -1 -1 -1 -1 -1 -1 
-1 -1 -1 -1 -1 -1 1 1 -1 -1 -1 -1 -1 -1 -1 
-1 -1 -1 -1 -1 -1 1 -1 -1 -1 -1 -1 -1 -1 -1 
-1 -1 -1 -1 -1 -1 -1 -1 -1 -1 -1 -1 -1 -1 -1 
-1 -1 0 -1 -1 -1 -1 -1 -1 -1 -1 -1 -1 -1 -1 
-1 -1 0 -1 -1 -1 -1 -1 -1 -1 -1 -1 -1 -1 -1 
-1 -1 0 -1 -1 -1 -1 -1 -1 -1 -1 -1 -1 -1 -1 
-1 -1 0 -1 -1 -1 -1 -1 -1 -1 -1 -1 -1 -1 -1 
-1 -1 0 -1 -1 -1 -1 -1 -1 -1 -1 -1 -1 -1 -1 
-1 -1 0 -1 -1 -1 -1 -1 -1 -1 -1 -1 -1 -1 -1 
-1 -1 0 -1 -1 -1 -1 -1 -1 -1 -1 -1 -1 -1 -1 
-1 -1 -1 -1 -1 -1 -1 -1 -1 -1 -1 -1 -1 -1 -1 
-1 -1 -1 -1 -1 -1 -1 -1 -1 -1 -1 -1 -1 -1 -1 
-1 -1 -1 -1 -1 -1 -1 -1 -1 -1 -1 -1 -1 -1 -1 
END
15 0
4 2
4 6
-1 -1 -1 -1 -1 -1 1 1 -1 -1 -1 -1 -1 -1 -1 
-1 -1 -1 -1 -1 -1 1 1 -1 -1 -1 -1 -1 -1 -1 
-1 -1 -1 -1 -1 -1 1 1 -1 -1 -1 -1 -1 -1 -1 
-1 -1 -1 -1 -1 -1 1 -1 -1 -1 -1 -1 -1 -1 -1 
-1 -1 0 -1 -1 -1 1 -1 -1 -1 -1 -1 -1 -1 -1 
-1 -1 0 -1 -1 -1 -1 -1 -1 -1 -1 -1 -1 -1 -1 
-1 -1 0 -1 -1 -1 -1 -1 -1 -1 -1 -1 -1 -1 -1 
-1 -1 0 -1 -1 -1 -1 -1 -1 -1 -1 -1 -1 -1 -1 
-1 -1 0 -1 -1 -1 -1 -1 -1 -1 -1 -1 -1 -1 -1 
-1 -1 0 -1 -1 -1 -1 -1 -1 -1 -1 -1 -1 -1 -1 
-1 -1 0 -1 -1 -1 -1 -1 -1 -1 -1 -1 -1 -1 -1 
-1 -1 0 -1 -1 -1 -1 -1 -1 -1 -1 -1 -1 -1 -1 
-1 -1 -1 -1 -1 -1 -1 -1 -1 -1 -1 -1 -1 -1 -1 
-1 -1 -1 -1 -1 -1 -1 -1 -1 -1 -1 -1 -1 -1 -1 
-1 -1 -1 -1 -1 -1 -1 -1 -1 -1 -1 -1 -1 -1 -1 
END
15 0
3 2
5 6
-1 -1 -1 -1 -1 -1 1 1 -1 -1 -1 -1 -1 -1 -1 
-1 -1 -1 -1 -1 -1 1 1 -1 -1 -1 -1 -1 -1 -1 
-1 -1 -1 -1 -1 -1 1 1 -1 -1 -1 -1 -1 -1 -1 
-1 -1 0 -1 -1 -1 1 -1 -1 -1 -1 -1 -1 -1 -1 
-1 -1 0 -1 -1 -1 1 -1 -1 -1 -1 -1 -1 -1 -1 
-1 -1 0 -1 -1 -1 1 -1 -1 -1 -1 -1 -1 -1 -1 
-1 -1 0 -1 -1 -1 -1 -1 -1 -1 -1 -1 -1 -1 -1 
-1 -1 0 -1 -1 -1 -1 -1 -1 -1 -1 -1 -1 -1 -1 
-1 -1 0 -1 -1 -1 -1 -1 -1 -1 -1 -1 -1 -1 -1 
-1 -1 0 -1 -1 -1 -1 -1 -1 -1 -1 -1 -1 -1 -1 
-1 -1 0 -1 -1 -1 -1 -1 -1 -1 -1 -1 -1 -1 -1 
-1 -1 0 -1 -1 -1 -1 -1 -1 -1 -1 -1 -1 -1 -1 
-1 -1 -1 -1 -1 -1 -1 -1 -1 -1 -1 -1 -1 -1 -1 
-1 -1 -1 -1 -1 -1 -1 -1 -1 -1 -1 -1 -1 -1 -1 
-1 -1 -1 -1 -1 -1 -1 -1 -1 -1 -1 -1 -1 -1 -1 
END
15 0
2 2
6 6
-1 -1 -1 -1 -1 -1 1 1 -1 -1 -1 -1 -1 -1 -1 
-1 -1 -1 -1 -1 -1 1 1 -1 -1 -1 -1 -1 -1 -1 
-1 -1 0 -1 -1 -1 1 1 -1 -1 -1 -1 -1 -1 -1 
-1 -1 0 -1 -1 -1 1 -1 -1 -1 -1 -1 -1 -1 -1 
-1 -1 0 -1 -1 -1 1 -1 -1 -1 -1 -1 -1 -1 -1 
-1 -1 0 -1 -1 -1 1 -1 -1 -1 -1 -1 -1 -1 -1 
-1 -1 0 -1 -1 -1 1 -1 -1 -1 -1 -1 -1 -1 -1 
-1 -1 0 -1 -1 -1 -1 -1 -1 -1 -1 -1 -1 -1 -1 
-1 -1 0 -1 -1 -1 -1 -1 -1 -1 -1 -1 -1 -1 -1 
-1 -1 0 -1 -1 -1 -1 -1 -1 -1 -1 -1 -1 -1 -1 
-1 -1 0 -1 -1 -1 -1 -1 -1 -1 -1 -1 -1 -1 -1 
-1 -1 0 -1 -1 -1 -1 -1 -1 -1 -1 -1 -1 -1 -1 
-1 -1 -1 -1 -1 -1 -1 -1 -1 -1 -1 -1 -1 -1 -1 
-1 -1 -1 -1 -1 -1 -1 -1 -1 -1 -1 -1 -1 -1 -1 
-1 -1 -1 -1 -1 -1 -1 -1 -1 -1 -1 -1 -1 -1 -1 
END
15 0
1 2
7 6
-1 -1 -1 -1 -1 -1 1 1 -1 -1 -1 -1 -1 -1 -1 
-1 -1 0 -1 -1 -1 1 1 -1 -1 -1 -1 -1 -1 -1 
-1 -1 0 -1 -1 -1 1 1 -1 -1 -1 -1 -1 -1 -1 
-1 -1 0 -1 -1 -1 1 -1 -1 -1 -1 -1 -1 -1 -1 
-1 -1 0 -1 -1 -1 1 -1 -1 -1 -1 -1 -1 -1 -1 
-1 -1 0 -1 -1 -1 1 -1 -1 -1 -1 -1 -1 -1 -1 
-1 -1 0 -1 -1 -1 1 -1 -1 -1 -1 -1 -1 -1 -1 
-1 -1 0 -1 -1 -1 1 -1 -1 -1 -1 -1 -1 -1 -1 
-1 -1 0 -1 -1 -1 -1 -1 -1 -1 -1 -1 -1 -1 -1 
-1 -1 0 -1 -1 -1 -1 -1 -1 -1 -1 -1 -1 -1 -1 
-1 -1 0 -1 -1 -1 -1 -1 -1 -1 -1 -1 -1 -1 -1 
-1 -1 0 -1 -1 -1 -1 -1 -1 -1 -1 -1 -1 -1 -1 
-1 -1 -1 -1 -1 -1 -1 -1 -1 -1 -1 -1 -1 -1 -1 
-1 -1 -1 -1 -1 -1 -1 -1 -1 -1 -1 -1 -1 -1 -1 
-1 -1 -1 -1 -1 -1 -1 -1 -1 -1 -1 -1 -1 -1 -1 
END
15 0
0 2
8 6
-1 -1 0 -1 -1 -1 1 1 -1 -1 -1 -1 -1 -1 -1 
-1 -1 0 -1 -1 -1 1 1 -1 -1 -1 -1 -1 -1 -1 
-1 -1 0 -1 -1 -1 1 1 -1 -1 -1 -1 -1 -1 -1 
-1 -1 0 -1 -1 -1 1 -1 -1 -1 -1 -1 -1 -1 -1 
-1 -1 0 -1 -1 -1 1 -1 -1 -1 -1 -1 -1 -1 -1 
-1 -1 0 -1 -1 -1 1 -1 -1 -1 -1 -1 -1 -1 -1 
-1 -1 0 -1 -1 -1 1 -1 -1 -1 -1 -1 -1 -1 -1 
-1 -1 0 -1 -1 -1 1 -1 -1 -1 -1 -1 -1 -1 -1 
-1 -1 0 -1 -1 -1 1 -1 -1 -1 -1 -1 -1 -1 -1 
-1 -1 0 -1 -1 -1 -1 -1 -1 -1 -1 -1 -1 -1 -1 
-1 -1 0 -1 -1 -1 -1 -1 -1 -1 -1 -1 -1 -1 -1 
-1 -1 0 -1 -1 -1 -1 -1 -1 -1 -1 -1 -1 -1 -1 
-1 -1 -1 -1 -1 -1 -1 -1 -1 -1 -1 -1 -1 -1 -1 
-1 -1 -1 -1 -1 -1 -1 -1 -1 -1 -1 -1 -1 -1 -1 
-1 -1 -1 -1 -1 -1 -1 -1 -1 -1 -1 -1 -1 -1 -1 
END
15 0
0 1
9 6
-1 0 0 -1 -1 -1 1 1 -1 -1 -1 -1 -1 -1 -1 
-1 -1 0 -1 -1 -1 1 1 -1 -1 -1 -1 -1 -1 -1 
-1 -1 0 -1 -1 -1 1 1 -1 -1 -1 -1 -1 -1 -1 
-1 -1 0 -1 -1 -1 1 -1 -1 -1 -1 -1 -1 -1 -1 
-1 -1 0 -1 -1 -1 1 -1 -1 -1 -1 -1 -1 -1 -1 
-1 -1 0 -1 -1 -1 1 -1 -1 -1 -1 -1 -1 -1 -1 
-1 -1 0 -1 -1 -1 1 -1 -1 -1 -1 -1 -1 -1 -1 
-1 -1 0 -1 -1 -1 1 -1 -1 -1 -1 -1 -1 -1 -1 
-1 -1 0 -1 -1 -1 1 -1 -1 -1 -1 -1 -1 -1 -1 
-1 -1 0 -1 -1 -1 1 -1 -1 -1 -1 -1 -1 -1 -1 
-1 -1 0 -1 -1 -1 -1 -1 -1 -1 -1 -1 -1 -1 -1 
-1 -1 0 -1 -1 -1 -1 -1 -1 -1 -1 -1 -1 -1 -1 
-1 -1 -1 -1 -1 -1 -1 -1 -1 -1 -1 -1 -1 -1 -1 
-1 -1 -1 -1 -1 -1 -1 -1 -1 -1 -1 -1 -1 -1 -1 
-1 -1 -1 -1 -1 -1 -1 -1 -1 -1 -1 -1 -1 -1 -1 
END
15 0
1 1
10 6
-1 0 0 -1 -1 -1 1 1 -1 -1 -1 -1 -1 -1 -1 
-1 0 0 -1 -1 -1 1 1 -1 -1 -1 -1 -1 -1 -1 
-1 -1 0 -1 -1 -1 1 1 -1 -1 -1 -1 -1 -1 -1 
-1 -1 0 -1 -1 -1 1 -1 -1 -1 -1 -1 -1 -1 -1 
-1 -1 0 -1 -1 -1 1 -1 -1 -1 -1 -1 -1 -1 -1 
-1 -1 0 -1 -1 -1 1 -1 -1 -1 -1 -1 -1 -1 -1 
-1 -1 0 -1 -1 -1 1 -1 -1 -1 -1 -1 -1 -1 -1 
-1 -1 0 -1 -1 -1 1 -1 -1 -1 -1 -1 -1 -1 -1 
-1 -1 0 -1 -1 -1 1 -1 -1 -1 -1 -1 -1 -1 -1 
-1 -1 0 -1 -1 -1 1 -1 -1 -1 -1 -1 -1 -1 -1 
-1 -1 0 -1 -1 -1 1 -1 -1 -1 -1 -1 -1 -1 -1 
-1 -1 0 -1 -1 -1 -1 -1 -1 -1 -1 -1 -1 -1 -1 
-1 -1 -1 -1 -1 -1 -1 -1 -1 -1 -1 -1 -1 -1 -1 
-1 -1 -1 -1 -1 -1 -1 -1 -1 -1 -1 -1 -1 -1 -1 
-1 -1 -1 -1 -1 -1 -1 -1 -1 -1 -1 -1 -1 -1 -1 
END
15 0
2 1
11 6
-1 0 0 -1 -1 -1 1 1 -1 -1 -1 -1 -1 -1 -1 
-1 0 0 -1 -1 -1 1 1 -1 -1 -1 -1 -1 -1 -1 
-1 0 0 -1 -1 -1 1 1 -1 -1 -1 -1 -1 -1 -1 
-1 -1 0 -1 -1 -1 1 -1 -1 -1 -1 -1 -1 -1 -1 
-1 -1 0 -1 -1 -1 1 -1 -1 -1 -1 -1 -1 -1 -1 
-1 -1 0 -1 -1 -1 1 -1 -1 -1 -1 -1 -1 -1 -1 
-1 -1 0 -1 -1 -1 1 -1 -1 -1 -1 -1 -1 -1 -1 
-1 -1 0 -1 -1 -1 1 -1 -1 -1 -1 -1 -1 -1 -1 
-1 -1 0 -1 -1 -1 1 -1 -1 -1 -1 -1 -1 -1 -1 
-1 -1 0 -1 -1 -1 1 -1 -1 -1 -1 -1 -1 -1 -1 
-1 -1 0 -1 -1 -1 1 -1 -1 -1 -1 -1 -1 -1 -1 
-1 -1 0 -1 -1 -1 1 -1 -1 -1 -1 -1 -1 -1 -1 
-1 -1 -1 -1 -1 -1 -1 -1 -1 -1 -1 -1 -1 -1 -1 
-1 -1 -1 -1 -1 -1 -1 -1 -1 -1 -1 -1 -1 -1 -1 
-1 -1 -1 -1 -1 -1 -1 -1 -1 -1 -1 -1 -1 -1 -1 
END
15 0
3 1
12 6
-1 0 0 -1 -1 -1 1 1 -1 -1 -1 -1 -1 -1 -1 
-1 0 0 -1 -1 -1 1 1 -1 -1 -1 -1 -1 -1 -1 
-1 0 0 -1 -1 -1 1 1 -1 -1 -1 -1 -1 -1 -1 
-1 0 0 -1 -1 -1 1 -1 -1 -1 -1 -1 -1 -1 -1 
-1 -1 0 -1 -1 -1 1 -1 -1 -1 -1 -1 -1 -1 -1 
-1 -1 0 -1 -1 -1 1 -1 -1 -1 -1 -1 -1 -1 -1 
-1 -1 0 -1 -1 -1 1 -1 -1 -1 -1 -1 -1 -1 -1 
-1 -1 0 -1 -1 -1 1 -1 -1 -1 -1 -1 -1 -1 -1 
-1 -1 0 -1 -1 -1 1 -1 -1 -1 -1 -1 -1 -1 -1 
-1 -1 0 -1 -1 -1 1 -1 -1 -1 -1 -1 -1 -1 -1 
-1 -1 0 -1 -1 -1 1 -1 -1 -1 -1 -1 -1 -1 -1 
-1 -1 0 -1 -1 -1 1 -1 -1 -1 -1 -1 -1 -1 -1 
-1 -1 -1 -1 -1 -1 1 -1 -1 -1 -1 -1 -1 -1 -1 
-1 -1 -1 -1 -1 -1 -1 -1 -1 -1 -1 -1 -1 -1 -1 
-1 -1 -1 -1 -1 -1 -1 -1 -1 -1 -1 -1 -1 -1 -1 
END
15 0
4 1
13 6
-1 0 0 -1 -1 -1 1 1 -1 -1 -1 -1 -1 -1 -1 
-1 0 0 -1 -1 -1 1 1 -1 -1 -1 -1 -1 -1 -1 
-1 0 0 -1 -1 -1 1 1 -1 -1 -1 -1 -1 -1 -1 
-1 0 0 -1 -1 -1 1 -1 -1 -1 -1 -1 -1 -1 -1 
-1 0 0 -1 -1 -1 1 -1 -1 -1 -1 -1 -1 -1 -1 
-1 -1 0 -1 -1 -1 1 -1 -1 -1 -1 -1 -1 -1 -1 
-1 -1 0 -1 -1 -1 1 -1 -1 -1 -1 -1 -1 -1 -1 
-1 -1 0 -1 -1 -1 1 -1 -1 -1 -1 -1 -1 -1 -1 
-1 -1 0 -1 -1 -1 1 -1 -1 -1 -1 -1 -1 -1 -1 
-1 -1 0 -1 -1 -1 1 -1 -1 -1 -1 -1 -1 -1 -1 
-1 -1 0 -1 -1 -1 1 -1 -1 -1 -1 -1 -1 -1 -1 
-1 -1 0 -1 -1 -1 1 -1 -1 -1 -1 -1 -1 -1 -1 
-1 -1 -1 -1 -1 -1 1 -1 -1 -1 -1 -1 -1 -1 -1 
-1 -1 -1 -1 -1 -1 1 -1 -1 -1 -1 -1 -1 -1 -1 
-1 -1 -1 -1 -1 -1 -1 -1 -1 -1 -1 -1 -1 -1 -1 
END
15 0
5 1
14 6
-1 0 0 -1 -1 -1 1 1 -1 -1 -1 -1 -1 -1 -1 
-1 0 0 -1 -1 -1 1 1 -1 -1 -1 -1 -1 -1 -1 
-1 0 0 -1 -1 -1 1 1 -1 -1 -1 -1 -1 -1 -1 
-1 0 0 -1 -1 -1 1 -1 -1 -1 -1 -1 -1 -1 -1 
-1 0 0 -1 -1 -1 1 -1 -1 -1 -1 -1 -1 -1 -1 
-1 0 0 -1 -1 -1 1 -1 -1 -1 -1 -1 -1 -1 -1 
-1 -1 0 -1 -1 -1 1 -1 -1 -1 -1 -1 -1 -1 -1 
-1 -1 0 -1 -1 -1 1 -1 -1 -1 -1 -1 -1 -1 -1 
-1 -1 0 -1 -1 -1 1 -1 -1 -1 -1 -1 -1 -1 -1 
-1 -1 0 -1 -1 -1 1 -1 -1 -1 -1 -1 -1 -1 -1 
-1 -1 0 -1 -1 -1 1 -1 -1 -1 -1 -1 -1 -1 -1 
-1 -1 0 -1 -1 -1 1 -1 -1 -1 -1 -1 -1 -1 -1 
-1 -1 -1 -1 -1 -1 1 -1 -1 -1 -1 -1 -1 -1 -1 
-1 -1 -1 -1 -1 -1 1 -1 -1 -1 -1 -1 -1 -1 -1 
-1 -1 -1 -1 -1 -1 1 -1 -1 -1 -1 -1 -1 -1 -1 
END
15 0
6 1
14 5
-1 0 0 -1 -1 -1 1 1 -1 -1 -1 -1 -1 -1 -1 
-1 0 0 -1 -1 -1 1 1 -1 -1 -1 -1 -1 -1 -1 
-1 0 0 -1 -1 -1 1 1 -1 -1 -1 -1 -1 -1 -1 
-1 0 0 -1 -1 -1 1 -1 -1 -1 -1 -1 -1 -1 -1 
-1 0 0 -1 -1 -1 1 -1 -1 -1 -1 -1 -1 -1 -1 
-1 0 0 -1 -1 -1 1 -1 -1 -1 -1 -1 -1 -1 -1 
-1 0 0 -1 -1 -1 1 -1 -1 -1 -1 -1 -1 -1 -1 
-1 -1 0 -1 -1 -1 1 -1 -1 -1 -1 -1 -1 -1 -1 
-1 -1 0 -1 -1 -1 1 -1 -1 -1 -1 -1 -1 -1 -1 
-1 -1 0 -1 -1 -1 1 -1 -1 -1 -1 -1 -1 -1 -1 
-1 -1 0 -1 -1 -1 1 -1 -1 -1 -1 -1 -1 -1 -1 
-1 -1 0 -1 -1 -1 1 -1 -1 -1 -1 -1 -1 -1 -1 
-1 -1 -1 -1 -1 -1 1 -1 -1 -1 -1 -1 -1 -1 -1 
-1 -1 -1 -1 -1 -1 1 -1 -1 -1 -1 -1 -1 -1 -1 
-1 -1 -1 -1 -1 1 1 -1 -1 -1 -1 -1 -1 -1 -1 
END
15 0
7 1
13 5
-1 0 0 -1 -1 -1 1 1 -1 -1 -1 -1 -1 -1 -1 
-1 0 0 -1 -1 -1 1 1 -1 -1 -1 -1 -1 -1 -1 
-1 0 0 -1 -1 -1 1 1 -1 -1 -1 -1 -1 -1 -1 
-1 0 0 -1 -1 -1 1 -1 -1 -1 -1 -1 -1 -1 -1 
-1 0 0 -1 -1 -1 1 -1 -1 -1 -1 -1 -1 -1 -1 
-1 0 0 -1 -1 -1 1 -1 -1 -1 -1 -1 -1 -1 -1 
-1 0 0 -1 -1 -1 1 -1 -1 -1 -1 -1 -1 -1 -1 
-1 0 0 -1 -1 -1 1 -1 -1 -1 -1 -1 -1 -1 -1 
-1 -1 0 -1 -1 -1 1 -1 -1 -1 -1 -1 -1 -1 -1 
-1 -1 0 -1 -1 -1 1 -1 -1 -1 -1 -1 -1 -1 -1 
-1 -1 0 -1 -1 -1 1 -1 -1 -1 -1 -1 -1 -1 -1 
-1 -1 0 -1 -1 -1 1 -1 -1 -1 -1 -1 -1 -1 -1 
-1 -1 -1 -1 -1 -1 1 -1 -1 -1 -1 -1 -1 -1 -1 
-1 -1 -1 -1 -1 1 1 -1 -1 -1 -1 -1 -1 -1 -1 
-1 -1 -1 -1 -1 1 1 -1 -1 -1 -1 -1 -1 -1 -1 
END
15 0
8 1
12 5
-1 0 0 -1 -1 -1 1 1 -1 -1 -1 -1 -1 -1 -1 
-1 0 0 -1 -1 -1 1 1 -1 -1 -1 -1 -1 -1 -1 
-1 0 0 -1 -1 -1 1 1 -1 -1 -1 -1 -1 -1 -1 
-1 0 0 -1 -1 -1 1 -1 -1 -1 -1 -1 -1 -1 -1 
-1 0 0 -1 -1 -1 1 -1 -1 -1 -1 -1 -1 -1 -1 
-1 0 0 -1 -1 -1 1 -1 -1 -1 -1 -1 -1 -1 -1 
-1 0 0 -1 -1 -1 1 -1 -1 -1 -1 -1 -1 -1 -1 
-1 0 0 -1 -1 -1 1 -1 -1 -1 -1 -1 -1 -1 -1 
-1 0 0 -1 -1 -1 1 -1 -1 -1 -1 -1 -1 -1 -1 
-1 -1 0 -1 -1 -1 1 -1 -1 -1 -1 -1 -1 -1 -1 
-1 -1 0 -1 -1 -1 1 -1 -1 -1 -1 -1 -1 -1 -1 
-1 -1 0 -1 -1 -1 1 -1 -1 -1 -1 -1 -1 -1 -1 
-1 -1 -1 -1 -1 1 1 -1 -1 -1 -1 -1 -1 -1 -1 
-1 -1 -1 -1 -1 1 1 -1 -1 -1 -1 -1 -1 -1 -1 
-1 -1 -1 -1 -1 1 1 -1 -1 -1 -1 -1 -1 -1 -1 
END
15 0
9 1
11 5
-1 0 0 -1 -1 -1 1 1 -1 -1 -1 -1 -1 -1 -1 
-1 0 0 -1 -1 -1 1 1 -1 -1 -1 -1 -1 -1 -1 
-1 0 0 -1 -1 -1 1 1 -1 -1 -1 -1 -1 -1 -1 
-1 0 0 -1 -1 -1 1 -1 -1 -1 -1 -1 -1 -1 -1 
-1 0 0 -1 -1 -1 1 -1 -1 -1 -1 -1 -1 -1 -1 
-1 0 0 -1 -1 -1 1 -1 -1 -1 -1 -1 -1 -1 -1 
-1 0 0 -1 -1 -1 1 -1 -1 -1 -1 -1 -1 -1 -1 
-1 0 0 -1 -1 -1 1 -1 -1 -1 -1 -1 -1 -1 -1 
-1 0 0 -1 -1 -1 1 -1 -1 -1 -1 -1 -1 -1 -1 
-1 0 0 -1 -1 -1 1 -1 -1 -1 -1 -1 -1 -1 -1 
-1 -1 0 -1 -1 -1 1 -1 -1 -1 -1 -1 -1 -1 -1 
-1 -1 0 -1 -1 1 1 -1 -1 -1 -1 -1 -1 -1 -1 
-1 -1 -1 -1 -1 1 1 -1 -1 -1 -1 -1 -1 -1 -1 
-1 -1 -1 -1 -1 1 1 -1 -1 -1 -1 -1 -1 -1 -1 
-1 -1 -1 -1 -1 1 1 -1 -1 -1 -1 -1 -1 -1 -1 
END
15 0
10 1
10 5
-1 0 0 -1 -1 -1 1 1 -1 -1 -1 -1 -1 -1 -1 
-1 0 0 -1 -1 -1 1 1 -1 -1 -1 -1 -1 -1 -1 
-1 0 0 -1 -1 -1 1 1 -1 -1 -1 -1 -1 -1 -1 
-1 0 0 -1 -1 -1 1 -1 -1 -1 -1 -1 -1 -1 -1 
-1 0 0 -1 -1 -1 1 -1 -1 -1 -1 -1 -1 -1 -1 
-1 0 0 -1 -1 -1 1 -1 -1 -1 -1 -1 -1 -1 -1 
-1 0 0 -1 -1 -1 1 -1 -1 -1 -1 -1 -1 -1 -1 
-1 0 0 -1 -1 -1 1 -1 -1 -1 -1 -1 -1 -1 -1 
-1 0 0 -1 -1 -1 1 -1 -1 -1 -1 -1 -1 -1 -1 
-1 0 0 -1 -1 -1 1 -1 -1 -1 -1 -1 -1 -1 -1 
-1 0 0 -1 -1 1 1 -1 -1 -1 -1 -1 -1 -1 -1 
-1 -1 0 -1 -1 1 1 -1 -1 -1 -1 -1 -1 -1 -1 
-1 -1 -1 -1 -1 1 1 -1 -1 -1 -1 -1 -1 -1 -1 
-1 -1 -1 -1 -1 1 1 -1 -1 -1 -1 -1 -1 -1 -1 
-1 -1 -1 -1 -1 1 1 -1 -1 -1 -1 -1 -1 -1 -1 
END
15 0
11 1
9 5
-1 0 0 -1 -1 -1 1 1 -1 -1 -1 -1 -1 -1 -1 
-1 0 0 -1 -1 -1 1 1 -1 -1 -1 -1 -1 -1 -1 
-1 0 0 -1 -1 -1 1 1 -1 -1 -1 -1 -1 -1 -1 
-1 0 0 -1 -1 -1 1 -1 -1 -1 -1 -1 -1 -1 -1 
-1 0 0 -1 -1 -1 1 -1 -1 -1 -1 -1 -1 -1 -1 
-1 0 0 -1 -1 -1 1 -1 -1 -1 -1 -1 -1 -1 -1 
-1 0 0 -1 -1 -1 1 -1 -1 -1 -1 -1 -1 -1 -1 
-1 0 0 -1 -1 -1 1 -1 -1 -1 -1 -1 -1 -1 -1 
-1 0 0 -1 -1 -1 1 -1 -1 -1 -1 -1 -1 -1 -1 
-1 0 0 -1 -1 1 1 -1 -1 -1 -1 -1 -1 -1 -1 
-1 0 0 -1 -1 1 1 -1 -1 -1 -1 -1 -1 -1 -1 
-1 0 0 -1 -1 1 1 -1 -1 -1 -1 -1 -1 -1 -1 
-1 -1 -1 -1 -1 1 1 -1 -1 -1 -1 -1 -1 -1 -1 
-1 -1 -1 -1 -1 1 1 -1 -1 -1 -1 -1 -1 -1 -1 
-1 -1 -1 -1 -1 1 1 -1 -1 -1 -1 -1 -1 -1 -1 
END
15 0
12 1
8 5
-1 0 0 -1 -1 -1 1 1 -1 -1 -1 -1 -1 -1 -1 
-1 0 0 -1 -1 -1 1 1 -1 -1 -1 -1 -1 -1 -1 
-1 0 0 -1 -1 -1 1 1 -1 -1 -1 -1 -1 -1 -1 
-1 0 0 -1 -1 -1 1 -1 -1 -1 -1 -1 -1 -1 -1 
-1 0 0 -1 -1 -1 1 -1 -1 -1 -1 -1 -1 -1 -1 
-1 0 0 -1 -1 -1 1 -1 -1 -1 -1 -1 -1 -1 -1 
-1 0 0 -1 -1 -1 1 -1 -1 -1 -1 -1 -1 -1 -1 
-1 0 0 -1 -1 -1 1 -1 -1 -1 -1 -1 -1 -1 -1 
-1 0 0 -1 -1 1 1 -1 -1 -1 -1 -1 -1 -1 -1 
-1 0 0 -1 -1 1 1 -1 -1 -1 -1 -1 -1 -1 -1 
-1 0 0 -1 -1 1 1 -1 -1 -1 -1 -1 -1 -1 -1 
-1 0 0 -1 -1 1 1 -1 -1 -1 -1 -1 -1 -1 -1 
-1 0 -1 -1 -1 1 1 -1 -1 -1 -1 -1 -1 -1 -1 
-1 -1 -1 -1 -1 1 1 -1 -1 -1 -1 -1 -1 -1 -1 
-1 -1 -1 -1 -1 1 1 -1 -1 -1 -1 -1 -1 -1 -1 
END
15 0
13 1
7 5
-1 0 0 -1 -1 -1 1 1 -1 -1 -1 -1 -1 -1 -1 
-1 0 0 -1 -1 -1 1 1 -1 -1 -1 -1 -1 -1 -1 
-1 0 0 -1 -1 -1 1 1 -1 -1 -1 -1 -1 -1 -1 
-1 0 0 -1 -1 -1 1 -1 -1 -1 -1 -1 -1 -1 -1 
-1 0 0 -1 -1 -1 1 -1 -1 -1 -1 -1 -1 -1 -1 
-1 0 0 -1 -1 -1 1 -1 -1 -1 -1 -1 -1 -1 -1 
-1 0 0 -1 -1 -1 1 -1 -1 -1 -1 -1 -1 -1 -1 
-1 0 0 -1 -1 1 1 -1 -1 -1 -1 -1 -1 -1 -1 
-1 0 0 -1 -1 1 1 -1 -1 -1 -1 -1 -1 -1 -1 
-1 0 0 -1 -1 1 1 -1 -1 -1 -1 -1 -1 -1 -1 
-1 0 0 -1 -1 1 1 -1 -1 -1 -1 -1 -1 -1 -1 
-1 0 0 -1 -1 1 1 -1 -1 -1 -1 -1 -1 -1 -1 
-1 0 -1 -1 -1 1 1 -1 -1 -1 -1 -1 -1 -1 -1 
-1 0 -1 -1 -1 1 1 -1 -1 -1 -1 -1 -1 -1 -1 
-1 -1 -1 -1 -1 1 1 -1 -1 -1 -1 -1 -1 -1 -1 
END
15 0
14 1
6 5
-1 0 0 -1 -1 -1 1 1 -1 -1 -1 -1 -1 -1 -1 
-1 0 0 -1 -1 -1 1 1 -1 -1 -1 -1 -1 -1 -1 
-1 0 0 -1 -1 -1 1 1 -1 -1 -1 -1 -1 -1 -1 
-1 0 0 -1 -1 -1 1 -1 -1 -1 -1 -1 -1 -1 -1 
-1 0 0 -1 -1 -1 1 -1 -1 -1 -1 -1 -1 -1 -1 
-1 0 0 -1 -1 -1 1 -1 -1 -1 -1 -1 -1 -1 -1 
-1 0 0 -1 -1 1 1 -1 -1 -1 -1 -1 -1 -1 -1 
-1 0 0 -1 -1 1 1 -1 -1 -1 -1 -1 -1 -1 -1 
-1 0 0 -1 -1 1 1 -1 -1 -1 -1 -1 -1 -1 -1 
-1 0 0 -1 -1 1 1 -1 -1 -1 -1 -1 -1 -1 -1 
-1 0 0 -1 -1 1 1 -1 -1 -1 -1 -1 -1 -1 -1 
-1 0 0 -1 -1 1 1 -1 -1 -1 -1 -1 -1 -1 -1 
-1 0 -1 -1 -1 1 1 -1 -1 -1 -1 -1 -1 -1 -1 
-1 0 -1 -1 -1 1 1 -1 -1 -1 -1 -1 -1 -1 -1 
-1 0 -1 -1 -1 1 1 -1 -1 -1 -1 -1 -1 -1 -1 
END
15 0
14 0
5 5
-1 0 0 -1 -1 -1 1 1 -1 -1 -1 -1 -1 -1 -1 
-1 0 0 -1 -1 -1 1 1 -1 -1 -1 -1 -1 -1 -1 
-1 0 0 -1 -1 -1 1 1 -1 -1 -1 -1 -1 -1 -1 
-1 0 0 -1 -1 -1 1 -1 -1 -1 -1 -1 -1 -1 -1 
-1 0 0 -1 -1 -1 1 -1 -1 -1 -1 -1 -1 -1 -1 
-1 0 0 -1 -1 1 1 -1 -1 -1 -1 -1 -1 -1 -1 
-1 0 0 -1 -1 1 1 -1 -1 -1 -1 -1 -1 -1 -1 
-1 0 0 -1 -1 1 1 -1 -1 -1 -1 -1 -1 -1 -1 
-1 0 0 -1 -1 1 1 -1 -1 -1 -1 -1 -1 -1 -1 
-1 0 0 -1 -1 1 1 -1 -1 -1 -1 -1 -1 -1 -1 
-1 0 0 -1 -1 1 1 -1 -1 -1 -1 -1 -1 -1 -1 
-1 0 0 -1 -1 1 1 -1 -1 -1 -1 -1 -1 -1 -1 
-1 0 -1 -1 -1 1 1 -1 -1 -1 -1 -1 -1 -1 -1 
-1 0 -1 -1 -1 1 1 -1 -1 -1 -1 -1 -1 -1 -1 
0 0 -1 -1 -1 1 1 -1 -1 -1 -1 -1 -1 -1 -1 
END
15 0
13 0
4 5
-1 0 0 -1 -1 -1 1 1 -1 -1 -1 -1 -1 -1 -1 
-1 0 0 -1 -1 -1 1 1 -1 -1 -1 -1 -1 -1 -1 
-1 0 0 -1 -1 -1 1 1 -1 -1 -1 -1 -1 -1 -1 
-1 0 0 -1 -1 -1 1 -1 -1 -1 -1 -1 -1 -1 -1 
-1 0 0 -1 -1 1 1 -1 -1 -1 -1 -1 -1 -1 -1 
-1 0 0 -1 -1 1 1 -1 -1 -1 -1 -1 -1 -1 -1 
-1 0 0 -1 -1 1 1 -1 -1 -1 -1 -1 -1 -1 -1 
-1 0 0 -1 -1 1 1 -1 -1 -1 -1 -1 -1 -1 -1 
-1 0 0 -1 -1 1 1 -1 -1 -1 -1 -1 -1 -1 -1 
-1 0 0 -1 -1 1 1 -1 -1 -1 -1 -1 -1 -1 -1 
-1 0 0 -1 -1 1 1 -1 -1 -1 -1 -1 -1 -1 -1 
-1 0 0 -1 -1 1 1 -1 -1 -1 -1 -1 -1 -1 -1 
-1 0 -1 -1 -1 1 1 -1 -1 -1 -1 -1 -1 -1 -1 
0 0 -1 -1 -1 1 1 -1 -1 -1 -1 -1 -1 -1 -1 
0 0 -1 -1 -1 1 1 -1 -1 -1 -1 -1 -1 -1 -1 
END
15 0
12 0
3 5
-1 0 0 -1 -1 -1 1 1 -1 -1 -1 -1 -1 -1 -1 
-1 0 0 -1 -1 -1 1 1 -1 -1 -1 -1 -1 -1 -1 
-1 0 0 -1 -1 -1 1 1 -1 -1 -1 -1 -1 -1 -1 
-1 0 0 -1 -1 1 1 -1 -1 -1 -1 -1 -1 -1 -1 
-1 0 0 -1 -1 1 1 -1 -1 -1 -1 -1 -1 -1 -1 
-1 0 0 -1 -1 1 1 -1 -1 -1 -1 -1 -1 -1 -1 
-1 0 0 -1 -1 1 1 -1 -1 -1 -1 -1 -1 -1 -1 
-1 0 0 -1 -1 1 1 -1 -1 -1 -1 -1 -1 -1 -1 
-1 0 0 -1 -1 1 1 -1 -1 -1 -1 -1 -1 -1 -1 
-1 0 0 -1 -1 1 1 -1 -1 -1 -1 -1 -1 -1 -1 
-1 0 0 -1 -1 1 1 -1 -1 -1 -1 -1 -1 -1 -1 
-1 0 0 -1 -1 1 1 -1 -1 -1 -1 -1 -1 -1 -1 
0 0 -1 -1 -1 1 1 -1 -1 -1 -1 -1 -1 -1 -1 
0 0 -1 -1 -1 1 1 -1 -1 -1 -1 -1 -1 -1 -1 
0 0 -1 -1 -1 1 1 -1 -1 -1 -1 -1 -1 -1 -1 
END
15 0
11 0
2 5
-1 0 0 -1 -1 -1 1 1 -1 -1 -1 -1 -1 -1 -1 
-1 0 0 -1 -1 -1 1 1 -1 -1 -1 -1 -1 -1 -1 
-1 0 0 -1 -1 1 1 1 -1 -1 -1 -1 -1 -1 -1 
-1 0 0 -1 -1 1 1 -1 -1 -1 -1 -1 -1 -1 -1 
-1 0 0 -1 -1 1 1 -1 -1 -1 -1 -1 -1 -1 -1 
-1 0 0 -1 -1 1 1 -1 -1 -1 -1 -1 -1 -1 -1 
-1 0 0 -1 -1 1 1 -1 -1 -1 -1 -1 -1 -1 -1 
-1 0 0 -1 -1 1 1 -1 -1 -1 -1 -1 -1 -1 -1 
-1 0 0 -1 -1 1 1 -1 -1 -1 -1 -1 -1 -1 -1 
-1 0 0 -1 -1 1 1 -1 -1 -1 -1 -1 -1 -1 -1 
-1 0 0 -1 -1 1 1 -1 -1 -1 -1 -1 -1 -1 -1 
0 0 0 -1 -1 1 1 -1 -1 -1 -1 -1 -1 -1 -1 
0 0 -1 -1 -1 1 1 -1 -1 -1 -1 -1 -1 -1 -1 
0 0 -1 -1 -1 1 1 -1 -1 -1 -1 -1 -1 -1 -1 
0 0 -1 -1 -1 1 1 -1 -1 -1 -1 -1 -1 -1 -1 
END
15 0
10 0
1 5
-1 0 0 -1 -1 -1 1 1 -1 -1 -1 -1 -1 -1 -1 
-1 0 0 -1 -1 1 1 1 -1 -1 -1 -1 -1 -1 -1 
-1 0 0 -1 -1 1 1 1 -1 -1 -1 -1 -1 -1 -1 
-1 0 0 -1 -1 1 1 -1 -1 -1 -1 -1 -1 -1 -1 
-1 0 0 -1 -1 1 1 -1 -1 -1 -1 -1 -1 -1 -1 
-1 0 0 -1 -1 1 1 -1 -1 -1 -1 -1 -1 -1 -1 
-1 0 0 -1 -1 1 1 -1 -1 -1 -1 -1 -1 -1 -1 
-1 0 0 -1 -1 1 1 -1 -1 -1 -1 -1 -1 -1 -1 
-1 0 0 -1 -1 1 1 -1 -1 -1 -1 -1 -1 -1 -1 
-1 0 0 -1 -1 1 1 -1 -1 -1 -1 -1 -1 -1 -1 
0 0 0 -1 -1 1 1 -1 -1 -1 -1 -1 -1 -1 -1 
0 0 0 -1 -1 1 1 -1 -1 -1 -1 -1 -1 -1 -1 
0 0 -1 -1 -1 1 1 -1 -1 -1 -1 -1 -1 -1 -1 
0 0 -1 -1 -1 1 1 -1 -1 -1 -1 -1 -1 -1 -1 
0 0 -1 -1 -1 1 1 -1 -1 -1 -1 -1 -1 -1 -1 
END
15 0
9 0
0 5
-1 0 0 -1 -1 1 1 1 -1 -1 -1 -1 -1 -1 -1 
-1 0 0 -1 -1 1 1 1 -1 -1 -1 -1 -1 -1 -1 
-1 0 0 -1 -1 1 1 1 -1 -1 -1 -1 -1 -1 -1 
-1 0 0 -1 -1 1 1 -1 -1 -1 -1 -1 -1 -1 -1 
-1 0 0 -1 -1 1 1 -1 -1 -1 -1 -1 -1 -1 -1 
-1 0 0 -1 -1 1 1 -1 -1 -1 -1 -1 -1 -1 -1 
-1 0 0 -1 -1 1 1 -1 -1 -1 -1 -1 -1 -1 -1 
-1 0 0 -1 -1 1 1 -1 -1 -1 -1 -1 -1 -1 -1 
-1 0 0 -1 -1 1 1 -1 -1 -1 -1 -1 -1 -1 -1 
0 0 0 -1 -1 1 1 -1 -1 -1 -1 -1 -1 -1 -1 
0 0 0 -1 -1 1 1 -1 -1 -1 -1 -1 -1 -1 -1 
0 0 0 -1 -1 1 1 -1 -1 -1 -1 -1 -1 -1 -1 
0 0 -1 -1 -1 1 1 -1 -1 -1 -1 -1 -1 -1 -1 
0 0 -1 -1 -1 1 1 -1 -1 -1 -1 -1 -1 -1 -1 
0 0 -1 -1 -1 1 1 -1 -1 -1 -1 -1 -1 -1 -1 
END
15 0
8 0
0 4
-1 0 0 -1 1 1 1 1 -1 -1 -1 -1 -1 -1 -1 
-1 0 0 -1 -1 1 1 1 -1 -1 -1 -1 -1 -1 -1 
-1 0 0 -1 -1 1 1 1 -1 -1 -1 -1 -1 -1 -1 
-1 0 0 -1 -1 1 1 -1 -1 -1 -1 -1 -1 -1 -1 
-1 0 0 -1 -1 1 1 -1 -1 -1 -1 -1 -1 -1 -1 
-1 0 0 -1 -1 1 1 -1 -1 -1 -1 -1 -1 -1 -1 
-1 0 0 -1 -1 1 1 -1 -1 -1 -1 -1 -1 -1 -1 
-1 0 0 -1 -1 1 1 -1 -1 -1 -1 -1 -1 -1 -1 
0 0 0 -1 -1 1 1 -1 -1 -1 -1 -1 -1 -1 -1 
0 0 0 -1 -1 1 1 -1 -1 -1 -1 -1 -1 -1 -1 
0 0 0 -1 -1 1 1 -1 -1 -1 -1 -1 -1 -1 -1 
0 0 0 -1 -1 1 1 -1 -1 -1 -1 -1 -1 -1 -1 
0 0 -1 -1 -1 1 1 -1 -1 -1 -1 -1 -1 -1 -1 
0 0 -1 -1 -1 1 1 -1 -1 -1 -1 -1 -1 -1 -1 
0 0 -1 -1 -1 1 1 -1 -1 -1 -1 -1 -1 -1 -1 
END
15 0
7 0
1 4
-1 0 0 -1 1 1 1 1 -1 -1 -1 -1 -1 -1 -1 
-1 0 0 -1 1 1 1 1 -1 -1 -1 -1 -1 -1 -1 
-1 0 0 -1 -1 1 1 1 -1 -1 -1 -1 -1 -1 -1 
-1 0 0 -1 -1 1 1 -1 -1 -1 -1 -1 -1 -1 -1 
-1 0 0 -1 -1 1 1 -1 -1 -1 -1 -1 -1 -1 -1 
-1 0 0 -1 -1 1 1 -1 -1 -1 -1 -1 -1 -1 -1 
-1 0 0 -1 -1 1 1 -1 -1 -1 -1 -1 -1 -1 -1 
0 0 0 -1 -1 1 1 -1 -1 -1 -1 -1 -1 -1 -1 
0 0 0 -1 -1 1 1 -1 -1 -1 -1 -1 -1 -1 -1 
0 0 0 -1 -1 1 1 -1 -1 -1 -1 -1 -1 -1 -1 
0 0 0 -1 -1 1 1 -1 -1 -1 -1 -1 -1 -1 -1 
0 0 0 -1 -1 1 1 -1 -1 -1 -1 -1 -1 -1 -1 
0 0 -1 -1 -1 1 1 -1 -1 -1 -1 -1 -1 -1 -1 
0 0 -1 -1 -1 1 1 -1 -1 -1 -1 -1 -1 -1 -1 
0 0 -1 -1 -1 1 1 -1 -1 -1 -1 -1 -1 -1 -1 
END
15 0
6 0
2 4
-1 0 0 -1 1 1 1 1 -1 -1 -1 -1 -1 -1 -1 
-1 0 0 -1 1 1 1 1 -1 -1 -1 -1 -1 -1 -1 
-1 0 0 -1 1 1 1 1 -1 -1 -1 -1 -1 -1 -1 
-1 0 0 -1 -1 1 1 -1 -1 -1 -1 -1 -1 -1 -1 
-1 0 0 -1 -1 1 1 -1 -1 -1 -1 -1 -1 -1 -1 
-1 0 0 -1 -1 1 1 -1 -1 -1 -1 -1 -1 -1 -1 
0 0 0 -1 -1 1 1 -1 -1 -1 -1 -1 -1 -1 -1 
0 0 0 -1 -1 1 1 -1 -1 -1 -1 -1 -1 -1 -1 
0 0 0 -1 -1 1 1 -1 -1 -1 -1 -1 -1 -1 -1 
0 0 0 -1 -1 1 1 -1 -1 -1 -1 -1 -1 -1 -1 
0 0 0 -1 -1 1 1 -1 -1 -1 -1 -1 -1 -1 -1 
0 0 0 -1 -1 1 1 -1 -1 -1 -1 -1 -1 -1 -1 
0 0 -1 -1 -1 1 1 -1 -1 -1 -1 -1 -1 -1 -1 
0 0 -1 -1 -1 1 1 -1 -1 -1 -1 -1 -1 -1 -1 
0 0 -1 -1 -1 1 1 -1 -1 -1 -1 -1 -1 -1 -1 
END
15 0
5 0
3 4
-1 0 0 -1 1 1 1 1 -1 -1 -1 -1 -1 -1 -1 
-1 0 0 -1 1 1 1 1 -1 -1 -1 -1 -1 -1 -1 
-1 0 0 -1 1 1 1 1 -1 -1 -1 -1 -1 -1 -1 
-1 0 0 -1 1 1 1 -1 -1 -1 -1 -1 -1 -1 -1 
-1 0 0 -1 -1 1 1 -1 -1 -1 -1 -1 -1 -1 -1 
0 0 0 -1 -1 1 1 -1 -1 -1 -1 -1 -1 -1 -1 
0 0 0 -1 -1 1 1 -1 -1 -1 -1 -1 -1 -1 -1 
0 0 0 -1 -1 1 1 -1 -1 -1 -1 -1 -1 -1 -1 
0 0 0 -1 -1 1 1 -1 -1 -1 -1 -1 -1 -1 -1 
0 0 0 -1 -1 1 1 -1 -1 -1 -1 -1 -1 -1 -1 
0 0 0 -1 -1 1 1 -1 -1 -1 -1 -1 -1 -1 -1 
0 0 0 -1 -1 1 1 -1 -1 -1 -1 -1 -1 -1 -1 
0 0 -1 -1 -1 1 1 -1 -1 -1 -1 -1 -1 -1 -1 
0 0 -1 -1 -1 1 1 -1 -1 -1 -1 -1 -1 -1 -1 
0 0 -1 -1 -1 1 1 -1 -1 -1 -1 -1 -1 -1 -1 
END
15 0
4 0
4 4
-1 0 0 -1 1 1 1 1 -1 -1 -1 -1 -1 -1 -1 
-1 0 0 -1 1 1 1 1 -1 -1 -1 -1 -1 -1 -1 
-1 0 0 -1 1 1 1 1 -1 -1 -1 -1 -1 -1 -1 
-1 0 0 -1 1 1 1 -1 -1 -1 -1 -1 -1 -1 -1 
0 0 0 -1 1 1 1 -1 -1 -1 -1 -1 -1 -1 -1 
0 0 0 -1 -1 1 1 -1 -1 -1 -1 -1 -1 -1 -1 
0 0 0 -1 -1 1 1 -1 -1 -1 -1 -1 -1 -1 -1 
0 0 0 -1 -1 1 1 -1 -1 -1 -1 -1 -1 -1 -1 
0 0 0 -1 -1 1 1 -1 -1 -1 -1 -1 -1 -1 -1 
0 0 0 -1 -1 1 1 -1 -1 -1 -1 -1 -1 -1 -1 
0 0 0 -1 -1 1 1 -1 -1 -1 -1 -1 -1 -1 -1 
0 0 0 -1 -1 1 1 -1 -1 -1 -1 -1 -1 -1 -1 
0 0 -1 -1 -1 1 1 -1 -1 -1 -1 -1 -1 -1 -1 
0 0 -1 -1 -1 1 1 -1 -1 -1 -1 -1 -1 -1 -1 
0 0 -1 -1 -1 1 1 -1 -1 -1 -1 -1 -1 -1 -1 
END
15 0
3 0
5 4
-1 0 0 -1 1 1 1 1 -1 -1 -1 -1 -1 -1 -1 
-1 0 0 -1 1 1 1 1 -1 -1 -1 -1 -1 -1 -1 
-1 0 0 -1 1 1 1 1 -1 -1 -1 -1 -1 -1 -1 
0 0 0 -1 1 1 1 -1 -1 -1 -1 -1 -1 -1 -1 
0 0 0 -1 1 1 1 -1 -1 -1 -1 -1 -1 -1 -1 
0 0 0 -1 1 1 1 -1 -1 -1 -1 -1 -1 -1 -1 
0 0 0 -1 -1 1 1 -1 -1 -1 -1 -1 -1 -1 -1 
0 0 0 -1 -1 1 1 -1 -1 -1 -1 -1 -1 -1 -1 
0 0 0 -1 -1 1 1 -1 -1 -1 -1 -1 -1 -1 -1 
0 0 0 -1 -1 1 1 -1 -1 -1 -1 -1 -1 -1 -1 
0 0 0 -1 -1 1 1 -1 -1 -1 -1 -1 -1 -1 -1 
0 0 0 -1 -1 1 1 -1 -1 -1 -1 -1 -1 -1 -1 
0 0 -1 -1 -1 1 1 -1 -1 -1 -1 -1 -1 -1 -1 
0 0 -1 -1 -1 1 1 -1 -1 -1 -1 -1 -1 -1 -1 
0 0 -1 -1 -1 1 1 -1 -1 -1 -1 -1 -1 -1 -1 
END
15 0
2 0
6 4
-1 0 0 -1 1 1 1 1 -1 -1 -1 -1 -1 -1 -1 
-1 0 0 -1 1 1 1 1 -1 -1 -1 -1 -1 -1 -1 
0 0 0 -1 1 1 1 1 -1 -1 -1 -1 -1 -1 -1 
0 0 0 -1 1 1 1 -1 -1 -1 -1 -1 -1 -1 -1 
0 0 0 -1 1 1 1 -1 -1 -1 -1 -1 -1 -1 -1 
0 0 0 -1 1 1 1 -1 -1 -1 -1 -1 -1 -1 -1 
0 0 0 -1 1 1 1 -1 -1 -1 -1 -1 -1 -1 -1 
0 0 0 -1 -1 1 1 -1 -1 -1 -1 -1 -1 -1 -1 
0 0 0 -1 -1 1 1 -1 -1 -1 -1 -1 -1 -1 -1 
0 0 0 -1 -1 1 1 -1 -1 -1 -1 -1 -1 -1 -1 
0 0 0 -1 -1 1 1 -1 -1 -1 -1 -1 -1 -1 -1 
0 0 0 -1 -1 1 1 -1 -1 -1 -1 -1 -1 -1 -1 
0 0 -1 -1 -1 1 1 -1 -1 -1 -1 -1 -1 -1 -1 
0 0 -1 -1 -1 1 1 -1 -1 -1 -1 -1 -1 -1 -1 
0 0 -1 -1 -1 1 1 -1 -1 -1 -1 -1 -1 -1 -1 
END
15 0
1 0
7 4
-1 0 0 -1 1 1 1 1 -1 -1 -1 -1 -1 -1 -1 
0 0 0 -1 1 1 1 1 -1 -1 -1 -1 -1 -1 -1 
0 0 0 -1 1 1 1 1 -1 -1 -1 -1 -1 -1 -1 
0 0 0 -1 1 1 1 -1 -1 -1 -1 -1 -1 -1 -1 
0 0 0 -1 1 1 1 -1 -1 -1 -1 -1 -1 -1 -1 
0 0 0 -1 1 1 1 -1 -1 -1 -1 -1 -1 -1 -1 
0 0 0 -1 1 1 1 -1 -1 -1 -1 -1 -1 -1 -1 
0 0 0 -1 1 1 1 -1 -1 -1 -1 -1 -1 -1 -1 
0 0 0 -1 -1 1 1 -1 -1 -1 -1 -1 -1 -1 -1 
0 0 0 -1 -1 1 1 -1 -1 -1 -1 -1 -1 -1 -1 
0 0 0 -1 -1 1 1 -1 -1 -1 -1 -1 -1 -1 -1 
0 0 0 -1 -1 1 1 -1 -1 -1 -1 -1 -1 -1 -1 
0 0 -1 -1 -1 1 1 -1 -1 -1 -1 -1 -1 -1 -1 
0 0 -1 -1 -1 1 1 -1 -1 -1 -1 -1 -1 -1 -1 
0 0 -1 -1 -1 1 1 -1 -1 -1 -1 -1 -1 -1 -1 
END
15 0
0 0
8 4
0 0 0 -1 1 1 1 1 -1 -1 -1 -1 -1 -1 -1 
0 0 0 -1 1 1 1 1 -1 -1 -1 -1 -1 -1 -1 
0 0 0 -1 1 1 1 1 -1 -1 -1 -1 -1 -1 -1 
0 0 0 -1 1 1 1 -1 -1 -1 -1 -1 -1 -1 -1 
0 0 0 -1 1 1 1 -1 -1 -1 -1 -1 -1 -1 -1 
0 0 0 -1 1 1 1 -1 -1 -1 -1 -1 -1 -1 -1 
0 0 0 -1 1 1 1 -1 -1 -1 -1 -1 -1 -1 -1 
0 0 0 -1 1 1 1 -1 -1 -1 -1 -1 -1 -1 -1 
0 0 0 -1 1 1 1 -1 -1 -1 -1 -1 -1 -1 -1 
0 0 0 -1 -1 1 1 -1 -1 -1 -1 -1 -1 -1 -1 
0 0 0 -1 -1 1 1 -1 -1 -1 -1 -1 -1 -1 -1 
0 0 0 -1 -1 1 1 -1 -1 -1 -1 -1 -1 -1 -1 
0 0 -1 -1 -1 1 1 -1 -1 -1 -1 -1 -1 -1 -1 
0 0 -1 -1 -1 1 1 -1 -1 -1 -1 -1 -1 -1 -1 
0 0 -1 -1 -1 1 1 -1 -1 -1 -1 -1 -1 -1 -1 
END
