15 1
6 13
6 4
-1 -1 -1 -1 -1 -1 -1 -1 -1 -1 -1 -1 -1 -1 -1 
-1 -1 -1 -1 -1 -1 -1 -1 -1 -1 -1 -1 -1 -1 -1 
-1 -1 -1 -1 -1 -1 -1 -1 -1 -1 -1 -1 -1 -1 -1 
-1 -1 -1 -1 -1 -1 -1 -1 -1 -1 -1 -1 -1 -1 -1 
-1 -1 -1 -1 -1 -1 -1 -1 -1 -1 -1 -1 -1 -1 -1 
-1 -1 -1 -1 -1 -1 -1 -1 -1 -1 -1 -1 -1 -1 -1 
-1 -1 -1 -1 1 -1 -1 -1 -1 -1 -1 -1 -1 0 -1 
-1 -1 -1 -1 -1 -1 -1 -1 -1 -1 -1 -1 -1 -1 -1 
-1 -1 -1 -1 -1 -1 -1 -1 -1 -1 -1 -1 -1 -1 -1 
-1 -1 -1 -1 -1 -1 -1 -1 -1 -1 -1 -1 -1 -1 -1 
-1 -1 -1 -1 -1 -1 -1 -1 -1 -1 -1 -1 -1 -1 -1 
-1 -1 -1 -1 -1 -1 -1 -1 -1 -1 -1 -1 -1 -1 -1 
-1 -1 -1 -1 -1 -1 -1 -1 -1 -1 -1 -1 -1 -1 -1 
-1 -1 -1 -1 -1 -1 -1 -1 -1 -1 -1 -1 -1 -1 -1 
-1 -1 -1 -1 -1 -1 -1 -1 -1 -1 -1 -1 -1 -1 -1 
END
15 1
5 13
5 4
-1 -1 -1 -1 -1 -1 -1 -1 -1 -1 -1 -1 -1 -1 -1 
-1 -1 -1 -1 -1 -1 -1 -1 -1 -1 -1 -1 -1 -1 -1 
-1 -1 -1 -1 -1 -1 -1 -1 -1 -1 -1 -1 -1 -1 -1 
-1 -1 -1 -1 -1 -1 -1 -1 -1 -1 -1 -1 -1 -1 -1 
-1 -1 -1 -1 -1 -1 -1 -1 -1 -1 -1 -1 -1 -1 -1 
-1 -1 -1 -1 1 -1 -1 -1 -1 -1 -1 -1 -1 0 -1 
-1 -1 -1 -1 1 -1 -1 -1 -1 -1 -1 -1 -1 0 -1 
-1 -1 -1 -1 -1 -1 -1 -1 -1 -1 -1 -1 -1 -1 -1 
-1 -1 -1 -1 -1 -1 -1 -1 -1 -1 -1 -1 -1 -1 -1 
-1 -1 -1 -1 -1 -1 -1 -1 -1 -1 -1 -1 -1 -1 -1 
-1 -1 -1 -1 -1 -1 -1 -1 -1 -1 -1 -1 -1 -1 -1 
-1 -1 -1 -1 -1 -1 -1 -1 -1 -1 -1 -1 -1 -1 -1 
-1 -1 -1 -1 -1 -1 -1 -1 -1 -1 -1 -1 -1 -1 -1 
-1 -1 -1 -1 -1 -1 -1 -1 -1 -1 -1 -1 -1 -1 -1 
-1 -1 -1 -1 -1 -1 -1 -1 -1 -1 -1 -1 -1 -1 -1 
END
15 1
4 13
4 4
-1 -1 -1 -1 -1 -1 -1 -1 -1 -1 -1 -1 -1 -1 -1 
-1 -1 -1 -1 -1 -1 -1 -1 -1 -1 -1 -1 -1 -1 -1 
-1 -1 -1 -1 -1 -1 -1 -1 -1 -1 -1 -1 -1 -1 -1 
-1 -1 -1 -1 -1 -1 -1 -1 -1 -1 -1 -1 -1 -1 -1 
-1 -1 -1 -1 1 -1 -1 -1 -1 -1 -1 -1 -1 0 -1 
-1 -1 -1 -1 1 -1 -1 -1 -1 -1 -1 -1 -1 0 -1 
-1 -1 -1 -1 1 -1 -1 -1 -1 -1 -1 -1 -1 0 -1 
-1 -1 -1 -1 -1 -1 -1 -1 -1 -1 -1 -1 -1 -1 -1 
-1 -1 -1 -1 -1 -1 -1 -1 -1 -1 -1 -1 -1 -1 -1 
-1 -1 -1 -1 -1 -1 -1 -1 -1 -1 -1 -1 -1 -1 -1 
-1 -1 -1 -1 -1 -1 -1 -1 -1 -1 -1 -1 -1 -1 -1 
-1 -1 -1 -1 -1 -1 -1 -1 -1 -1 -1 -1 -1 -1 -1 
-1 -1 -1 -1 -1 -1 -1 -1 -1 -1 -1 -1 -1 -1 -1 
-1 -1 -1 -1 -1 -1 -1 -1 -1 -1 -1 -1 -1 -1 -1 
-1 -1 -1 -1 -1 -1 -1 -1 -1 -1 -1 -1 -1 -1 -1 
END
15 1
3 13
3 4
-1 -1 -1 -1 -1 -1 -1 -1 -1 -1 -1 -1 -1 -1 -1 
-1 -1 -1 -1 -1 -1 -1 -1 -1 -1 -1 -1 -1 -1 -1 
-1 -1 -1 -1 -1 -1 -1 -1 -1 -1 -1 -1 -1 -1 -1 
-1 -1 -1 -1 1 -1 -1 -1 -1 -1 -1 -1 -1 0 -1 
-1 -1 -1 -1 1 -1 -1 -1 -1 -1 -1 -1 -1 0 -1 
-1 -1 -1 -1 1 -1 -1 -1 -1 -1 -1 -1 -1 0 -1 
-1 -1 -1 -1 1 -1 -1 -1 -1 -1 -1 -1 -1 0 -1 
-1 -1 -1 -1 -1 -1 -1 -1 -1 -1 -1 -1 -1 -1 -1 
-1 -1 -1 -1 -1 -1 -1 -1 -1 -1 -1 -1 -1 -1 -1 
-1 -1 -1 -1 -1 -1 -1 -1 -1 -1 -1 -1 -1 -1 -1 
-1 -1 -1 -1 -1 -1 -1 -1 -1 -1 -1 -1 -1 -1 -1 
-1 -1 -1 -1 -1 -1 -1 -1 -1 -1 -1 -1 -1 -1 -1 
-1 -1 -1 -1 -1 -1 -1 -1 -1 -1 -1 -1 -1 -1 -1 
-1 -1 -1 -1 -1 -1 -1 -1 -1 -1 -1 -1 -1 -1 -1 
-1 -1 -1 -1 -1 -1 -1 -1 -1 -1 -1 -1 -1 -1 -1 
END
15 1
2 13
2 4
-1 -1 -1 -1 -1 -1 -1 -1 -1 -1 -1 -1 -1 -1 -1 
-1 -1 -1 -1 -1 -1 -1 -1 -1 -1 -1 -1 -1 -1 -1 
-1 -1 -1 -1 1 -1 -1 -1 -1 -1 -1 -1 -1 0 -1 
-1 -1 -1 -1 1 -1 -1 -1 -1 -1 -1 -1 -1 0 -1 
-1 -1 -1 -1 1 -1 -1 -1 -1 -1 -1 -1 -1 0 -1 
-1 -1 -1 -1 1 -1 -1 -1 -1 -1 -1 -1 -1 0 -1 
-1 -1 -1 -1 1 -1 -1 -1 -1 -1 -1 -1 -1 0 -1 
-1 -1 -1 -1 -1 -1 -1 -1 -1 -1 -1 -1 -1 -1 -1 
-1 -1 -1 -1 -1 -1 -1 -1 -1 -1 -1 -1 -1 -1 -1 
-1 -1 -1 -1 -1 -1 -1 -1 -1 -1 -1 -1 -1 -1 -1 
-1 -1 -1 -1 -1 -1 -1 -1 -1 -1 -1 -1 -1 -1 -1 
-1 -1 -1 -1 -1 -1 -1 -1 -1 -1 -1 -1 -1 -1 -1 
-1 -1 -1 -1 -1 -1 -1 -1 -1 -1 -1 -1 -1 -1 -1 
-1 -1 -1 -1 -1 -1 -1 -1 -1 -1 -1 -1 -1 -1 -1 
-1 -1 -1 -1 -1 -1 -1 -1 -1 -1 -1 -1 -1 -1 -1 
END
15 1
1 13
1 4
-1 -1 -1 -1 -1 -1 -1 -1 -1 -1 -1 -1 -1 -1 -1 
-1 -1 -1 -1 1 -1 -1 -1 -1 -1 -1 -1 -1 0 -1 
-1 -1 -1 -1 1 -1 -1 -1 -1 -1 -1 -1 -1 0 -1 
-1 -1 -1 -1 1 -1 -1 -1 -1 -1 -1 -1 -1 0 -1 
-1 -1 -1 -1 1 -1 -1 -1 -1 -1 -1 -1 -1 0 -1 
-1 -1 -1 -1 1 -1 -1 -1 -1 -1 -1 -1 -1 0 -1 
-1 -1 -1 -1 1 -1 -1 -1 -1 -1 -1 -1 -1 0 -1 
-1 -1 -1 -1 -1 -1 -1 -1 -1 -1 -1 -1 -1 -1 -1 
-1 -1 -1 -1 -1 -1 -1 -1 -1 -1 -1 -1 -1 -1 -1 
-1 -1 -1 -1 -1 -1 -1 -1 -1 -1 -1 -1 -1 -1 -1 
-1 -1 -1 -1 -1 -1 -1 -1 -1 -1 -1 -1 -1 -1 -1 
-1 -1 -1 -1 -1 -1 -1 -1 -1 -1 -1 -1 -1 -1 -1 
-1 -1 -1 -1 -1 -1 -1 -1 -1 -1 -1 -1 -1 -1 -1 
-1 -1 -1 -1 -1 -1 -1 -1 -1 -1 -1 -1 -1 -1 -1 
-1 -1 -1 -1 -1 -1 -1 -1 -1 -1 -1 -1 -1 -1 -1 
END
15 1
0 13
0 4
-1 -1 -1 -1 1 -1 -1 -1 -1 -1 -1 -1 -1 0 -1 
-1 -1 -1 -1 1 -1 -1 -1 -1 -1 -1 -1 -1 0 -1 
-1 -1 -1 -1 1 -1 -1 -1 -1 -1 -1 -1 -1 0 -1 
-1 -1 -1 -1 1 -1 -1 -1 -1 -1 -1 -1 -1 0 -1 
-1 -1 -1 -1 1 -1 -1 -1 -1 -1 -1 -1 -1 0 -1 
-1 -1 -1 -1 1 -1 -1 -1 -1 -1 -1 -1 -1 0 -1 
-1 -1 -1 -1 1 -1 -1 -1 -1 -1 -1 -1 -1 0 -1 
-1 -1 -1 -1 -1 -1 -1 -1 -1 -1 -1 -1 -1 -1 -1 
-1 -1 -1 -1 -1 -1 -1 -1 -1 -1 -1 -1 -1 -1 -1 
-1 -1 -1 -1 -1 -1 -1 -1 -1 -1 -1 -1 -1 -1 -1 
-1 -1 -1 -1 -1 -1 -1 -1 -1 -1 -1 -1 -1 -1 -1 
-1 -1 -1 -1 -1 -1 -1 -1 -1 -1 -1 -1 -1 -1 -1 
-1 -1 -1 -1 -1 -1 -1 -1 -1 -1 -1 -1 -1 -1 -1 
-1 -1 -1 -1 -1 -1 -1 -1 -1 -1 -1 -1 -1 -1 -1 
-1 -1 -1 -1 -1 -1 -1 -1 -1 -1 -1 -1 -1 -1 -1 
END
15 1
0 12
0 3
-1 -1 -1 1 1 -1 -1 -1 -1 -1 -1 -1 0 0 -1 
-1 -1 -1 -1 1 -1 -1 -1 -1 -1 -1 -1 -1 0 -1 
-1 -1 -1 -1 1 -1 -1 -1 -1 -1 -1 -1 -1 0 -1 
-1 -1 -1 -1 1 -1 -1 -1 -1 -1 -1 -1 -1 0 -1 
-1 -1 -1 -1 1 -1 -1 -1 -1 -1 -1 -1 -1 0 -1 
-1 -1 -1 -1 1 -1 -1 -1 -1 -1 -1 -1 -1 0 -1 
-1 -1 -1 -1 1 -1 -1 -1 -1 -1 -1 -1 -1 0 -1 
-1 -1 -1 -1 -1 -1 -1 -1 -1 -1 -1 -1 -1 -1 -1 
-1 -1 -1 -1 -1 -1 -1 -1 -1 -1 -1 -1 -1 -1 -1 
-1 -1 -1 -1 -1 -1 -1 -1 -1 -1 -1 -1 -1 -1 -1 
-1 -1 -1 -1 -1 -1 -1 -1 -1 -1 -1 -1 -1 -1 -1 
-1 -1 -1 -1 -1 -1 -1 -1 -1 -1 -1 -1 -1 -1 -1 
-1 -1 -1 -1 -1 -1 -1 -1 -1 -1 -1 -1 -1 -1 -1 
-1 -1 -1 -1 -1 -1 -1 -1 -1 -1 -1 -1 -1 -1 -1 
-1 -1 -1 -1 -1 -1 -1 -1 -1 -1 -1 -1 -1 -1 -1 
END
15 1
1 12
1 3
-1 -1 -1 1 1 -1 -1 -1 -1 -1 -1 -1 0 0 -1 
-1 -1 -1 1 1 -1 -1 -1 -1 -1 -1 -1 0 0 -1 
-1 -1 -1 -1 1 -1 -1 -1 -1 -1 -1 -1 -1 0 -1 
-1 -1 -1 -1 1 -1 -1 -1 -1 -1 -1 -1 -1 0 -1 
-1 -1 -1 -1 1 -1 -1 -1 -1 -1 -1 -1 -1 0 -1 
-1 -1 -1 -1 1 -1 -1 -1 -1 -1 -1 -1 -1 0 -1 
-1 -1 -1 -1 1 -1 -1 -1 -1 -1 -1 -1 -1 0 -1 
-1 -1 -1 -1 -1 -1 -1 -1 -1 -1 -1 -1 -1 -1 -1 
-1 -1 -1 -1 -1 -1 -1 -1 -1 -1 -1 -1 -1 -1 -1 
-1 -1 -1 -1 -1 -1 -1 -1 -1 -1 -1 -1 -1 -1 -1 
-1 -1 -1 -1 -1 -1 -1 -1 -1 -1 -1 -1 -1 -1 -1 
-1 -1 -1 -1 -1 -1 -1 -1 -1 -1 -1 -1 -1 -1 -1 
-1 -1 -1 -1 -1 -1 -1 -1 -1 -1 -1 -1 -1 -1 -1 
-1 -1 -1 -1 -1 -1 -1 -1 -1 -1 -1 -1 -1 -1 -1 
-1 -1 -1 -1 -1 -1 -1 -1 -1 -1 -1 -1 -1 -1 -1 
END
15 1
2 12
2 3
-1 -1 -1 1 1 -1 -1 -1 -1 -1 -1 -1 0 0 -1 
-1 -1 -1 1 1 -1 -1 -1 -1 -1 -1 -1 0 0 -1 
-1 -1 -1 1 1 -1 -1 -1 -1 -1 -1 -1 0 0 -1 
-1 -1 -1 -1 1 -1 -1 -1 -1 -1 -1 -1 -1 0 -1 
-1 -1 -1 -1 1 -1 -1 -1 -1 -1 -1 -1 -1 0 -1 
-1 -1 -1 -1 1 -1 -1 -1 -1 -1 -1 -1 -1 0 -1 
-1 -1 -1 -1 1 -1 -1 -1 -1 -1 -1 -1 -1 0 -1 
-1 -1 -1 -1 -1 -1 -1 -1 -1 -1 -1 -1 -1 -1 -1 
-1 -1 -1 -1 -1 -1 -1 -1 -1 -1 -1 -1 -1 -1 -1 
-1 -1 -1 -1 -1 -1 -1 -1 -1 -1 -1 -1 -1 -1 -1 
-1 -1 -1 -1 -1 -1 -1 -1 -1 -1 -1 -1 -1 -1 -1 
-1 -1 -1 -1 -1 -1 -1 -1 -1 -1 -1 -1 -1 -1 -1 
-1 -1 -1 -1 -1 -1 -1 -1 -1 -1 -1 -1 -1 -1 -1 
-1 -1 -1 -1 -1 -1 -1 -1 -1 -1 -1 -1 -1 -1 -1 
-1 -1 -1 -1 -1 -1 -1 -1 -1 -1 -1 -1 -1 -1 -1 
END
15 1
3 12
3 3
-1 -1 -1 1 1 -1 -1 -1 -1 -1 -1 -1 0 0 -1 
-1 -1 -1 1 1 -1 -1 -1 -1 -1 -1 -1 0 0 -1 
-1 -1 -1 1 1 -1 -1 -1 -1 -1 -1 -1 0 0 -1 
-1 -1 -1 1 1 -1 -1 -1 -1 -1 -1 -1 0 0 -1 
-1 -1 -1 -1 1 -1 -1 -1 -1 -1 -1 -1 -1 0 -1 
-1 -1 -1 -1 1 -1 -1 -1 -1 -1 -1 -1 -1 0 -1 
-1 -1 -1 -1 1 -1 -1 -1 -1 -1 -1 -1 -1 0 -1 
-1 -1 -1 -1 -1 -1 -1 -1 -1 -1 -1 -1 -1 -1 -1 
-1 -1 -1 -1 -1 -1 -1 -1 -1 -1 -1 -1 -1 -1 -1 
-1 -1 -1 -1 -1 -1 -1 -1 -1 -1 -1 -1 -1 -1 -1 
-1 -1 -1 -1 -1 -1 -1 -1 -1 -1 -1 -1 -1 -1 -1 
-1 -1 -1 -1 -1 -1 -1 -1 -1 -1 -1 -1 -1 -1 -1 
-1 -1 -1 -1 -1 -1 -1 -1 -1 -1 -1 -1 -1 -1 -1 
-1 -1 -1 -1 -1 -1 -1 -1 -1 -1 -1 -1 -1 -1 -1 
-1 -1 -1 -1 -1 -1 -1 -1 -1 -1 -1 -1 -1 -1 -1 
END
15 1
4 12
4 3
-1 -1 -1 1 1 -1 -1 -1 -1 -1 -1 -1 0 0 -1 
-1 -1 -1 1 1 -1 -1 -1 -1 -1 -1 -1 0 0 -1 
-1 -1 -1 1 1 -1 -1 -1 -1 -1 -1 -1 0 0 -1 
-1 -1 -1 1 1 -1 -1 -1 -1 -1 -1 -1 0 0 -1 
-1 -1 -1 1 1 -1 -1 -1 -1 -1 -1 -1 0 0 -1 
-1 -1 -1 -1 1 -1 -1 -1 -1 -1 -1 -1 -1 0 -1 
-1 -1 -1 -1 1 -1 -1 -1 -1 -1 -1 -1 -1 0 -1 
-1 -1 -1 -1 -1 -1 -1 -1 -1 -1 -1 -1 -1 -1 -1 
-1 -1 -1 -1 -1 -1 -1 -1 -1 -1 -1 -1 -1 -1 -1 
-1 -1 -1 -1 -1 -1 -1 -1 -1 -1 -1 -1 -1 -1 -1 
-1 -1 -1 -1 -1 -1 -1 -1 -1 -1 -1 -1 -1 -1 -1 
-1 -1 -1 -1 -1 -1 -1 -1 -1 -1 -1 -1 -1 -1 -1 
-1 -1 -1 -1 -1 -1 -1 -1 -1 -1 -1 -1 -1 -1 -1 
-1 -1 -1 -1 -1 -1 -1 -1 -1 -1 -1 -1 -1 -1 -1 
-1 -1 -1 -1 -1 -1 -1 -1 -1 -1 -1 -1 -1 -1 -1 
END
15 1
5 12
5 3
-1 -1 -1 1 1 -1 -1 -1 -1 -1 -1 -1 0 0 -1 
-1 -1 -1 1 1 -1 -1 -1 -1 -1 -1 -1 0 0 -1 
-1 -1 -1 1 1 -1 -1 -1 -1 -1 -1 -1 0 0 -1 
-1 -1 -1 1 1 -1 -1 -1 -1 -1 -1 -1 0 0 -1 
-1 -1 -1 1 1 -1 -1 -1 -1 -1 -1 -1 0 0 -1 
-1 -1 -1 1 1 -1 -1 -1 -1 -1 -1 -1 0 0 -1 
-1 -1 -1 -1 1 -1 -1 -1 -1 -1 -1 -1 -1 0 -1 
-1 -1 -1 -1 -1 -1 -1 -1 -1 -1 -1 -1 -1 -1 -1 
-1 -1 -1 -1 -1 -1 -1 -1 -1 -1 -1 -1 -1 -1 -1 
-1 -1 -1 -1 -1 -1 -1 -1 -1 -1 -1 -1 -1 -1 -1 
-1 -1 -1 -1 -1 -1 -1 -1 -1 -1 -1 -1 -1 -1 -1 
-1 -1 -1 -1 -1 -1 -1 -1 -1 -1 -1 -1 -1 -1 -1 
-1 -1 -1 -1 -1 -1 -1 -1 -1 -1 -1 -1 -1 -1 -1 
-1 -1 -1 -1 -1 -1 -1 -1 -1 -1 -1 -1 -1 -1 -1 
-1 -1 -1 -1 -1 -1 -1 -1 -1 -1 -1 -1 -1 -1 -1 
END
15 1
6 12
6 3
-1 -1 -1 1 1 -1 -1 -1 -1 -1 -1 -1 0 0 -1 
-1 -1 -1 1 1 -1 -1 -1 -1 -1 -1 -1 0 0 -1 
-1 -1 -1 1 1 -1 -1 -1 -1 -1 -1 -1 0 0 -1 
-1 -1 -1 1 1 -1 -1 -1 -1 -1 -1 -1 0 0 -1 
-1 -1 -1 1 1 -1 -1 -1 -1 -1 -1 -1 0 0 -1 
-1 -1 -1 1 1 -1 -1 -1 -1 -1 -1 -1 0 0 -1 
-1 -1 -1 1 1 -1 -1 -1 -1 -1 -1 -1 0 0 -1 
-1 -1 -1 -1 -1 -1 -1 -1 -1 -1 -1 -1 -1 -1 -1 
-1 -1 -1 -1 -1 -1 -1 -1 -1 -1 -1 -1 -1 -1 -1 
-1 -1 -1 -1 -1 -1 -1 -1 -1 -1 -1 -1 -1 -1 -1 
-1 -1 -1 -1 -1 -1 -1 -1 -1 -1 -1 -1 -1 -1 -1 
-1 -1 -1 -1 -1 -1 -1 -1 -1 -1 -1 -1 -1 -1 -1 
-1 -1 -1 -1 -1 -1 -1 -1 -1 -1 -1 -1 -1 -1 -1 
-1 -1 -1 -1 -1 -1 -1 -1 -1 -1 -1 -1 -1 -1 -1 
-1 -1 -1 -1 -1 -1 -1 -1 -1 -1 -1 -1 -1 -1 -1 
END
15 1
7 12
7 3
-1 -1 -1 1 1 -1 -1 -1 -1 -1 -1 -1 0 0 -1 
-1 -1 -1 1 1 -1 -1 -1 -1 -1 -1 -1 0 0 -1 
-1 -1 -1 1 1 -1 -1 -1 -1 -1 -1 -1 0 0 -1 
-1 -1 -1 1 1 -1 -1 -1 -1 -1 -1 -1 0 0 -1 
-1 -1 -1 1 1 -1 -1 -1 -1 -1 -1 -1 0 0 -1 
-1 -1 -1 1 1 -1 -1 -1 -1 -1 -1 -1 0 0 -1 
-1 -1 -1 1 1 -1 -1 -1 -1 -1 -1 -1 0 0 -1 
-1 -1 -1 1 -1 -1 -1 -1 -1 -1 -1 -1 0 -1 -1 
-1 -1 -1 -1 -1 -1 -1 -1 -1 -1 -1 -1 -1 -1 -1 
-1 -1 -1 -1 -1 -1 -1 -1 -1 -1 -1 -1 -1 -1 -1 
-1 -1 -1 -1 -1 -1 -1 -1 -1 -1 -1 -1 -1 -1 -1 
-1 -1 -1 -1 -1 -1 -1 -1 -1 -1 -1 -1 -1 -1 -1 
-1 -1 -1 -1 -1 -1 -1 -1 -1 -1 -1 -1 -1 -1 -1 
-1 -1 -1 -1 -1 -1 -1 -1 -1 -1 -1 -1 -1 -1 -1 
-1 -1 -1 -1 -1 -1 -1 -1 -1 -1 -1 -1 -1 -1 -1 
END
15 1
8 12
8 3
-1 -1 -1 1 1 -1 -1 -1 -1 -1 -1 -1 0 0 -1 
-1 -1 -1 1 1 -1 -1 -1 -1 -1 -1 -1 0 0 -1 
-1 -1 -1 1 1 -1 -1 -1 -1 -1 -1 -1 0 0 -1 
-1 -1 -1 1 1 -1 -1 -1 -1 -1 -1 -1 0 0 -1 
-1 -1 -1 1 1 -1 -1 -1 -1 -1 -1 -1 0 0 -1 
-1 -1 -1 1 1 -1 -1 -1 -1 -1 -1 -1 0 0 -1 
-1 -1 -1 1 1 -1 -1 -1 -1 -1 -1 -1 0 0 -1 
-1 -1 -1 1 -1 -1 -1 -1 -1 -1 -1 -1 0 -1 -1 
-1 -1 -1 1 -1 -1 -1 -1 -1 -1 -1 -1 0 -1 -1 
-1 -1 -1 -1 -1 -1 -1 -1 -1 -1 -1 -1 -1 -1 -1 
-1 -1 -1 -1 -1 -1 -1 -1 -1 -1 -1 -1 -1 -1 -1 
-1 -1 -1 -1 -1 -1 -1 -1 -1 -1 -1 -1 -1 -1 -1 
-1 -1 -1 -1 -1 -1 -1 -1 -1 -1 -1 -1 -1 -1 -1 
-1 -1 -1 -1 -1 -1 -1 -1 -1 -1 -1 -1 -1 -1 -1 
-1 -1 -1 -1 -1 -1 -1 -1 -1 -1 -1 -1 -1 -1 -1 
END
15 1
9 12
9 3
-1 -1 -1 1 1 -1 -1 -1 -1 -1 -1 -1 0 0 -1 
-1 -1 -1 1 1 -1 -1 -1 -1 -1 -1 -1 0 0 -1 
-1 -1 -1 1 1 -1 -1 -1 -1 -1 -1 -1 0 0 -1 
-1 -1 -1 1 1 -1 -1 -1 -1 -1 -1 -1 0 0 -1 
-1 -1 -1 1 1 -1 -1 -1 -1 -1 -1 -1 0 0 -1 
-1 -1 -1 1 1 -1 -1 -1 -1 -1 -1 -1 0 0 -1 
-1 -1 -1 1 1 -1 -1 -1 -1 -1 -1 -1 0 0 -1 
-1 -1 -1 1 -1 -1 -1 -1 -1 -1 -1 -1 0 -1 -1 
-1 -1 -1 1 -1 -1 -1 -1 -1 -1 -1 -1 0 -1 -1 
-1 -1 -1 1 -1 -1 -1 -1 -1 -1 -1 -1 0 -1 -1 
-1 -1 -1 -1 -1 -1 -1 -1 -1 -1 -1 -1 -1 -1 -1 
-1 -1 -1 -1 -1 -1 -1 -1 -1 -1 -1 -1 -1 -1 -1 
-1 -1 -1 -1 -1 -1 -1 -1 -1 -1 -1 -1 -1 -1 -1 
-1 -1 -1 -1 -1 -1 -1 -1 -1 -1 -1 -1 -1 -1 -1 
-1 -1 -1 -1 -1 -1 -1 -1 -1 -1 -1 -1 -1 -1 -1 
END
15 1
10 12
10 3
-1 -1 -1 1 1 -1 -1 -1 -1 -1 -1 -1 0 0 -1 
-1 -1 -1 1 1 -1 -1 -1 -1 -1 -1 -1 0 0 -1 
-1 -1 -1 1 1 -1 -1 -1 -1 -1 -1 -1 0 0 -1 
-1 -1 -1 1 1 -1 -1 -1 -1 -1 -1 -1 0 0 -1 
-1 -1 -1 1 1 -1 -1 -1 -1 -1 -1 -1 0 0 -1 
-1 -1 -1 1 1 -1 -1 -1 -1 -1 -1 -1 0 0 -1 
-1 -1 -1 1 1 -1 -1 -1 -1 -1 -1 -1 0 0 -1 
-1 -1 -1 1 -1 -1 -1 -1 -1 -1 -1 -1 0 -1 -1 
-1 -1 -1 1 -1 -1 -1 -1 -1 -1 -1 -1 0 -1 -1 
-1 -1 -1 1 -1 -1 -1 -1 -1 -1 -1 -1 0 -1 -1 
-1 -1 -1 1 -1 -1 -1 -1 -1 -1 -1 -1 0 -1 -1 
-1 -1 -1 -1 -1 -1 -1 -1 -1 -1 -1 -1 -1 -1 -1 
-1 -1 -1 -1 -1 -1 -1 -1 -1 -1 -1 -1 -1 -1 -1 
-1 -1 -1 -1 -1 -1 -1 -1 -1 -1 -1 -1 -1 -1 -1 
-1 -1 -1 -1 -1 -1 -1 -1 -1 -1 -1 -1 -1 -1 -1 
END
15 1
11 12
11 3
-1 -1 -1 1 1 -1 -1 -1 -1 -1 -1 -1 0 0 -1 
-1 -1 -1 1 1 -1 -1 -1 -1 -1 -1 -1 0 0 -1 
-1 -1 -1 1 1 -1 -1 -1 -1 -1 -1 -1 0 0 -1 
-1 -1 -1 1 1 -1 -1 -1 -1 -1 -1 -1 0 0 -1 
-1 -1 -1 1 1 -1 -1 -1 -1 -1 -1 -1 0 0 -1 
-1 -1 -1 1 1 -1 -1 -1 -1 -1 -1 -1 0 0 -1 
-1 -1 -1 1 1 -1 -1 -1 -1 -1 -1 -1 0 0 -1 
-1 -1 -1 1 -1 -1 -1 -1 -1 -1 -1 -1 0 -1 -1 
-1 -1 -1 1 -1 -1 -1 -1 -1 -1 -1 -1 0 -1 -1 
-1 -1 -1 1 -1 -1 -1 -1 -1 -1 -1 -1 0 -1 -1 
-1 -1 -1 1 -1 -1 -1 -1 -1 -1 -1 -1 0 -1 -1 
-1 -1 -1 1 -1 -1 -1 -1 -1 -1 -1 -1 0 -1 -1 
-1 -1 -1 -1 -1 -1 -1 -1 -1 -1 -1 -1 -1 -1 -1 
-1 -1 -1 -1 -1 -1 -1 -1 -1 -1 -1 -1 -1 -1 -1 
-1 -1 -1 -1 -1 -1 -1 -1 -1 -1 -1 -1 -1 -1 -1 
END
15 1
12 12
12 3
-1 -1 -1 1 1 -1 -1 -1 -1 -1 -1 -1 0 0 -1 
-1 -1 -1 1 1 -1 -1 -1 -1 -1 -1 -1 0 0 -1 
-1 -1 -1 1 1 -1 -1 -1 -1 -1 -1 -1 0 0 -1 
-1 -1 -1 1 1 -1 -1 -1 -1 -1 -1 -1 0 0 -1 
-1 -1 -1 1 1 -1 -1 -1 -1 -1 -1 -1 0 0 -1 
-1 -1 -1 1 1 -1 -1 -1 -1 -1 -1 -1 0 0 -1 
-1 -1 -1 1 1 -1 -1 -1 -1 -1 -1 -1 0 0 -1 
-1 -1 -1 1 -1 -1 -1 -1 -1 -1 -1 -1 0 -1 -1 
-1 -1 -1 1 -1 -1 -1 -1 -1 -1 -1 -1 0 -1 -1 
-1 -1 -1 1 -1 -1 -1 -1 -1 -1 -1 -1 0 -1 -1 
-1 -1 -1 1 -1 -1 -1 -1 -1 -1 -1 -1 0 -1 -1 
-1 -1 -1 1 -1 -1 -1 -1 -1 -1 -1 -1 0 -1 -1 
-1 -1 -1 1 -1 -1 -1 -1 -1 -1 -1 -1 0 -1 -1 
-1 -1 -1 -1 -1 -1 -1 -1 -1 -1 -1 -1 -1 -1 -1 
-1 -1 -1 -1 -1 -1 -1 -1 -1 -1 -1 -1 -1 -1 -1 
END
15 1
13 12
13 3
-1 -1 -1 1 1 -1 -1 -1 -1 -1 -1 -1 0 0 -1 
-1 -1 -1 1 1 -1 -1 -1 -1 -1 -1 -1 0 0 -1 
-1 -1 -1 1 1 -1 -1 -1 -1 -1 -1 -1 0 0 -1 
-1 -1 -1 1 1 -1 -1 -1 -1 -1 -1 -1 0 0 -1 
-1 -1 -1 1 1 -1 -1 -1 -1 -1 -1 -1 0 0 -1 
-1 -1 -1 1 1 -1 -1 -1 -1 -1 -1 -1 0 0 -1 
-1 -1 -1 1 1 -1 -1 -1 -1 -1 -1 -1 0 0 -1 
-1 -1 -1 1 -1 -1 -1 -1 -1 -1 -1 -1 0 -1 -1 
-1 -1 -1 1 -1 -1 -1 -1 -1 -1 -1 -1 0 -1 -1 
-1 -1 -1 1 -1 -1 -1 -1 -1 -1 -1 -1 0 -1 -1 
-1 -1 -1 1 -1 -1 -1 -1 -1 -1 -1 -1 0 -1 -1 
-1 -1 -1 1 -1 -1 -1 -1 -1 -1 -1 -1 0 -1 -1 
-1 -1 -1 1 -1 -1 -1 -1 -1 -1 -1 -1 0 -1 -1 
-1 -1 -1 1 -1 -1 -1 -1 -1 -1 -1 -1 0 -1 -1 
-1 -1 -1 -1 -1 -1 -1 -1 -1 -1 -1 -1 -1 -1 -1 
END
15 1
14 12
14 3
-1 -1 -1 1 1 -1 -1 -1 -1 -1 -1 -1 0 0 -1 
-1 -1 -1 1 1 -1 -1 -1 -1 -1 -1 -1 0 0 -1 
-1 -1 -1 1 1 -1 -1 -1 -1 -1 -1 -1 0 0 -1 
-1 -1 -1 1 1 -1 -1 -1 -1 -1 -1 -1 0 0 -1 
-1 -1 -1 1 1 -1 -1 -1 -1 -1 -1 -1 0 0 -1 
-1 -1 -1 1 1 -1 -1 -1 -1 -1 -1 -1 0 0 -1 
-1 -1 -1 1 1 -1 -1 -1 -1 -1 -1 -1 0 0 -1 
-1 -1 -1 1 -1 -1 -1 -1 -1 -1 -1 -1 0 -1 -1 
-1 -1 -1 1 -1 -1 -1 -1 -1 -1 -1 -1 0 -1 -1 
-1 -1 -1 1 -1 -1 -1 -1 -1 -1 -1 -1 0 -1 -1 
-1 -1 -1 1 -1 -1 -1 -1 -1 -1 -1 -1 0 -1 -1 
-1 -1 -1 1 -1 -1 -1 -1 -1 -1 -1 -1 0 -1 -1 
-1 -1 -1 1 -1 -1 -1 -1 -1 -1 -1 -1 0 -1 -1 
-1 -1 -1 1 -1 -1 -1 -1 -1 -1 -1 -1 0 -1 -1 
-1 -1 -1 1 -1 -1 -1 -1 -1 -1 -1 -1 0 -1 -1 
END
15 1
14 11
14 2
-1 -1 -1 1 1 -1 -1 -1 -1 -1 -1 -1 0 0 -1 
-1 -1 -1 1 1 -1 -1 -1 -1 -1 -1 -1 0 0 -1 
-1 -1 -1 1 1 -1 -1 -1 -1 -1 -1 -1 0 0 -1 
-1 -1 -1 1 1 -1 -1 -1 -1 -1 -1 -1 0 0 -1 
-1 -1 -1 1 1 -1 -1 -1 -1 -1 -1 -1 0 0 -1 
-1 -1 -1 1 1 -1 -1 -1 -1 -1 -1 -1 0 0 -1 
-1 -1 -1 1 1 -1 -1 -1 -1 -1 -1 -1 0 0 -1 
-1 -1 -1 1 -1 -1 -1 -1 -1 -1 -1 -1 0 -1 -1 
-1 -1 -1 1 -1 -1 -1 -1 -1 -1 -1 -1 0 -1 -1 
-1 -1 -1 1 -1 -1 -1 -1 -1 -1 -1 -1 0 -1 -1 
-1 -1 -1 1 -1 -1 -1 -1 -1 -1 -1 -1 0 -1 -1 
-1 -1 -1 1 -1 -1 -1 -1 -1 -1 -1 -1 0 -1 -1 
-1 -1 -1 1 -1 -1 -1 -1 -1 -1 -1 -1 0 -1 -1 
-1 -1 -1 1 -1 -1 -1 -1 -1 -1 -1 -1 0 -1 -1 
-1 -1 1 1 -1 -1 -1 -1 -1 -1 -1 0 0 -1 -1 
END
15 1
13 11
13 2
-1 -1 -1 1 1 -1 -1 -1 -1 -1 -1 -1 0 0 -1 
-1 -1 -1 1 1 -1 -1 -1 -1 -1 -1 -1 0 0 -1 
-1 -1 -1 1 1 -1 -1 -1 -1 -1 -1 -1 0 0 -1 
-1 -1 -1 1 1 -1 -1 -1 -1 -1 -1 -1 0 0 -1 
-1 -1 -1 1 1 -1 -1 -1 -1 -1 -1 -1 0 0 -1 
-1 -1 -1 1 1 -1 -1 -1 -1 -1 -1 -1 0 0 -1 
-1 -1 -1 1 1 -1 -1 -1 -1 -1 -1 -1 0 0 -1 
-1 -1 -1 1 -1 -1 -1 -1 -1 -1 -1 -1 0 -1 -1 
-1 -1 -1 1 -1 -1 -1 -1 -1 -1 -1 -1 0 -1 -1 
-1 -1 -1 1 -1 -1 -1 -1 -1 -1 -1 -1 0 -1 -1 
-1 -1 -1 1 -1 -1 -1 -1 -1 -1 -1 -1 0 -1 -1 
-1 -1 -1 1 -1 -1 -1 -1 -1 -1 -1 -1 0 -1 -1 
-1 -1 -1 1 -1 -1 -1 -1 -1 -1 -1 -1 0 -1 -1 
-1 -1 1 1 -1 -1 -1 -1 -1 -1 -1 0 0 -1 -1 
-1 -1 1 1 -1 -1 -1 -1 -1 -1 -1 0 0 -1 -1 
END
15 1
12 11
12 2
-1 -1 -1 1 1 -1 -1 -1 -1 -1 -1 -1 0 0 -1 
-1 -1 -1 1 1 -1 -1 -1 -1 -1 -1 -1 0 0 -1 
-1 -1 -1 1 1 -1 -1 -1 -1 -1 -1 -1 0 0 -1 
-1 -1 -1 1 1 -1 -1 -1 -1 -1 -1 -1 0 0 -1 
-1 -1 -1 1 1 -1 -1 -1 -1 -1 -1 -1 0 0 -1 
-1 -1 -1 1 1 -1 -1 -1 -1 -1 -1 -1 0 0 -1 
-1 -1 -1 1 1 -1 -1 -1 -1 -1 -1 -1 0 0 -1 
-1 -1 -1 1 -1 -1 -1 -1 -1 -1 -1 -1 0 -1 -1 
-1 -1 -1 1 -1 -1 -1 -1 -1 -1 -1 -1 0 -1 -1 
-1 -1 -1 1 -1 -1 -1 -1 -1 -1 -1 -1 0 -1 -1 
-1 -1 -1 1 -1 -1 -1 -1 -1 -1 -1 -1 0 -1 -1 
-1 -1 -1 1 -1 -1 -1 -1 -1 -1 -1 -1 0 -1 -1 
-1 -1 1 1 -1 -1 -1 -1 -1 -1 -1 0 0 -1 -1 
-1 -1 1 1 -1 -1 -1 -1 -1 -1 -1 0 0 -1 -1 
-1 -1 1 1 -1 -1 -1 -1 -1 -1 -1 0 0 -1 -1 
END
15 1
11 11
11 2
-1 -1 -1 1 1 -1 -1 -1 -1 -1 -1 -1 0 0 -1 
-1 -1 -1 1 1 -1 -1 -1 -1 -1 -1 -1 0 0 -1 
-1 -1 -1 1 1 -1 -1 -1 -1 -1 -1 -1 0 0 -1 
-1 -1 -1 1 1 -1 -1 -1 -1 -1 -1 -1 0 0 -1 
-1 -1 -1 1 1 -1 -1 -1 -1 -1 -1 -1 0 0 -1 
-1 -1 -1 1 1 -1 -1 -1 -1 -1 -1 -1 0 0 -1 
-1 -1 -1 1 1 -1 -1 -1 -1 -1 -1 -1 0 0 -1 
-1 -1 -1 1 -1 -1 -1 -1 -1 -1 -1 -1 0 -1 -1 
-1 -1 -1 1 -1 -1 -1 -1 -1 -1 -1 -1 0 -1 -1 
-1 -1 -1 1 -1 -1 -1 -1 -1 -1 -1 -1 0 -1 -1 
-1 -1 -1 1 -1 -1 -1 -1 -1 -1 -1 -1 0 -1 -1 
-1 -1 1 1 -1 -1 -1 -1 -1 -1 -1 0 0 -1 -1 
-1 -1 1 1 -1 -1 -1 -1 -1 -1 -1 0 0 -1 -1 
-1 -1 1 1 -1 -1 -1 -1 -1 -1 -1 0 0 -1 -1 
-1 -1 1 1 -1 -1 -1 -1 -1 -1 -1 0 0 -1 -1 
END
15 1
10 11
10 2
-1 -1 -1 1 1 -1 -1 -1 -1 -1 -1 -1 0 0 -1 
-1 -1 -1 1 1 -1 -1 -1 -1 -1 -1 -1 0 0 -1 
-1 -1 -1 1 1 -1 -1 -1 -1 -1 -1 -1 0 0 -1 
-1 -1 -1 1 1 -1 -1 -1 -1 -1 -1 -1 0 0 -1 
-1 -1 -1 1 1 -1 -1 -1 -1 -1 -1 -1 0 0 -1 
-1 -1 -1 1 1 -1 -1 -1 -1 -1 -1 -1 0 0 -1 
-1 -1 -1 1 1 -1 -1 -1 -1 -1 -1 -1 0 0 -1 
-1 -1 -1 1 -1 -1 -1 -1 -1 -1 -1 -1 0 -1 -1 
-1 -1 -1 1 -1 -1 -1 -1 -1 -1 -1 -1 0 -1 -1 
-1 -1 -1 1 -1 -1 -1 -1 -1 -1 -1 -1 0 -1 -1 
-1 -1 1 1 -1 -1 -1 -1 -1 -1 -1 0 0 -1 -1 
-1 -1 1 1 -1 -1 -1 -1 -1 -1 -1 0 0 -1 -1 
-1 -1 1 1 -1 -1 -1 -1 -1 -1 -1 0 0 -1 -1 
-1 -1 1 1 -1 -1 -1 -1 -1 -1 -1 0 0 -1 -1 
-1 -1 1 1 -1 -1 -1 -1 -1 -1 -1 0 0 -1 -1 
END
15 1
9 11
9 2
-1 -1 -1 1 1 -1 -1 -1 -1 -1 -1 -1 0 0 -1 
-1 -1 -1 1 1 -1 -1 -1 -1 -1 -1 -1 0 0 -1 
-1 -1 -1 1 1 -1 -1 -1 -1 -1 -1 -1 0 0 -1 
-1 -1 -1 1 1 -1 -1 -1 -1 -1 -1 -1 0 0 -1 
-1 -1 -1 1 1 -1 -1 -1 -1 -1 -1 -1 0 0 -1 
-1 -1 -1 1 1 -1 -1 -1 -1 -1 -1 -1 0 0 -1 
-1 -1 -1 1 1 -1 -1 -1 -1 -1 -1 -1 0 0 -1 
-1 -1 -1 1 -1 -1 -1 -1 -1 -1 -1 -1 0 -1 -1 
-1 -1 -1 1 -1 -1 -1 -1 -1 -1 -1 -1 0 -1 -1 
-1 -1 1 1 -1 -1 -1 -1 -1 -1 -1 0 0 -1 -1 
-1 -1 1 1 -1 -1 -1 -1 -1 -1 -1 0 0 -1 -1 
-1 -1 1 1 -1 -1 -1 -1 -1 -1 -1 0 0 -1 -1 
-1 -1 1 1 -1 -1 -1 -1 -1 -1 -1 0 0 -1 -1 
-1 -1 1 1 -1 -1 -1 -1 -1 -1 -1 0 0 -1 -1 
-1 -1 1 1 -1 -1 -1 -1 -1 -1 -1 0 0 -1 -1 
END
15 1
8 11
8 2
-1 -1 -1 1 1 -1 -1 -1 -1 -1 -1 -1 0 0 -1 
-1 -1 -1 1 1 -1 -1 -1 -1 -1 -1 -1 0 0 -1 
-1 -1 -1 1 1 -1 -1 -1 -1 -1 -1 -1 0 0 -1 
-1 -1 -1 1 1 -1 -1 -1 -1 -1 -1 -1 0 0 -1 
-1 -1 -1 1 1 -1 -1 -1 -1 -1 -1 -1 0 0 -1 
-1 -1 -1 1 1 -1 -1 -1 -1 -1 -1 -1 0 0 -1 
-1 -1 -1 1 1 -1 -1 -1 -1 -1 -1 -1 0 0 -1 
-1 -1 -1 1 -1 -1 -1 -1 -1 -1 -1 -1 0 -1 -1 
-1 -1 1 1 -1 -1 -1 -1 -1 -1 -1 0 0 -1 -1 
-1 -1 1 1 -1 -1 -1 -1 -1 -1 -1 0 0 -1 -1 
-1 -1 1 1 -1 -1 -1 -1 -1 -1 -1 0 0 -1 -1 
-1 -1 1 1 -1 -1 -1 -1 -1 -1 -1 0 0 -1 -1 
-1 -1 1 1 -1 -1 -1 -1 -1 -1 -1 0 0 -1 -1 
-1 -1 1 1 -1 -1 -1 -1 -1 -1 -1 0 0 -1 -1 
-1 -1 1 1 -1 -1 -1 -1 -1 -1 -1 0 0 -1 -1 
END
15 1
7 11
7 2
-1 -1 -1 1 1 -1 -1 -1 -1 -1 -1 -1 0 0 -1 
-1 -1 -1 1 1 -1 -1 -1 -1 -1 -1 -1 0 0 -1 
-1 -1 -1 1 1 -1 -1 -1 -1 -1 -1 -1 0 0 -1 
-1 -1 -1 1 1 -1 -1 -1 -1 -1 -1 -1 0 0 -1 
-1 -1 -1 1 1 -1 -1 -1 -1 -1 -1 -1 0 0 -1 
-1 -1 -1 1 1 -1 -1 -1 -1 -1 -1 -1 0 0 -1 
-1 -1 -1 1 1 -1 -1 -1 -1 -1 -1 -1 0 0 -1 
-1 -1 1 1 -1 -1 -1 -1 -1 -1 -1 0 0 -1 -1 
-1 -1 1 1 -1 -1 -1 -1 -1 -1 -1 0 0 -1 -1 
-1 -1 1 1 -1 -1 -1 -1 -1 -1 -1 0 0 -1 -1 
-1 -1 1 1 -1 -1 -1 -1 -1 -1 -1 0 0 -1 -1 
-1 -1 1 1 -1 -1 -1 -1 -1 -1 -1 0 0 -1 -1 
-1 -1 1 1 -1 -1 -1 -1 -1 -1 -1 0 0 -1 -1 
-1 -1 1 1 -1 -1 -1 -1 -1 -1 -1 0 0 -1 -1 
-1 -1 1 1 -1 -1 -1 -1 -1 -1 -1 0 0 -1 -1 
END
15 1
6 11
6 2
-1 -1 -1 1 1 -1 -1 -1 -1 -1 -1 -1 0 0 -1 
-1 -1 -1 1 1 -1 -1 -1 -1 -1 -1 -1 0 0 -1 
-1 -1 -1 1 1 -1 -1 -1 -1 -1 -1 -1 0 0 -1 
-1 -1 -1 1 1 -1 -1 -1 -1 -1 -1 -1 0 0 -1 
-1 -1 -1 1 1 -1 -1 -1 -1 -1 -1 -1 0 0 -1 
-1 -1 -1 1 1 -1 -1 -1 -1 -1 -1 -1 0 0 -1 
-1 -1 1 1 1 -1 -1 -1 -1 -1 -1 0 0 0 -1 
-1 -1 1 1 -1 -1 -1 -1 -1 -1 -1 0 0 -1 -1 
-1 -1 1 1 -1 -1 -1 -1 -1 -1 -1 0 0 -1 -1 
-1 -1 1 1 -1 -1 -1 -1 -1 -1 -1 0 0 -1 -1 
-1 -1 1 1 -1 -1 -1 -1 -1 -1 -1 0 0 -1 -1 
-1 -1 1 1 -1 -1 -1 -1 -1 -1 -1 0 0 -1 -1 
-1 -1 1 1 -1 -1 -1 -1 -1 -1 -1 0 0 -1 -1 
-1 -1 1 1 -1 -1 -1 -1 -1 -1 -1 0 0 -1 -1 
-1 -1 1 1 -1 -1 -1 -1 -1 -1 -1 0 0 -1 -1 
END
15 1
5 11
5 2
-1 -1 -1 1 1 -1 -1 -1 -1 -1 -1 -1 0 0 -1 
-1 -1 -1 1 1 -1 -1 -1 -1 -1 -1 -1 0 0 -1 
-1 -1 -1 1 1 -1 -1 -1 -1 -1 -1 -1 0 0 -1 
-1 -1 -1 1 1 -1 -1 -1 -1 -1 -1 -1 0 0 -1 
-1 -1 -1 1 1 -1 -1 -1 -1 -1 -1 -1 0 0 -1 
-1 -1 1 1 1 -1 -1 -1 -1 -1 -1 0 0 0 -1 
-1 -1 1 1 1 -1 -1 -1 -1 -1 -1 0 0 0 -1 
-1 -1 1 1 -1 -1 -1 -1 -1 -1 -1 0 0 -1 -1 
-1 -1 1 1 -1 -1 -1 -1 -1 -1 -1 0 0 -1 -1 
-1 -1 1 1 -1 -1 -1 -1 -1 -1 -1 0 0 -1 -1 
-1 -1 1 1 -1 -1 -1 -1 -1 -1 -1 0 0 -1 -1 
-1 -1 1 1 -1 -1 -1 -1 -1 -1 -1 0 0 -1 -1 
-1 -1 1 1 -1 -1 -1 -1 -1 -1 -1 0 0 -1 -1 
-1 -1 1 1 -1 -1 -1 -1 -1 -1 -1 0 0 -1 -1 
-1 -1 1 1 -1 -1 -1 -1 -1 -1 -1 0 0 -1 -1 
END
15 1
4 11
4 2
-1 -1 -1 1 1 -1 -1 -1 -1 -1 -1 -1 0 0 -1 
-1 -1 -1 1 1 -1 -1 -1 -1 -1 -1 -1 0 0 -1 
-1 -1 -1 1 1 -1 -1 -1 -1 -1 -1 -1 0 0 -1 
-1 -1 -1 1 1 -1 -1 -1 -1 -1 -1 -1 0 0 -1 
-1 -1 1 1 1 -1 -1 -1 -1 -1 -1 0 0 0 -1 
-1 -1 1 1 1 -1 -1 -1 -1 -1 -1 0 0 0 -1 
-1 -1 1 1 1 -1 -1 -1 -1 -1 -1 0 0 0 -1 
-1 -1 1 1 -1 -1 -1 -1 -1 -1 -1 0 0 -1 -1 
-1 -1 1 1 -1 -1 -1 -1 -1 -1 -1 0 0 -1 -1 
-1 -1 1 1 -1 -1 -1 -1 -1 -1 -1 0 0 -1 -1 
-1 -1 1 1 -1 -1 -1 -1 -1 -1 -1 0 0 -1 -1 
-1 -1 1 1 -1 -1 -1 -1 -1 -1 -1 0 0 -1 -1 
-1 -1 1 1 -1 -1 -1 -1 -1 -1 -1 0 0 -1 -1 
-1 -1 1 1 -1 -1 -1 -1 -1 -1 -1 0 0 -1 -1 
-1 -1 1 1 -1 -1 -1 -1 -1 -1 -1 0 0 -1 -1 
END
15 1
3 11
3 2
-1 -1 -1 1 1 -1 -1 -1 -1 -1 -1 -1 0 0 -1 
-1 -1 -1 1 1 -1 -1 -1 -1 -1 -1 -1 0 0 -1 
-1 -1 -1 1 1 -1 -1 -1 -1 -1 -1 -1 0 0 -1 
-1 -1 1 1 1 -1 -1 -1 -1 -1 -1 0 0 0 -1 
-1 -1 1 1 1 -1 -1 -1 -1 -1 -1 0 0 0 -1 
-1 -1 1 1 1 -1 -1 -1 -1 -1 -1 0 0 0 -1 
-1 -1 1 1 1 -1 -1 -1 -1 -1 -1 0 0 0 -1 
-1 -1 1 1 -1 -1 -1 -1 -1 -1 -1 0 0 -1 -1 
-1 -1 1 1 -1 -1 -1 -1 -1 -1 -1 0 0 -1 -1 
-1 -1 1 1 -1 -1 -1 -1 -1 -1 -1 0 0 -1 -1 
-1 -1 1 1 -1 -1 -1 -1 -1 -1 -1 0 0 -1 -1 
-1 -1 1 1 -1 -1 -1 -1 -1 -1 -1 0 0 -1 -1 
-1 -1 1 1 -1 -1 -1 -1 -1 -1 -1 0 0 -1 -1 
-1 -1 1 1 -1 -1 -1 -1 -1 -1 -1 0 0 -1 -1 
-1 -1 1 1 -1 -1 -1 -1 -1 -1 -1 0 0 -1 -1 
END
15 1
2 11
2 2
-1 -1 -1 1 1 -1 -1 -1 -1 -1 -1 -1 0 0 -1 
-1 -1 -1 1 1 -1 -1 -1 -1 -1 -1 -1 0 0 -1 
-1 -1 1 1 1 -1 -1 -1 -1 -1 -1 0 0 0 -1 
-1 -1 1 1 1 -1 -1 -1 -1 -1 -1 0 0 0 -1 
-1 -1 1 1 1 -1 -1 -1 -1 -1 -1 0 0 0 -1 
-1 -1 1 1 1 -1 -1 -1 -1 -1 -1 0 0 0 -1 
-1 -1 1 1 1 -1 -1 -1 -1 -1 -1 0 0 0 -1 
-1 -1 1 1 -1 -1 -1 -1 -1 -1 -1 0 0 -1 -1 
-1 -1 1 1 -1 -1 -1 -1 -1 -1 -1 0 0 -1 -1 
-1 -1 1 1 -1 -1 -1 -1 -1 -1 -1 0 0 -1 -1 
-1 -1 1 1 -1 -1 -1 -1 -1 -1 -1 0 0 -1 -1 
-1 -1 1 1 -1 -1 -1 -1 -1 -1 -1 0 0 -1 -1 
-1 -1 1 1 -1 -1 -1 -1 -1 -1 -1 0 0 -1 -1 
-1 -1 1 1 -1 -1 -1 -1 -1 -1 -1 0 0 -1 -1 
-1 -1 1 1 -1 -1 -1 -1 -1 -1 -1 0 0 -1 -1 
END
15 1
1 11
1 2
-1 -1 -1 1 1 -1 -1 -1 -1 -1 -1 -1 0 0 -1 
-1 -1 1 1 1 -1 -1 -1 -1 -1 -1 0 0 0 -1 
-1 -1 1 1 1 -1 -1 -1 -1 -1 -1 0 0 0 -1 
-1 -1 1 1 1 -1 -1 -1 -1 -1 -1 0 0 0 -1 
-1 -1 1 1 1 -1 -1 -1 -1 -1 -1 0 0 0 -1 
-1 -1 1 1 1 -1 -1 -1 -1 -1 -1 0 0 0 -1 
-1 -1 1 1 1 -1 -1 -1 -1 -1 -1 0 0 0 -1 
-1 -1 1 1 -1 -1 -1 -1 -1 -1 -1 0 0 -1 -1 
-1 -1 1 1 -1 -1 -1 -1 -1 -1 -1 0 0 -1 -1 
-1 -1 1 1 -1 -1 -1 -1 -1 -1 -1 0 0 -1 -1 
-1 -1 1 1 -1 -1 -1 -1 -1 -1 -1 0 0 -1 -1 
-1 -1 1 1 -1 -1 -1 -1 -1 -1 -1 0 0 -1 -1 
-1 -1 1 1 -1 -1 -1 -1 -1 -1 -1 0 0 -1 -1 
-1 -1 1 1 -1 -1 -1 -1 -1 -1 -1 0 0 -1 -1 
-1 -1 1 1 -1 -1 -1 -1 -1 -1 -1 0 0 -1 -1 
END
15 1
0 11
0 2
-1 -1 1 1 1 -1 -1 -1 -1 -1 -1 0 0 0 -1 
-1 -1 1 1 1 -1 -1 -1 -1 -1 -1 0 0 0 -1 
-1 -1 1 1 1 -1 -1 -1 -1 -1 -1 0 0 0 -1 
-1 -1 1 1 1 -1 -1 -1 -1 -1 -1 0 0 0 -1 
-1 -1 1 1 1 -1 -1 -1 -1 -1 -1 0 0 0 -1 
-1 -1 1 1 1 -1 -1 -1 -1 -1 -1 0 0 0 -1 
-1 -1 1 1 1 -1 -1 -1 -1 -1 -1 0 0 0 -1 
-1 -1 1 1 -1 -1 -1 -1 -1 -1 -1 0 0 -1 -1 
-1 -1 1 1 -1 -1 -1 -1 -1 -1 -1 0 0 -1 -1 
-1 -1 1 1 -1 -1 -1 -1 -1 -1 -1 0 0 -1 -1 
-1 -1 1 1 -1 -1 -1 -1 -1 -1 -1 0 0 -1 -1 
-1 -1 1 1 -1 -1 -1 -1 -1 -1 -1 0 0 -1 -1 
-1 -1 1 1 -1 -1 -1 -1 -1 -1 -1 0 0 -1 -1 
-1 -1 1 1 -1 -1 -1 -1 -1 -1 -1 0 0 -1 -1 
-1 -1 1 1 -1 -1 -1 -1 -1 -1 -1 0 0 -1 -1 
END
15 1
0 10
0 1
-1 1 1 1 1 -1 -1 -1 -1 -1 0 0 0 0 -1 
-1 -1 1 1 1 -1 -1 -1 -1 -1 -1 0 0 0 -1 
-1 -1 1 1 1 -1 -1 -1 -1 -1 -1 0 0 0 -1 
-1 -1 1 1 1 -1 -1 -1 -1 -1 -1 0 0 0 -1 
-1 -1 1 1 1 -1 -1 -1 -1 -1 -1 0 0 0 -1 
-1 -1 1 1 1 -1 -1 -1 -1 -1 -1 0 0 0 -1 
-1 -1 1 1 1 -1 -1 -1 -1 -1 -1 0 0 0 -1 
-1 -1 1 1 -1 -1 -1 -1 -1 -1 -1 0 0 -1 -1 
-1 -1 1 1 -1 -1 -1 -1 -1 -1 -1 0 0 -1 -1 
-1 -1 1 1 -1 -1 -1 -1 -1 -1 -1 0 0 -1 -1 
-1 -1 1 1 -1 -1 -1 -1 -1 -1 -1 0 0 -1 -1 
-1 -1 1 1 -1 -1 -1 -1 -1 -1 -1 0 0 -1 -1 
-1 -1 1 1 -1 -1 -1 -1 -1 -1 -1 0 0 -1 -1 
-1 -1 1 1 -1 -1 -1 -1 -1 -1 -1 0 0 -1 -1 
-1 -1 1 1 -1 -1 -1 -1 -1 -1 -1 0 0 -1 -1 
END
15 1
1 10
1 1
-1 1 1 1 1 -1 -1 -1 -1 -1 0 0 0 0 -1 
-1 1 1 1 1 -1 -1 -1 -1 -1 0 0 0 0 -1 
-1 -1 1 1 1 -1 -1 -1 -1 -1 -1 0 0 0 -1 
-1 -1 1 1 1 -1 -1 -1 -1 -1 -1 0 0 0 -1 
-1 -1 1 1 1 -1 -1 -1 -1 -1 -1 0 0 0 -1 
-1 -1 1 1 1 -1 -1 -1 -1 -1 -1 0 0 0 -1 
-1 -1 1 1 1 -1 -1 -1 -1 -1 -1 0 0 0 -1 
-1 -1 1 1 -1 -1 -1 -1 -1 -1 -1 0 0 -1 -1 
-1 -1 1 1 -1 -1 -1 -1 -1 -1 -1 0 0 -1 -1 
-1 -1 1 1 -1 -1 -1 -1 -1 -1 -1 0 0 -1 -1 
-1 -1 1 1 -1 -1 -1 -1 -1 -1 -1 0 0 -1 -1 
-1 -1 1 1 -1 -1 -1 -1 -1 -1 -1 0 0 -1 -1 
-1 -1 1 1 -1 -1 -1 -1 -1 -1 -1 0 0 -1 -1 
-1 -1 1 1 -1 -1 -1 -1 -1 -1 -1 0 0 -1 -1 
-1 -1 1 1 -1 -1 -1 -1 -1 -1 -1 0 0 -1 -1 
END
15 1
2 10
2 1
-1 1 1 1 1 -1 -1 -1 -1 -1 0 0 0 0 -1 
-1 1 1 1 1 -1 -1 -1 -1 -1 0 0 0 0 -1 
-1 1 1 1 1 -1 -1 -1 -1 -1 0 0 0 0 -1 
-1 -1 1 1 1 -1 -1 -1 -1 -1 -1 0 0 0 -1 
-1 -1 1 1 1 -1 -1 -1 -1 -1 -1 0 0 0 -1 
-1 -1 1 1 1 -1 -1 -1 -1 -1 -1 0 0 0 -1 
-1 -1 1 1 1 -1 -1 -1 -1 -1 -1 0 0 0 -1 
-1 -1 1 1 -1 -1 -1 -1 -1 -1 -1 0 0 -1 -1 
-1 -1 1 1 -1 -1 -1 -1 -1 -1 -1 0 0 -1 -1 
-1 -1 1 1 -1 -1 -1 -1 -1 -1 -1 0 0 -1 -1 
-1 -1 1 1 -1 -1 -1 -1 -1 -1 -1 0 0 -1 -1 
-1 -1 1 1 -1 -1 -1 -1 -1 -1 -1 0 0 -1 -1 
-1 -1 1 1 -1 -1 -1 -1 -1 -1 -1 0 0 -1 -1 
-1 -1 1 1 -1 -1 -1 -1 -1 -1 -1 0 0 -1 -1 
-1 -1 1 1 -1 -1 -1 -1 -1 -1 -1 0 0 -1 -1 
END
15 1
3 10
3 1
-1 1 1 1 1 -1 -1 -1 -1 -1 0 0 0 0 -1 
-1 1 1 1 1 -1 -1 -1 -1 -1 0 0 0 0 -1 
-1 1 1 1 1 -1 -1 -1 -1 -1 0 0 0 0 -1 
-1 1 1 1 1 -1 -1 -1 -1 -1 0 0 0 0 -1 
-1 -1 1 1 1 -1 -1 -1 -1 -1 -1 0 0 0 -1 
-1 -1 1 1 1 -1 -1 -1 -1 -1 -1 0 0 0 -1 
-1 -1 1 1 1 -1 -1 -1 -1 -1 -1 0 0 0 -1 
-1 -1 1 1 -1 -1 -1 -1 -1 -1 -1 0 0 -1 -1 
-1 -1 1 1 -1 -1 -1 -1 -1 -1 -1 0 0 -1 -1 
-1 -1 1 1 -1 -1 -1 -1 -1 -1 -1 0 0 -1 -1 
-1 -1 1 1 -1 -1 -1 -1 -1 -1 -1 0 0 -1 -1 
-1 -1 1 1 -1 -1 -1 -1 -1 -1 -1 0 0 -1 -1 
-1 -1 1 1 -1 -1 -1 -1 -1 -1 -1 0 0 -1 -1 
-1 -1 1 1 -1 -1 -1 -1 -1 -1 -1 0 0 -1 -1 
-1 -1 1 1 -1 -1 -1 -1 -1 -1 -1 0 0 -1 -1 
END
15 1
4 10
4 1
-1 1 1 1 1 -1 -1 -1 -1 -1 0 0 0 0 -1 
-1 1 1 1 1 -1 -1 -1 -1 -1 0 0 0 0 -1 
-1 1 1 1 1 -1 -1 -1 -1 -1 0 0 0 0 -1 
-1 1 1 1 1 -1 -1 -1 -1 -1 0 0 0 0 -1 
-1 1 1 1 1 -1 -1 -1 -1 -1 0 0 0 0 -1 
-1 -1 1 1 1 -1 -1 -1 -1 -1 -1 0 0 0 -1 
-1 -1 1 1 1 -1 -1 -1 -1 -1 -1 0 0 0 -1 
-1 -1 1 1 -1 -1 -1 -1 -1 -1 -1 0 0 -1 -1 
-1 -1 1 1 -1 -1 -1 -1 -1 -1 -1 0 0 -1 -1 
-1 -1 1 1 -1 -1 -1 -1 -1 -1 -1 0 0 -1 -1 
-1 -1 1 1 -1 -1 -1 -1 -1 -1 -1 0 0 -1 -1 
-1 -1 1 1 -1 -1 -1 -1 -1 -1 -1 0 0 -1 -1 
-1 -1 1 1 -1 -1 -1 -1 -1 -1 -1 0 0 -1 -1 
-1 -1 1 1 -1 -1 -1 -1 -1 -1 -1 0 0 -1 -1 
-1 -1 1 1 -1 -1 -1 -1 -1 -1 -1 0 0 -1 -1 
END
15 1
5 10
5 1
-1 1 1 1 1 -1 -1 -1 -1 -1 0 0 0 0 -1 
-1 1 1 1 1 -1 -1 -1 -1 -1 0 0 0 0 -1 
-1 1 1 1 1 -1 -1 -1 -1 -1 0 0 0 0 -1 
-1 1 1 1 1 -1 -1 -1 -1 -1 0 0 0 0 -1 
-1 1 1 1 1 -1 -1 -1 -1 -1 0 0 0 0 -1 
-1 1 1 1 1 -1 -1 -1 -1 -1 0 0 0 0 -1 
-1 -1 1 1 1 -1 -1 -1 -1 -1 -1 0 0 0 -1 
-1 -1 1 1 -1 -1 -1 -1 -1 -1 -1 0 0 -1 -1 
-1 -1 1 1 -1 -1 -1 -1 -1 -1 -1 0 0 -1 -1 
-1 -1 1 1 -1 -1 -1 -1 -1 -1 -1 0 0 -1 -1 
-1 -1 1 1 -1 -1 -1 -1 -1 -1 -1 0 0 -1 -1 
-1 -1 1 1 -1 -1 -1 -1 -1 -1 -1 0 0 -1 -1 
-1 -1 1 1 -1 -1 -1 -1 -1 -1 -1 0 0 -1 -1 
-1 -1 1 1 -1 -1 -1 -1 -1 -1 -1 0 0 -1 -1 
-1 -1 1 1 -1 -1 -1 -1 -1 -1 -1 0 0 -1 -1 
END
15 1
6 10
6 1
-1 1 1 1 1 -1 -1 -1 -1 -1 0 0 0 0 -1 
-1 1 1 1 1 -1 -1 -1 -1 -1 0 0 0 0 -1 
-1 1 1 1 1 -1 -1 -1 -1 -1 0 0 0 0 -1 
-1 1 1 1 1 -1 -1 -1 -1 -1 0 0 0 0 -1 
-1 1 1 1 1 -1 -1 -1 -1 -1 0 0 0 0 -1 
-1 1 1 1 1 -1 -1 -1 -1 -1 0 0 0 0 -1 
-1 1 1 1 1 -1 -1 -1 -1 -1 0 0 0 0 -1 
-1 -1 1 1 -1 -1 -1 -1 -1 -1 -1 0 0 -1 -1 
-1 -1 1 1 -1 -1 -1 -1 -1 -1 -1 0 0 -1 -1 
-1 -1 1 1 -1 -1 -1 -1 -1 -1 -1 0 0 -1 -1 
-1 -1 1 1 -1 -1 -1 -1 -1 -1 -1 0 0 -1 -1 
-1 -1 1 1 -1 -1 -1 -1 -1 -1 -1 0 0 -1 -1 
-1 -1 1 1 -1 -1 -1 -1 -1 -1 -1 0 0 -1 -1 
-1 -1 1 1 -1 -1 -1 -1 -1 -1 -1 0 0 -1 -1 
-1 -1 1 1 -1 -1 -1 -1 -1 -1 -1 0 0 -1 -1 
END
15 1
7 10
7 1
-1 1 1 1 1 -1 -1 -1 -1 -1 0 0 0 0 -1 
-1 1 1 1 1 -1 -1 -1 -1 -1 0 0 0 0 -1 
-1 1 1 1 1 -1 -1 -1 -1 -1 0 0 0 0 -1 
-1 1 1 1 1 -1 -1 -1 -1 -1 0 0 0 0 -1 
-1 1 1 1 1 -1 -1 -1 -1 -1 0 0 0 0 -1 
-1 1 1 1 1 -1 -1 -1 -1 -1 0 0 0 0 -1 
-1 1 1 1 1 -1 -1 -1 -1 -1 0 0 0 0 -1 
-1 1 1 1 -1 -1 -1 -1 -1 -1 0 0 0 -1 -1 
-1 -1 1 1 -1 -1 -1 -1 -1 -1 -1 0 0 -1 -1 
-1 -1 1 1 -1 -1 -1 -1 -1 -1 -1 0 0 -1 -1 
-1 -1 1 1 -1 -1 -1 -1 -1 -1 -1 0 0 -1 -1 
-1 -1 1 1 -1 -1 -1 -1 -1 -1 -1 0 0 -1 -1 
-1 -1 1 1 -1 -1 -1 -1 -1 -1 -1 0 0 -1 -1 
-1 -1 1 1 -1 -1 -1 -1 -1 -1 -1 0 0 -1 -1 
-1 -1 1 1 -1 -1 -1 -1 -1 -1 -1 0 0 -1 -1 
END
15 1
8 10
8 1
-1 1 1 1 1 -1 -1 -1 -1 -1 0 0 0 0 -1 
-1 1 1 1 1 -1 -1 -1 -1 -1 0 0 0 0 -1 
-1 1 1 1 1 -1 -1 -1 -1 -1 0 0 0 0 -1 
-1 1 1 1 1 -1 -1 -1 -1 -1 0 0 0 0 -1 
-1 1 1 1 1 -1 -1 -1 -1 -1 0 0 0 0 -1 
-1 1 1 1 1 -1 -1 -1 -1 -1 0 0 0 0 -1 
-1 1 1 1 1 -1 -1 -1 -1 -1 0 0 0 0 -1 
-1 1 1 1 -1 -1 -1 -1 -1 -1 0 0 0 -1 -1 
-1 1 1 1 -1 -1 -1 -1 -1 -1 0 0 0 -1 -1 
-1 -1 1 1 -1 -1 -1 -1 -1 -1 -1 0 0 -1 -1 
-1 -1 1 1 -1 -1 -1 -1 -1 -1 -1 0 0 -1 -1 
-1 -1 1 1 -1 -1 -1 -1 -1 -1 -1 0 0 -1 -1 
-1 -1 1 1 -1 -1 -1 -1 -1 -1 -1 0 0 -1 -1 
-1 -1 1 1 -1 -1 -1 -1 -1 -1 -1 0 0 -1 -1 
-1 -1 1 1 -1 -1 -1 -1 -1 -1 -1 0 0 -1 -1 
END
15 1
9 10
9 1
-1 1 1 1 1 -1 -1 -1 -1 -1 0 0 0 0 -1 
-1 1 1 1 1 -1 -1 -1 -1 -1 0 0 0 0 -1 
-1 1 1 1 1 -1 -1 -1 -1 -1 0 0 0 0 -1 
-1 1 1 1 1 -1 -1 -1 -1 -1 0 0 0 0 -1 
-1 1 1 1 1 -1 -1 -1 -1 -1 0 0 0 0 -1 
-1 1 1 1 1 -1 -1 -1 -1 -1 0 0 0 0 -1 
-1 1 1 1 1 -1 -1 -1 -1 -1 0 0 0 0 -1 
-1 1 1 1 -1 -1 -1 -1 -1 -1 0 0 0 -1 -1 
-1 1 1 1 -1 -1 -1 -1 -1 -1 0 0 0 -1 -1 
-1 1 1 1 -1 -1 -1 -1 -1 -1 0 0 0 -1 -1 
-1 -1 1 1 -1 -1 -1 -1 -1 -1 -1 0 0 -1 -1 
-1 -1 1 1 -1 -1 -1 -1 -1 -1 -1 0 0 -1 -1 
-1 -1 1 1 -1 -1 -1 -1 -1 -1 -1 0 0 -1 -1 
-1 -1 1 1 -1 -1 -1 -1 -1 -1 -1 0 0 -1 -1 
-1 -1 1 1 -1 -1 -1 -1 -1 -1 -1 0 0 -1 -1 
END
15 1
10 10
10 1
-1 1 1 1 1 -1 -1 -1 -1 -1 0 0 0 0 -1 
-1 1 1 1 1 -1 -1 -1 -1 -1 0 0 0 0 -1 
-1 1 1 1 1 -1 -1 -1 -1 -1 0 0 0 0 -1 
-1 1 1 1 1 -1 -1 -1 -1 -1 0 0 0 0 -1 
-1 1 1 1 1 -1 -1 -1 -1 -1 0 0 0 0 -1 
-1 1 1 1 1 -1 -1 -1 -1 -1 0 0 0 0 -1 
-1 1 1 1 1 -1 -1 -1 -1 -1 0 0 0 0 -1 
-1 1 1 1 -1 -1 -1 -1 -1 -1 0 0 0 -1 -1 
-1 1 1 1 -1 -1 -1 -1 -1 -1 0 0 0 -1 -1 
-1 1 1 1 -1 -1 -1 -1 -1 -1 0 0 0 -1 -1 
-1 1 1 1 -1 -1 -1 -1 -1 -1 0 0 0 -1 -1 
-1 -1 1 1 -1 -1 -1 -1 -1 -1 -1 0 0 -1 -1 
-1 -1 1 1 -1 -1 -1 -1 -1 -1 -1 0 0 -1 -1 
-1 -1 1 1 -1 -1 -1 -1 -1 -1 -1 0 0 -1 -1 
-1 -1 1 1 -1 -1 -1 -1 -1 -1 -1 0 0 -1 -1 
END
15 1
11 10
11 1
-1 1 1 1 1 -1 -1 -1 -1 -1 0 0 0 0 -1 
-1 1 1 1 1 -1 -1 -1 -1 -1 0 0 0 0 -1 
-1 1 1 1 1 -1 -1 -1 -1 -1 0 0 0 0 -1 
-1 1 1 1 1 -1 -1 -1 -1 -1 0 0 0 0 -1 
-1 1 1 1 1 -1 -1 -1 -1 -1 0 0 0 0 -1 
-1 1 1 1 1 -1 -1 -1 -1 -1 0 0 0 0 -1 
-1 1 1 1 1 -1 -1 -1 -1 -1 0 0 0 0 -1 
-1 1 1 1 -1 -1 -1 -1 -1 -1 0 0 0 -1 -1 
-1 1 1 1 -1 -1 -1 -1 -1 -1 0 0 0 -1 -1 
-1 1 1 1 -1 -1 -1 -1 -1 -1 0 0 0 -1 -1 
-1 1 1 1 -1 -1 -1 -1 -1 -1 0 0 0 -1 -1 
-1 1 1 1 -1 -1 -1 -1 -1 -1 0 0 0 -1 -1 
-1 -1 1 1 -1 -1 -1 -1 -1 -1 -1 0 0 -1 -1 
-1 -1 1 1 -1 -1 -1 -1 -1 -1 -1 0 0 -1 -1 
-1 -1 1 1 -1 -1 -1 -1 -1 -1 -1 0 0 -1 -1 
END
15 1
12 10
12 1
-1 1 1 1 1 -1 -1 -1 -1 -1 0 0 0 0 -1 
-1 1 1 1 1 -1 -1 -1 -1 -1 0 0 0 0 -1 
-1 1 1 1 1 -1 -1 -1 -1 -1 0 0 0 0 -1 
-1 1 1 1 1 -1 -1 -1 -1 -1 0 0 0 0 -1 
-1 1 1 1 1 -1 -1 -1 -1 -1 0 0 0 0 -1 
-1 1 1 1 1 -1 -1 -1 -1 -1 0 0 0 0 -1 
-1 1 1 1 1 -1 -1 -1 -1 -1 0 0 0 0 -1 
-1 1 1 1 -1 -1 -1 -1 -1 -1 0 0 0 -1 -1 
-1 1 1 1 -1 -1 -1 -1 -1 -1 0 0 0 -1 -1 
-1 1 1 1 -1 -1 -1 -1 -1 -1 0 0 0 -1 -1 
-1 1 1 1 -1 -1 -1 -1 -1 -1 0 0 0 -1 -1 
-1 1 1 1 -1 -1 -1 -1 -1 -1 0 0 0 -1 -1 
-1 1 1 1 -1 -1 -1 -1 -1 -1 0 0 0 -1 -1 
-1 -1 1 1 -1 -1 -1 -1 -1 -1 -1 0 0 -1 -1 
-1 -1 1 1 -1 -1 -1 -1 -1 -1 -1 0 0 -1 -1 
END
15 1
13 10
13 1
-1 1 1 1 1 -1 -1 -1 -1 -1 0 0 0 0 -1 
-1 1 1 1 1 -1 -1 -1 -1 -1 0 0 0 0 -1 
-1 1 1 1 1 -1 -1 -1 -1 -1 0 0 0 0 -1 
-1 1 1 1 1 -1 -1 -1 -1 -1 0 0 0 0 -1 
-1 1 1 1 1 -1 -1 -1 -1 -1 0 0 0 0 -1 
-1 1 1 1 1 -1 -1 -1 -1 -1 0 0 0 0 -1 
-1 1 1 1 1 -1 -1 -1 -1 -1 0 0 0 0 -1 
-1 1 1 1 -1 -1 -1 -1 -1 -1 0 0 0 -1 -1 
-1 1 1 1 -1 -1 -1 -1 -1 -1 0 0 0 -1 -1 
-1 1 1 1 -1 -1 -1 -1 -1 -1 0 0 0 -1 -1 
-1 1 1 1 -1 -1 -1 -1 -1 -1 0 0 0 -1 -1 
-1 1 1 1 -1 -1 -1 -1 -1 -1 0 0 0 -1 -1 
-1 1 1 1 -1 -1 -1 -1 -1 -1 0 0 0 -1 -1 
-1 1 1 1 -1 -1 -1 -1 -1 -1 0 0 0 -1 -1 
-1 -1 1 1 -1 -1 -1 -1 -1 -1 -1 0 0 -1 -1 
END
15 1
14 10
14 1
-1 1 1 1 1 -1 -1 -1 -1 -1 0 0 0 0 -1 
-1 1 1 1 1 -1 -1 -1 -1 -1 0 0 0 0 -1 
-1 1 1 1 1 -1 -1 -1 -1 -1 0 0 0 0 -1 
-1 1 1 1 1 -1 -1 -1 -1 -1 0 0 0 0 -1 
-1 1 1 1 1 -1 -1 -1 -1 -1 0 0 0 0 -1 
-1 1 1 1 1 -1 -1 -1 -1 -1 0 0 0 0 -1 
-1 1 1 1 1 -1 -1 -1 -1 -1 0 0 0 0 -1 
-1 1 1 1 -1 -1 -1 -1 -1 -1 0 0 0 -1 -1 
-1 1 1 1 -1 -1 -1 -1 -1 -1 0 0 0 -1 -1 
-1 1 1 1 -1 -1 -1 -1 -1 -1 0 0 0 -1 -1 
-1 1 1 1 -1 -1 -1 -1 -1 -1 0 0 0 -1 -1 
-1 1 1 1 -1 -1 -1 -1 -1 -1 0 0 0 -1 -1 
-1 1 1 1 -1 -1 -1 -1 -1 -1 0 0 0 -1 -1 
-1 1 1 1 -1 -1 -1 -1 -1 -1 0 0 0 -1 -1 
-1 1 1 1 -1 -1 -1 -1 -1 -1 0 0 0 -1 -1 
END
15 1
14 9
14 0
-1 1 1 1 1 -1 -1 -1 -1 -1 0 0 0 0 -1 
-1 1 1 1 1 -1 -1 -1 -1 -1 0 0 0 0 -1 
-1 1 1 1 1 -1 -1 -1 -1 -1 0 0 0 0 -1 
-1 1 1 1 1 -1 -1 -1 -1 -1 0 0 0 0 -1 
-1 1 1 1 1 -1 -1 -1 -1 -1 0 0 0 0 -1 
-1 1 1 1 1 -1 -1 -1 -1 -1 0 0 0 0 -1 
-1 1 1 1 1 -1 -1 -1 -1 -1 0 0 0 0 -1 
-1 1 1 1 -1 -1 -1 -1 -1 -1 0 0 0 -1 -1 
-1 1 1 1 -1 -1 -1 -1 -1 -1 0 0 0 -1 -1 
-1 1 1 1 -1 -1 -1 -1 -1 -1 0 0 0 -1 -1 
-1 1 1 1 -1 -1 -1 -1 -1 -1 0 0 0 -1 -1 
-1 1 1 1 -1 -1 -1 -1 -1 -1 0 0 0 -1 -1 
-1 1 1 1 -1 -1 -1 -1 -1 -1 0 0 0 -1 -1 
-1 1 1 1 -1 -1 -1 -1 -1 -1 0 0 0 -1 -1 
1 1 1 1 -1 -1 -1 -1 -1 0 0 0 0 -1 -1 
END
15 1
13 9
13 0
-1 1 1 1 1 -1 -1 -1 -1 -1 0 0 0 0 -1 
-1 1 1 1 1 -1 -1 -1 -1 -1 0 0 0 0 -1 
-1 1 1 1 1 -1 -1 -1 -1 -1 0 0 0 0 -1 
-1 1 1 1 1 -1 -1 -1 -1 -1 0 0 0 0 -1 
-1 1 1 1 1 -1 -1 -1 -1 -1 0 0 0 0 -1 
-1 1 1 1 1 -1 -1 -1 -1 -1 0 0 0 0 -1 
-1 1 1 1 1 -1 -1 -1 -1 -1 0 0 0 0 -1 
-1 1 1 1 -1 -1 -1 -1 -1 -1 0 0 0 -1 -1 
-1 1 1 1 -1 -1 -1 -1 -1 -1 0 0 0 -1 -1 
-1 1 1 1 -1 -1 -1 -1 -1 -1 0 0 0 -1 -1 
-1 1 1 1 -1 -1 -1 -1 -1 -1 0 0 0 -1 -1 
-1 1 1 1 -1 -1 -1 -1 -1 -1 0 0 0 -1 -1 
-1 1 1 1 -1 -1 -1 -1 -1 -1 0 0 0 -1 -1 
1 1 1 1 -1 -1 -1 -1 -1 0 0 0 0 -1 -1 
1 1 1 1 -1 -1 -1 -1 -1 0 0 0 0 -1 -1 
END
15 1
12 9
12 0
-1 1 1 1 1 -1 -1 -1 -1 -1 0 0 0 0 -1 
-1 1 1 1 1 -1 -1 -1 -1 -1 0 0 0 0 -1 
-1 1 1 1 1 -1 -1 -1 -1 -1 0 0 0 0 -1 
-1 1 1 1 1 -1 -1 -1 -1 -1 0 0 0 0 -1 
-1 1 1 1 1 -1 -1 -1 -1 -1 0 0 0 0 -1 
-1 1 1 1 1 -1 -1 -1 -1 -1 0 0 0 0 -1 
-1 1 1 1 1 -1 -1 -1 -1 -1 0 0 0 0 -1 
-1 1 1 1 -1 -1 -1 -1 -1 -1 0 0 0 -1 -1 
-1 1 1 1 -1 -1 -1 -1 -1 -1 0 0 0 -1 -1 
-1 1 1 1 -1 -1 -1 -1 -1 -1 0 0 0 -1 -1 
-1 1 1 1 -1 -1 -1 -1 -1 -1 0 0 0 -1 -1 
-1 1 1 1 -1 -1 -1 -1 -1 -1 0 0 0 -1 -1 
1 1 1 1 -1 -1 -1 -1 -1 0 0 0 0 -1 -1 
1 1 1 1 -1 -1 -1 -1 -1 0 0 0 0 -1 -1 
1 1 1 1 -1 -1 -1 -1 -1 0 0 0 0 -1 -1 
END
15 1
11 9
11 0
-1 1 1 1 1 -1 -1 -1 -1 -1 0 0 0 0 -1 
-1 1 1 1 1 -1 -1 -1 -1 -1 0 0 0 0 -1 
-1 1 1 1 1 -1 -1 -1 -1 -1 0 0 0 0 -1 
-1 1 1 1 1 -1 -1 -1 -1 -1 0 0 0 0 -1 
-1 1 1 1 1 -1 -1 -1 -1 -1 0 0 0 0 -1 
-1 1 1 1 1 -1 -1 -1 -1 -1 0 0 0 0 -1 
-1 1 1 1 1 -1 -1 -1 -1 -1 0 0 0 0 -1 
-1 1 1 1 -1 -1 -1 -1 -1 -1 0 0 0 -1 -1 
-1 1 1 1 -1 -1 -1 -1 -1 -1 0 0 0 -1 -1 
-1 1 1 1 -1 -1 -1 -1 -1 -1 0 0 0 -1 -1 
-1 1 1 1 -1 -1 -1 -1 -1 -1 0 0 0 -1 -1 
1 1 1 1 -1 -1 -1 -1 -1 0 0 0 0 -1 -1 
1 1 1 1 -1 -1 -1 -1 -1 0 0 0 0 -1 -1 
1 1 1 1 -1 -1 -1 -1 -1 0 0 0 0 -1 -1 
1 1 1 1 -1 -1 -1 -1 -1 0 0 0 0 -1 -1 
END
15 1
10 9
10 0
-1 1 1 1 1 -1 -1 -1 -1 -1 0 0 0 0 -1 
-1 1 1 1 1 -1 -1 -1 -1 -1 0 0 0 0 -1 
-1 1 1 1 1 -1 -1 -1 -1 -1 0 0 0 0 -1 
-1 1 1 1 1 -1 -1 -1 -1 -1 0 0 0 0 -1 
-1 1 1 1 1 -1 -1 -1 -1 -1 0 0 0 0 -1 
-1 1 1 1 1 -1 -1 -1 -1 -1 0 0 0 0 -1 
-1 1 1 1 1 -1 -1 -1 -1 -1 0 0 0 0 -1 
-1 1 1 1 -1 -1 -1 -1 -1 -1 0 0 0 -1 -1 
-1 1 1 1 -1 -1 -1 -1 -1 -1 0 0 0 -1 -1 
-1 1 1 1 -1 -1 -1 -1 -1 -1 0 0 0 -1 -1 
1 1 1 1 -1 -1 -1 -1 -1 0 0 0 0 -1 -1 
1 1 1 1 -1 -1 -1 -1 -1 0 0 0 0 -1 -1 
1 1 1 1 -1 -1 -1 -1 -1 0 0 0 0 -1 -1 
1 1 1 1 -1 -1 -1 -1 -1 0 0 0 0 -1 -1 
1 1 1 1 -1 -1 -1 -1 -1 0 0 0 0 -1 -1 
END
15 1
9 9
9 0
-1 1 1 1 1 -1 -1 -1 -1 -1 0 0 0 0 -1 
-1 1 1 1 1 -1 -1 -1 -1 -1 0 0 0 0 -1 
-1 1 1 1 1 -1 -1 -1 -1 -1 0 0 0 0 -1 
-1 1 1 1 1 -1 -1 -1 -1 -1 0 0 0 0 -1 
-1 1 1 1 1 -1 -1 -1 -1 -1 0 0 0 0 -1 
-1 1 1 1 1 -1 -1 -1 -1 -1 0 0 0 0 -1 
-1 1 1 1 1 -1 -1 -1 -1 -1 0 0 0 0 -1 
-1 1 1 1 -1 -1 -1 -1 -1 -1 0 0 0 -1 -1 
-1 1 1 1 -1 -1 -1 -1 -1 -1 0 0 0 -1 -1 
1 1 1 1 -1 -1 -1 -1 -1 0 0 0 0 -1 -1 
1 1 1 1 -1 -1 -1 -1 -1 0 0 0 0 -1 -1 
1 1 1 1 -1 -1 -1 -1 -1 0 0 0 0 -1 -1 
1 1 1 1 -1 -1 -1 -1 -1 0 0 0 0 -1 -1 
1 1 1 1 -1 -1 -1 -1 -1 0 0 0 0 -1 -1 
1 1 1 1 -1 -1 -1 -1 -1 0 0 0 0 -1 -1 
END
15 1
8 9
8 0
-1 1 1 1 1 -1 -1 -1 -1 -1 0 0 0 0 -1 
-1 1 1 1 1 -1 -1 -1 -1 -1 0 0 0 0 -1 
-1 1 1 1 1 -1 -1 -1 -1 -1 0 0 0 0 -1 
-1 1 1 1 1 -1 -1 -1 -1 -1 0 0 0 0 -1 
-1 1 1 1 1 -1 -1 -1 -1 -1 0 0 0 0 -1 
-1 1 1 1 1 -1 -1 -1 -1 -1 0 0 0 0 -1 
-1 1 1 1 1 -1 -1 -1 -1 -1 0 0 0 0 -1 
-1 1 1 1 -1 -1 -1 -1 -1 -1 0 0 0 -1 -1 
1 1 1 1 -1 -1 -1 -1 -1 0 0 0 0 -1 -1 
1 1 1 1 -1 -1 -1 -1 -1 0 0 0 0 -1 -1 
1 1 1 1 -1 -1 -1 -1 -1 0 0 0 0 -1 -1 
1 1 1 1 -1 -1 -1 -1 -1 0 0 0 0 -1 -1 
1 1 1 1 -1 -1 -1 -1 -1 0 0 0 0 -1 -1 
1 1 1 1 -1 -1 -1 -1 -1 0 0 0 0 -1 -1 
1 1 1 1 -1 -1 -1 -1 -1 0 0 0 0 -1 -1 
END
15 1
7 9
7 0
-1 1 1 1 1 -1 -1 -1 -1 -1 0 0 0 0 -1 
-1 1 1 1 1 -1 -1 -1 -1 -1 0 0 0 0 -1 
-1 1 1 1 1 -1 -1 -1 -1 -1 0 0 0 0 -1 
-1 1 1 1 1 -1 -1 -1 -1 -1 0 0 0 0 -1 
-1 1 1 1 1 -1 -1 -1 -1 -1 0 0 0 0 -1 
-1 1 1 1 1 -1 -1 -1 -1 -1 0 0 0 0 -1 
-1 1 1 1 1 -1 -1 -1 -1 -1 0 0 0 0 -1 
1 1 1 1 -1 -1 -1 -1 -1 0 0 0 0 -1 -1 
1 1 1 1 -1 -1 -1 -1 -1 0 0 0 0 -1 -1 
1 1 1 1 -1 -1 -1 -1 -1 0 0 0 0 -1 -1 
1 1 1 1 -1 -1 -1 -1 -1 0 0 0 0 -1 -1 
1 1 1 1 -1 -1 -1 -1 -1 0 0 0 0 -1 -1 
1 1 1 1 -1 -1 -1 -1 -1 0 0 0 0 -1 -1 
1 1 1 1 -1 -1 -1 -1 -1 0 0 0 0 -1 -1 
1 1 1 1 -1 -1 -1 -1 -1 0 0 0 0 -1 -1 
END
15 1
6 9
6 0
-1 1 1 1 1 -1 -1 -1 -1 -1 0 0 0 0 -1 
-1 1 1 1 1 -1 -1 -1 -1 -1 0 0 0 0 -1 
-1 1 1 1 1 -1 -1 -1 -1 -1 0 0 0 0 -1 
-1 1 1 1 1 -1 -1 -1 -1 -1 0 0 0 0 -1 
-1 1 1 1 1 -1 -1 -1 -1 -1 0 0 0 0 -1 
-1 1 1 1 1 -1 -1 -1 -1 -1 0 0 0 0 -1 
1 1 1 1 1 -1 -1 -1 -1 0 0 0 0 0 -1 
1 1 1 1 -1 -1 -1 -1 -1 0 0 0 0 -1 -1 
1 1 1 1 -1 -1 -1 -1 -1 0 0 0 0 -1 -1 
1 1 1 1 -1 -1 -1 -1 -1 0 0 0 0 -1 -1 
1 1 1 1 -1 -1 -1 -1 -1 0 0 0 0 -1 -1 
1 1 1 1 -1 -1 -1 -1 -1 0 0 0 0 -1 -1 
1 1 1 1 -1 -1 -1 -1 -1 0 0 0 0 -1 -1 
1 1 1 1 -1 -1 -1 -1 -1 0 0 0 0 -1 -1 
1 1 1 1 -1 -1 -1 -1 -1 0 0 0 0 -1 -1 
END
15 1
5 9
5 0
-1 1 1 1 1 -1 -1 -1 -1 -1 0 0 0 0 -1 
-1 1 1 1 1 -1 -1 -1 -1 -1 0 0 0 0 -1 
-1 1 1 1 1 -1 -1 -1 -1 -1 0 0 0 0 -1 
-1 1 1 1 1 -1 -1 -1 -1 -1 0 0 0 0 -1 
-1 1 1 1 1 -1 -1 -1 -1 -1 0 0 0 0 -1 
1 1 1 1 1 -1 -1 -1 -1 0 0 0 0 0 -1 
1 1 1 1 1 -1 -1 -1 -1 0 0 0 0 0 -1 
1 1 1 1 -1 -1 -1 -1 -1 0 0 0 0 -1 -1 
1 1 1 1 -1 -1 -1 -1 -1 0 0 0 0 -1 -1 
1 1 1 1 -1 -1 -1 -1 -1 0 0 0 0 -1 -1 
1 1 1 1 -1 -1 -1 -1 -1 0 0 0 0 -1 -1 
1 1 1 1 -1 -1 -1 -1 -1 0 0 0 0 -1 -1 
1 1 1 1 -1 -1 -1 -1 -1 0 0 0 0 -1 -1 
1 1 1 1 -1 -1 -1 -1 -1 0 0 0 0 -1 -1 
1 1 1 1 -1 -1 -1 -1 -1 0 0 0 0 -1 -1 
END
15 1
4 9
4 0
-1 1 1 1 1 -1 -1 -1 -1 -1 0 0 0 0 -1 
-1 1 1 1 1 -1 -1 -1 -1 -1 0 0 0 0 -1 
-1 1 1 1 1 -1 -1 -1 -1 -1 0 0 0 0 -1 
-1 1 1 1 1 -1 -1 -1 -1 -1 0 0 0 0 -1 
1 1 1 1 1 -1 -1 -1 -1 0 0 0 0 0 -1 
1 1 1 1 1 -1 -1 -1 -1 0 0 0 0 0 -1 
1 1 1 1 1 -1 -1 -1 -1 0 0 0 0 0 -1 
1 1 1 1 -1 -1 -1 -1 -1 0 0 0 0 -1 -1 
1 1 1 1 -1 -1 -1 -1 -1 0 0 0 0 -1 -1 
1 1 1 1 -1 -1 -1 -1 -1 0 0 0 0 -1 -1 
1 1 1 1 -1 -1 -1 -1 -1 0 0 0 0 -1 -1 
1 1 1 1 -1 -1 -1 -1 -1 0 0 0 0 -1 -1 
1 1 1 1 -1 -1 -1 -1 -1 0 0 0 0 -1 -1 
1 1 1 1 -1 -1 -1 -1 -1 0 0 0 0 -1 -1 
1 1 1 1 -1 -1 -1 -1 -1 0 0 0 0 -1 -1 
END
15 1
3 9
3 0
-1 1 1 1 1 -1 -1 -1 -1 -1 0 0 0 0 -1 
-1 1 1 1 1 -1 -1 -1 -1 -1 0 0 0 0 -1 
-1 1 1 1 1 -1 -1 -1 -1 -1 0 0 0 0 -1 
1 1 1 1 1 -1 -1 -1 -1 0 0 0 0 0 -1 
1 1 1 1 1 -1 -1 -1 -1 0 0 0 0 0 -1 
1 1 1 1 1 -1 -1 -1 -1 0 0 0 0 0 -1 
1 1 1 1 1 -1 -1 -1 -1 0 0 0 0 0 -1 
1 1 1 1 -1 -1 -1 -1 -1 0 0 0 0 -1 -1 
1 1 1 1 -1 -1 -1 -1 -1 0 0 0 0 -1 -1 
1 1 1 1 -1 -1 -1 -1 -1 0 0 0 0 -1 -1 
1 1 1 1 -1 -1 -1 -1 -1 0 0 0 0 -1 -1 
1 1 1 1 -1 -1 -1 -1 -1 0 0 0 0 -1 -1 
1 1 1 1 -1 -1 -1 -1 -1 0 0 0 0 -1 -1 
1 1 1 1 -1 -1 -1 -1 -1 0 0 0 0 -1 -1 
1 1 1 1 -1 -1 -1 -1 -1 0 0 0 0 -1 -1 
END
15 1
2 9
2 0
-1 1 1 1 1 -1 -1 -1 -1 -1 0 0 0 0 -1 
-1 1 1 1 1 -1 -1 -1 -1 -1 0 0 0 0 -1 
1 1 1 1 1 -1 -1 -1 -1 0 0 0 0 0 -1 
1 1 1 1 1 -1 -1 -1 -1 0 0 0 0 0 -1 
1 1 1 1 1 -1 -1 -1 -1 0 0 0 0 0 -1 
1 1 1 1 1 -1 -1 -1 -1 0 0 0 0 0 -1 
1 1 1 1 1 -1 -1 -1 -1 0 0 0 0 0 -1 
1 1 1 1 -1 -1 -1 -1 -1 0 0 0 0 -1 -1 
1 1 1 1 -1 -1 -1 -1 -1 0 0 0 0 -1 -1 
1 1 1 1 -1 -1 -1 -1 -1 0 0 0 0 -1 -1 
1 1 1 1 -1 -1 -1 -1 -1 0 0 0 0 -1 -1 
1 1 1 1 -1 -1 -1 -1 -1 0 0 0 0 -1 -1 
1 1 1 1 -1 -1 -1 -1 -1 0 0 0 0 -1 -1 
1 1 1 1 -1 -1 -1 -1 -1 0 0 0 0 -1 -1 
1 1 1 1 -1 -1 -1 -1 -1 0 0 0 0 -1 -1 
END
15 1
1 9
1 0
-1 1 1 1 1 -1 -1 -1 -1 -1 0 0 0 0 -1 
1 1 1 1 1 -1 -1 -1 -1 0 0 0 0 0 -1 
1 1 1 1 1 -1 -1 -1 -1 0 0 0 0 0 -1 
1 1 1 1 1 -1 -1 -1 -1 0 0 0 0 0 -1 
1 1 1 1 1 -1 -1 -1 -1 0 0 0 0 0 -1 
1 1 1 1 1 -1 -1 -1 -1 0 0 0 0 0 -1 
1 1 1 1 1 -1 -1 -1 -1 0 0 0 0 0 -1 
1 1 1 1 -1 -1 -1 -1 -1 0 0 0 0 -1 -1 
1 1 1 1 -1 -1 -1 -1 -1 0 0 0 0 -1 -1 
1 1 1 1 -1 -1 -1 -1 -1 0 0 0 0 -1 -1 
1 1 1 1 -1 -1 -1 -1 -1 0 0 0 0 -1 -1 
1 1 1 1 -1 -1 -1 -1 -1 0 0 0 0 -1 -1 
1 1 1 1 -1 -1 -1 -1 -1 0 0 0 0 -1 -1 
1 1 1 1 -1 -1 -1 -1 -1 0 0 0 0 -1 -1 
1 1 1 1 -1 -1 -1 -1 -1 0 0 0 0 -1 -1 
END
15 1
0 9
0 0
1 1 1 1 1 -1 -1 -1 -1 0 0 0 0 0 -1 
1 1 1 1 1 -1 -1 -1 -1 0 0 0 0 0 -1 
1 1 1 1 1 -1 -1 -1 -1 0 0 0 0 0 -1 
1 1 1 1 1 -1 -1 -1 -1 0 0 0 0 0 -1 
1 1 1 1 1 -1 -1 -1 -1 0 0 0 0 0 -1 
1 1 1 1 1 -1 -1 -1 -1 0 0 0 0 0 -1 
1 1 1 1 1 -1 -1 -1 -1 0 0 0 0 0 -1 
1 1 1 1 -1 -1 -1 -1 -1 0 0 0 0 -1 -1 
1 1 1 1 -1 -1 -1 -1 -1 0 0 0 0 -1 -1 
1 1 1 1 -1 -1 -1 -1 -1 0 0 0 0 -1 -1 
1 1 1 1 -1 -1 -1 -1 -1 0 0 0 0 -1 -1 
1 1 1 1 -1 -1 -1 -1 -1 0 0 0 0 -1 -1 
1 1 1 1 -1 -1 -1 -1 -1 0 0 0 0 -1 -1 
1 1 1 1 -1 -1 -1 -1 -1 0 0 0 0 -1 -1 
1 1 1 1 -1 -1 -1 -1 -1 0 0 0 0 -1 -1 
END
