15 1
11 8
0 2
-1 -1 1 -1 -1 -1 -1 -1 -1 -1 -1 -1 -1 -1 -1 
-1 -1 -1 -1 -1 -1 -1 -1 -1 -1 -1 -1 -1 -1 -1 
-1 -1 -1 -1 -1 -1 -1 -1 -1 -1 -1 -1 -1 -1 -1 
-1 -1 -1 -1 -1 -1 -1 -1 -1 -1 -1 -1 -1 -1 -1 
-1 -1 -1 -1 -1 -1 -1 -1 -1 -1 -1 -1 -1 -1 -1 
-1 -1 -1 -1 -1 -1 -1 -1 -1 -1 -1 -1 -1 -1 -1 
-1 -1 -1 -1 -1 -1 -1 -1 -1 -1 -1 -1 -1 -1 -1 
-1 -1 -1 -1 -1 -1 -1 -1 -1 -1 -1 -1 -1 -1 -1 
-1 -1 -1 -1 -1 -1 -1 -1 -1 -1 -1 -1 -1 -1 -1 
-1 -1 -1 -1 -1 -1 -1 -1 -1 -1 -1 -1 -1 -1 -1 
-1 -1 -1 -1 -1 -1 -1 -1 -1 -1 -1 -1 -1 -1 -1 
-1 -1 -1 -1 -1 -1 -1 -1 0 -1 -1 -1 -1 -1 -1 
-1 -1 -1 -1 -1 -1 -1 -1 -1 -1 -1 -1 -1 -1 -1 
-1 -1 -1 -1 -1 -1 -1 -1 -1 -1 -1 -1 -1 -1 -1 
-1 -1 -1 -1 -1 -1 -1 -1 -1 -1 -1 -1 -1 -1 -1 
END
15 1
10 8
1 2
-1 -1 1 -1 -1 -1 -1 -1 -1 -1 -1 -1 -1 -1 -1 
-1 -1 1 -1 -1 -1 -1 -1 -1 -1 -1 -1 -1 -1 -1 
-1 -1 -1 -1 -1 -1 -1 -1 -1 -1 -1 -1 -1 -1 -1 
-1 -1 -1 -1 -1 -1 -1 -1 -1 -1 -1 -1 -1 -1 -1 
-1 -1 -1 -1 -1 -1 -1 -1 -1 -1 -1 -1 -1 -1 -1 
-1 -1 -1 -1 -1 -1 -1 -1 -1 -1 -1 -1 -1 -1 -1 
-1 -1 -1 -1 -1 -1 -1 -1 -1 -1 -1 -1 -1 -1 -1 
-1 -1 -1 -1 -1 -1 -1 -1 -1 -1 -1 -1 -1 -1 -1 
-1 -1 -1 -1 -1 -1 -1 -1 -1 -1 -1 -1 -1 -1 -1 
-1 -1 -1 -1 -1 -1 -1 -1 -1 -1 -1 -1 -1 -1 -1 
-1 -1 -1 -1 -1 -1 -1 -1 0 -1 -1 -1 -1 -1 -1 
-1 -1 -1 -1 -1 -1 -1 -1 0 -1 -1 -1 -1 -1 -1 
-1 -1 -1 -1 -1 -1 -1 -1 -1 -1 -1 -1 -1 -1 -1 
-1 -1 -1 -1 -1 -1 -1 -1 -1 -1 -1 -1 -1 -1 -1 
-1 -1 -1 -1 -1 -1 -1 -1 -1 -1 -1 -1 -1 -1 -1 
END
15 1
9 8
2 2
-1 -1 1 -1 -1 -1 -1 -1 -1 -1 -1 -1 -1 -1 -1 
-1 -1 1 -1 -1 -1 -1 -1 -1 -1 -1 -1 -1 -1 -1 
-1 -1 1 -1 -1 -1 -1 -1 -1 -1 -1 -1 -1 -1 -1 
-1 -1 -1 -1 -1 -1 -1 -1 -1 -1 -1 -1 -1 -1 -1 
-1 -1 -1 -1 -1 -1 -1 -1 -1 -1 -1 -1 -1 -1 -1 
-1 -1 -1 -1 -1 -1 -1 -1 -1 -1 -1 -1 -1 -1 -1 
-1 -1 -1 -1 -1 -1 -1 -1 -1 -1 -1 -1 -1 -1 -1 
-1 -1 -1 -1 -1 -1 -1 -1 -1 -1 -1 -1 -1 -1 -1 
-1 -1 -1 -1 -1 -1 -1 -1 -1 -1 -1 -1 -1 -1 -1 
-1 -1 -1 -1 -1 -1 -1 -1 0 -1 -1 -1 -1 -1 -1 
-1 -1 -1 -1 -1 -1 -1 -1 0 -1 -1 -1 -1 -1 -1 
-1 -1 -1 -1 -1 -1 -1 -1 0 -1 -1 -1 -1 -1 -1 
-1 -1 -1 -1 -1 -1 -1 -1 -1 -1 -1 -1 -1 -1 -1 
-1 -1 -1 -1 -1 -1 -1 -1 -1 -1 -1 -1 -1 -1 -1 
-1 -1 -1 -1 -1 -1 -1 -1 -1 -1 -1 -1 -1 -1 -1 
END
15 1
8 8
3 2
-1 -1 1 -1 -1 -1 -1 -1 -1 -1 -1 -1 -1 -1 -1 
-1 -1 1 -1 -1 -1 -1 -1 -1 -1 -1 -1 -1 -1 -1 
-1 -1 1 -1 -1 -1 -1 -1 -1 -1 -1 -1 -1 -1 -1 
-1 -1 1 -1 -1 -1 -1 -1 -1 -1 -1 -1 -1 -1 -1 
-1 -1 -1 -1 -1 -1 -1 -1 -1 -1 -1 -1 -1 -1 -1 
-1 -1 -1 -1 -1 -1 -1 -1 -1 -1 -1 -1 -1 -1 -1 
-1 -1 -1 -1 -1 -1 -1 -1 -1 -1 -1 -1 -1 -1 -1 
-1 -1 -1 -1 -1 -1 -1 -1 -1 -1 -1 -1 -1 -1 -1 
-1 -1 -1 -1 -1 -1 -1 -1 0 -1 -1 -1 -1 -1 -1 
-1 -1 -1 -1 -1 -1 -1 -1 0 -1 -1 -1 -1 -1 -1 
-1 -1 -1 -1 -1 -1 -1 -1 0 -1 -1 -1 -1 -1 -1 
-1 -1 -1 -1 -1 -1 -1 -1 0 -1 -1 -1 -1 -1 -1 
-1 -1 -1 -1 -1 -1 -1 -1 -1 -1 -1 -1 -1 -1 -1 
-1 -1 -1 -1 -1 -1 -1 -1 -1 -1 -1 -1 -1 -1 -1 
-1 -1 -1 -1 -1 -1 -1 -1 -1 -1 -1 -1 -1 -1 -1 
END
15 1
7 8
4 2
-1 -1 1 -1 -1 -1 -1 -1 -1 -1 -1 -1 -1 -1 -1 
-1 -1 1 -1 -1 -1 -1 -1 -1 -1 -1 -1 -1 -1 -1 
-1 -1 1 -1 -1 -1 -1 -1 -1 -1 -1 -1 -1 -1 -1 
-1 -1 1 -1 -1 -1 -1 -1 -1 -1 -1 -1 -1 -1 -1 
-1 -1 1 -1 -1 -1 -1 -1 -1 -1 -1 -1 -1 -1 -1 
-1 -1 -1 -1 -1 -1 -1 -1 -1 -1 -1 -1 -1 -1 -1 
-1 -1 -1 -1 -1 -1 -1 -1 -1 -1 -1 -1 -1 -1 -1 
-1 -1 -1 -1 -1 -1 -1 -1 0 -1 -1 -1 -1 -1 -1 
-1 -1 -1 -1 -1 -1 -1 -1 0 -1 -1 -1 -1 -1 -1 
-1 -1 -1 -1 -1 -1 -1 -1 0 -1 -1 -1 -1 -1 -1 
-1 -1 -1 -1 -1 -1 -1 -1 0 -1 -1 -1 -1 -1 -1 
-1 -1 -1 -1 -1 -1 -1 -1 0 -1 -1 -1 -1 -1 -1 
-1 -1 -1 -1 -1 -1 -1 -1 -1 -1 -1 -1 -1 -1 -1 
-1 -1 -1 -1 -1 -1 -1 -1 -1 -1 -1 -1 -1 -1 -1 
-1 -1 -1 -1 -1 -1 -1 -1 -1 -1 -1 -1 -1 -1 -1 
END
15 1
6 8
5 2
-1 -1 1 -1 -1 -1 -1 -1 -1 -1 -1 -1 -1 -1 -1 
-1 -1 1 -1 -1 -1 -1 -1 -1 -1 -1 -1 -1 -1 -1 
-1 -1 1 -1 -1 -1 -1 -1 -1 -1 -1 -1 -1 -1 -1 
-1 -1 1 -1 -1 -1 -1 -1 -1 -1 -1 -1 -1 -1 -1 
-1 -1 1 -1 -1 -1 -1 -1 -1 -1 -1 -1 -1 -1 -1 
-1 -1 1 -1 -1 -1 -1 -1 -1 -1 -1 -1 -1 -1 -1 
-1 -1 -1 -1 -1 -1 -1 -1 0 -1 -1 -1 -1 -1 -1 
-1 -1 -1 -1 -1 -1 -1 -1 0 -1 -1 -1 -1 -1 -1 
-1 -1 -1 -1 -1 -1 -1 -1 0 -1 -1 -1 -1 -1 -1 
-1 -1 -1 -1 -1 -1 -1 -1 0 -1 -1 -1 -1 -1 -1 
-1 -1 -1 -1 -1 -1 -1 -1 0 -1 -1 -1 -1 -1 -1 
-1 -1 -1 -1 -1 -1 -1 -1 0 -1 -1 -1 -1 -1 -1 
-1 -1 -1 -1 -1 -1 -1 -1 -1 -1 -1 -1 -1 -1 -1 
-1 -1 -1 -1 -1 -1 -1 -1 -1 -1 -1 -1 -1 -1 -1 
-1 -1 -1 -1 -1 -1 -1 -1 -1 -1 -1 -1 -1 -1 -1 
END
15 1
5 8
6 2
-1 -1 1 -1 -1 -1 -1 -1 -1 -1 -1 -1 -1 -1 -1 
-1 -1 1 -1 -1 -1 -1 -1 -1 -1 -1 -1 -1 -1 -1 
-1 -1 1 -1 -1 -1 -1 -1 -1 -1 -1 -1 -1 -1 -1 
-1 -1 1 -1 -1 -1 -1 -1 -1 -1 -1 -1 -1 -1 -1 
-1 -1 1 -1 -1 -1 -1 -1 -1 -1 -1 -1 -1 -1 -1 
-1 -1 1 -1 -1 -1 -1 -1 0 -1 -1 -1 -1 -1 -1 
-1 -1 1 -1 -1 -1 -1 -1 0 -1 -1 -1 -1 -1 -1 
-1 -1 -1 -1 -1 -1 -1 -1 0 -1 -1 -1 -1 -1 -1 
-1 -1 -1 -1 -1 -1 -1 -1 0 -1 -1 -1 -1 -1 -1 
-1 -1 -1 -1 -1 -1 -1 -1 0 -1 -1 -1 -1 -1 -1 
-1 -1 -1 -1 -1 -1 -1 -1 0 -1 -1 -1 -1 -1 -1 
-1 -1 -1 -1 -1 -1 -1 -1 0 -1 -1 -1 -1 -1 -1 
-1 -1 -1 -1 -1 -1 -1 -1 -1 -1 -1 -1 -1 -1 -1 
-1 -1 -1 -1 -1 -1 -1 -1 -1 -1 -1 -1 -1 -1 -1 
-1 -1 -1 -1 -1 -1 -1 -1 -1 -1 -1 -1 -1 -1 -1 
END
15 1
4 8
7 2
-1 -1 1 -1 -1 -1 -1 -1 -1 -1 -1 -1 -1 -1 -1 
-1 -1 1 -1 -1 -1 -1 -1 -1 -1 -1 -1 -1 -1 -1 
-1 -1 1 -1 -1 -1 -1 -1 -1 -1 -1 -1 -1 -1 -1 
-1 -1 1 -1 -1 -1 -1 -1 -1 -1 -1 -1 -1 -1 -1 
-1 -1 1 -1 -1 -1 -1 -1 0 -1 -1 -1 -1 -1 -1 
-1 -1 1 -1 -1 -1 -1 -1 0 -1 -1 -1 -1 -1 -1 
-1 -1 1 -1 -1 -1 -1 -1 0 -1 -1 -1 -1 -1 -1 
-1 -1 1 -1 -1 -1 -1 -1 0 -1 -1 -1 -1 -1 -1 
-1 -1 -1 -1 -1 -1 -1 -1 0 -1 -1 -1 -1 -1 -1 
-1 -1 -1 -1 -1 -1 -1 -1 0 -1 -1 -1 -1 -1 -1 
-1 -1 -1 -1 -1 -1 -1 -1 0 -1 -1 -1 -1 -1 -1 
-1 -1 -1 -1 -1 -1 -1 -1 0 -1 -1 -1 -1 -1 -1 
-1 -1 -1 -1 -1 -1 -1 -1 -1 -1 -1 -1 -1 -1 -1 
-1 -1 -1 -1 -1 -1 -1 -1 -1 -1 -1 -1 -1 -1 -1 
-1 -1 -1 -1 -1 -1 -1 -1 -1 -1 -1 -1 -1 -1 -1 
END
15 1
3 8
8 2
-1 -1 1 -1 -1 -1 -1 -1 -1 -1 -1 -1 -1 -1 -1 
-1 -1 1 -1 -1 -1 -1 -1 -1 -1 -1 -1 -1 -1 -1 
-1 -1 1 -1 -1 -1 -1 -1 -1 -1 -1 -1 -1 -1 -1 
-1 -1 1 -1 -1 -1 -1 -1 0 -1 -1 -1 -1 -1 -1 
-1 -1 1 -1 -1 -1 -1 -1 0 -1 -1 -1 -1 -1 -1 
-1 -1 1 -1 -1 -1 -1 -1 0 -1 -1 -1 -1 -1 -1 
-1 -1 1 -1 -1 -1 -1 -1 0 -1 -1 -1 -1 -1 -1 
-1 -1 1 -1 -1 -1 -1 -1 0 -1 -1 -1 -1 -1 -1 
-1 -1 1 -1 -1 -1 -1 -1 0 -1 -1 -1 -1 -1 -1 
-1 -1 -1 -1 -1 -1 -1 -1 0 -1 -1 -1 -1 -1 -1 
-1 -1 -1 -1 -1 -1 -1 -1 0 -1 -1 -1 -1 -1 -1 
-1 -1 -1 -1 -1 -1 -1 -1 0 -1 -1 -1 -1 -1 -1 
-1 -1 -1 -1 -1 -1 -1 -1 -1 -1 -1 -1 -1 -1 -1 
-1 -1 -1 -1 -1 -1 -1 -1 -1 -1 -1 -1 -1 -1 -1 
-1 -1 -1 -1 -1 -1 -1 -1 -1 -1 -1 -1 -1 -1 -1 
END
15 1
2 8
9 2
-1 -1 1 -1 -1 -1 -1 -1 -1 -1 -1 -1 -1 -1 -1 
-1 -1 1 -1 -1 -1 -1 -1 -1 -1 -1 -1 -1 -1 -1 
-1 -1 1 -1 -1 -1 -1 -1 0 -1 -1 -1 -1 -1 -1 
-1 -1 1 -1 -1 -1 -1 -1 0 -1 -1 -1 -1 -1 -1 
-1 -1 1 -1 -1 -1 -1 -1 0 -1 -1 -1 -1 -1 -1 
-1 -1 1 -1 -1 -1 -1 -1 0 -1 -1 -1 -1 -1 -1 
-1 -1 1 -1 -1 -1 -1 -1 0 -1 -1 -1 -1 -1 -1 
-1 -1 1 -1 -1 -1 -1 -1 0 -1 -1 -1 -1 -1 -1 
-1 -1 1 -1 -1 -1 -1 -1 0 -1 -1 -1 -1 -1 -1 
-1 -1 1 -1 -1 -1 -1 -1 0 -1 -1 -1 -1 -1 -1 
-1 -1 -1 -1 -1 -1 -1 -1 0 -1 -1 -1 -1 -1 -1 
-1 -1 -1 -1 -1 -1 -1 -1 0 -1 -1 -1 -1 -1 -1 
-1 -1 -1 -1 -1 -1 -1 -1 -1 -1 -1 -1 -1 -1 -1 
-1 -1 -1 -1 -1 -1 -1 -1 -1 -1 -1 -1 -1 -1 -1 
-1 -1 -1 -1 -1 -1 -1 -1 -1 -1 -1 -1 -1 -1 -1 
END
15 1
1 8
10 2
-1 -1 1 -1 -1 -1 -1 -1 -1 -1 -1 -1 -1 -1 -1 
-1 -1 1 -1 -1 -1 -1 -1 0 -1 -1 -1 -1 -1 -1 
-1 -1 1 -1 -1 -1 -1 -1 0 -1 -1 -1 -1 -1 -1 
-1 -1 1 -1 -1 -1 -1 -1 0 -1 -1 -1 -1 -1 -1 
-1 -1 1 -1 -1 -1 -1 -1 0 -1 -1 -1 -1 -1 -1 
-1 -1 1 -1 -1 -1 -1 -1 0 -1 -1 -1 -1 -1 -1 
-1 -1 1 -1 -1 -1 -1 -1 0 -1 -1 -1 -1 -1 -1 
-1 -1 1 -1 -1 -1 -1 -1 0 -1 -1 -1 -1 -1 -1 
-1 -1 1 -1 -1 -1 -1 -1 0 -1 -1 -1 -1 -1 -1 
-1 -1 1 -1 -1 -1 -1 -1 0 -1 -1 -1 -1 -1 -1 
-1 -1 1 -1 -1 -1 -1 -1 0 -1 -1 -1 -1 -1 -1 
-1 -1 -1 -1 -1 -1 -1 -1 0 -1 -1 -1 -1 -1 -1 
-1 -1 -1 -1 -1 -1 -1 -1 -1 -1 -1 -1 -1 -1 -1 
-1 -1 -1 -1 -1 -1 -1 -1 -1 -1 -1 -1 -1 -1 -1 
-1 -1 -1 -1 -1 -1 -1 -1 -1 -1 -1 -1 -1 -1 -1 
END
15 1
0 8
11 2
-1 -1 1 -1 -1 -1 -1 -1 0 -1 -1 -1 -1 -1 -1 
-1 -1 1 -1 -1 -1 -1 -1 0 -1 -1 -1 -1 -1 -1 
-1 -1 1 -1 -1 -1 -1 -1 0 -1 -1 -1 -1 -1 -1 
-1 -1 1 -1 -1 -1 -1 -1 0 -1 -1 -1 -1 -1 -1 
-1 -1 1 -1 -1 -1 -1 -1 0 -1 -1 -1 -1 -1 -1 
-1 -1 1 -1 -1 -1 -1 -1 0 -1 -1 -1 -1 -1 -1 
-1 -1 1 -1 -1 -1 -1 -1 0 -1 -1 -1 -1 -1 -1 
-1 -1 1 -1 -1 -1 -1 -1 0 -1 -1 -1 -1 -1 -1 
-1 -1 1 -1 -1 -1 -1 -1 0 -1 -1 -1 -1 -1 -1 
-1 -1 1 -1 -1 -1 -1 -1 0 -1 -1 -1 -1 -1 -1 
-1 -1 1 -1 -1 -1 -1 -1 0 -1 -1 -1 -1 -1 -1 
-1 -1 1 -1 -1 -1 -1 -1 0 -1 -1 -1 -1 -1 -1 
-1 -1 -1 -1 -1 -1 -1 -1 -1 -1 -1 -1 -1 -1 -1 
-1 -1 -1 -1 -1 -1 -1 -1 -1 -1 -1 -1 -1 -1 -1 
-1 -1 -1 -1 -1 -1 -1 -1 -1 -1 -1 -1 -1 -1 -1 
END
15 1
0 7
12 2
-1 -1 1 -1 -1 -1 -1 0 0 -1 -1 -1 -1 -1 -1 
-1 -1 1 -1 -1 -1 -1 -1 0 -1 -1 -1 -1 -1 -1 
-1 -1 1 -1 -1 -1 -1 -1 0 -1 -1 -1 -1 -1 -1 
-1 -1 1 -1 -1 -1 -1 -1 0 -1 -1 -1 -1 -1 -1 
-1 -1 1 -1 -1 -1 -1 -1 0 -1 -1 -1 -1 -1 -1 
-1 -1 1 -1 -1 -1 -1 -1 0 -1 -1 -1 -1 -1 -1 
-1 -1 1 -1 -1 -1 -1 -1 0 -1 -1 -1 -1 -1 -1 
-1 -1 1 -1 -1 -1 -1 -1 0 -1 -1 -1 -1 -1 -1 
-1 -1 1 -1 -1 -1 -1 -1 0 -1 -1 -1 -1 -1 -1 
-1 -1 1 -1 -1 -1 -1 -1 0 -1 -1 -1 -1 -1 -1 
-1 -1 1 -1 -1 -1 -1 -1 0 -1 -1 -1 -1 -1 -1 
-1 -1 1 -1 -1 -1 -1 -1 0 -1 -1 -1 -1 -1 -1 
-1 -1 1 -1 -1 -1 -1 -1 -1 -1 -1 -1 -1 -1 -1 
-1 -1 -1 -1 -1 -1 -1 -1 -1 -1 -1 -1 -1 -1 -1 
-1 -1 -1 -1 -1 -1 -1 -1 -1 -1 -1 -1 -1 -1 -1 
END
15 1
1 7
13 2
-1 -1 1 -1 -1 -1 -1 0 0 -1 -1 -1 -1 -1 -1 
-1 -1 1 -1 -1 -1 -1 0 0 -1 -1 -1 -1 -1 -1 
-1 -1 1 -1 -1 -1 -1 -1 0 -1 -1 -1 -1 -1 -1 
-1 -1 1 -1 -1 -1 -1 -1 0 -1 -1 -1 -1 -1 -1 
-1 -1 1 -1 -1 -1 -1 -1 0 -1 -1 -1 -1 -1 -1 
-1 -1 1 -1 -1 -1 -1 -1 0 -1 -1 -1 -1 -1 -1 
-1 -1 1 -1 -1 -1 -1 -1 0 -1 -1 -1 -1 -1 -1 
-1 -1 1 -1 -1 -1 -1 -1 0 -1 -1 -1 -1 -1 -1 
-1 -1 1 -1 -1 -1 -1 -1 0 -1 -1 -1 -1 -1 -1 
-1 -1 1 -1 -1 -1 -1 -1 0 -1 -1 -1 -1 -1 -1 
-1 -1 1 -1 -1 -1 -1 -1 0 -1 -1 -1 -1 -1 -1 
-1 -1 1 -1 -1 -1 -1 -1 0 -1 -1 -1 -1 -1 -1 
-1 -1 1 -1 -1 -1 -1 -1 -1 -1 -1 -1 -1 -1 -1 
-1 -1 1 -1 -1 -1 -1 -1 -1 -1 -1 -1 -1 -1 -1 
-1 -1 -1 -1 -1 -1 -1 -1 -1 -1 -1 -1 -1 -1 -1 
END
15 1
2 7
14 2
-1 -1 1 -1 -1 -1 -1 0 0 -1 -1 -1 -1 -1 -1 
-1 -1 1 -1 -1 -1 -1 0 0 -1 -1 -1 -1 -1 -1 
-1 -1 1 -1 -1 -1 -1 0 0 -1 -1 -1 -1 -1 -1 
-1 -1 1 -1 -1 -1 -1 -1 0 -1 -1 -1 -1 -1 -1 
-1 -1 1 -1 -1 -1 -1 -1 0 -1 -1 -1 -1 -1 -1 
-1 -1 1 -1 -1 -1 -1 -1 0 -1 -1 -1 -1 -1 -1 
-1 -1 1 -1 -1 -1 -1 -1 0 -1 -1 -1 -1 -1 -1 
-1 -1 1 -1 -1 -1 -1 -1 0 -1 -1 -1 -1 -1 -1 
-1 -1 1 -1 -1 -1 -1 -1 0 -1 -1 -1 -1 -1 -1 
-1 -1 1 -1 -1 -1 -1 -1 0 -1 -1 -1 -1 -1 -1 
-1 -1 1 -1 -1 -1 -1 -1 0 -1 -1 -1 -1 -1 -1 
-1 -1 1 -1 -1 -1 -1 -1 0 -1 -1 -1 -1 -1 -1 
-1 -1 1 -1 -1 -1 -1 -1 -1 -1 -1 -1 -1 -1 -1 
-1 -1 1 -1 -1 -1 -1 -1 -1 -1 -1 -1 -1 -1 -1 
-1 -1 1 -1 -1 -1 -1 -1 -1 -1 -1 -1 -1 -1 -1 
END
15 1
3 7
14 1
-1 -1 1 -1 -1 -1 -1 0 0 -1 -1 -1 -1 -1 -1 
-1 -1 1 -1 -1 -1 -1 0 0 -1 -1 -1 -1 -1 -1 
-1 -1 1 -1 -1 -1 -1 0 0 -1 -1 -1 -1 -1 -1 
-1 -1 1 -1 -1 -1 -1 0 0 -1 -1 -1 -1 -1 -1 
-1 -1 1 -1 -1 -1 -1 -1 0 -1 -1 -1 -1 -1 -1 
-1 -1 1 -1 -1 -1 -1 -1 0 -1 -1 -1 -1 -1 -1 
-1 -1 1 -1 -1 -1 -1 -1 0 -1 -1 -1 -1 -1 -1 
-1 -1 1 -1 -1 -1 -1 -1 0 -1 -1 -1 -1 -1 -1 
-1 -1 1 -1 -1 -1 -1 -1 0 -1 -1 -1 -1 -1 -1 
-1 -1 1 -1 -1 -1 -1 -1 0 -1 -1 -1 -1 -1 -1 
-1 -1 1 -1 -1 -1 -1 -1 0 -1 -1 -1 -1 -1 -1 
-1 -1 1 -1 -1 -1 -1 -1 0 -1 -1 -1 -1 -1 -1 
-1 -1 1 -1 -1 -1 -1 -1 -1 -1 -1 -1 -1 -1 -1 
-1 -1 1 -1 -1 -1 -1 -1 -1 -1 -1 -1 -1 -1 -1 
-1 1 1 -1 -1 -1 -1 -1 -1 -1 -1 -1 -1 -1 -1 
END
15 1
4 7
13 1
-1 -1 1 -1 -1 -1 -1 0 0 -1 -1 -1 -1 -1 -1 
-1 -1 1 -1 -1 -1 -1 0 0 -1 -1 -1 -1 -1 -1 
-1 -1 1 -1 -1 -1 -1 0 0 -1 -1 -1 -1 -1 -1 
-1 -1 1 -1 -1 -1 -1 0 0 -1 -1 -1 -1 -1 -1 
-1 -1 1 -1 -1 -1 -1 0 0 -1 -1 -1 -1 -1 -1 
-1 -1 1 -1 -1 -1 -1 -1 0 -1 -1 -1 -1 -1 -1 
-1 -1 1 -1 -1 -1 -1 -1 0 -1 -1 -1 -1 -1 -1 
-1 -1 1 -1 -1 -1 -1 -1 0 -1 -1 -1 -1 -1 -1 
-1 -1 1 -1 -1 -1 -1 -1 0 -1 -1 -1 -1 -1 -1 
-1 -1 1 -1 -1 -1 -1 -1 0 -1 -1 -1 -1 -1 -1 
-1 -1 1 -1 -1 -1 -1 -1 0 -1 -1 -1 -1 -1 -1 
-1 -1 1 -1 -1 -1 -1 -1 0 -1 -1 -1 -1 -1 -1 
-1 -1 1 -1 -1 -1 -1 -1 -1 -1 -1 -1 -1 -1 -1 
-1 1 1 -1 -1 -1 -1 -1 -1 -1 -1 -1 -1 -1 -1 
-1 1 1 -1 -1 -1 -1 -1 -1 -1 -1 -1 -1 -1 -1 
END
15 1
5 7
12 1
-1 -1 1 -1 -1 -1 -1 0 0 -1 -1 -1 -1 -1 -1 
-1 -1 1 -1 -1 -1 -1 0 0 -1 -1 -1 -1 -1 -1 
-1 -1 1 -1 -1 -1 -1 0 0 -1 -1 -1 -1 -1 -1 
-1 -1 1 -1 -1 -1 -1 0 0 -1 -1 -1 -1 -1 -1 
-1 -1 1 -1 -1 -1 -1 0 0 -1 -1 -1 -1 -1 -1 
-1 -1 1 -1 -1 -1 -1 0 0 -1 -1 -1 -1 -1 -1 
-1 -1 1 -1 -1 -1 -1 -1 0 -1 -1 -1 -1 -1 -1 
-1 -1 1 -1 -1 -1 -1 -1 0 -1 -1 -1 -1 -1 -1 
-1 -1 1 -1 -1 -1 -1 -1 0 -1 -1 -1 -1 -1 -1 
-1 -1 1 -1 -1 -1 -1 -1 0 -1 -1 -1 -1 -1 -1 
-1 -1 1 -1 -1 -1 -1 -1 0 -1 -1 -1 -1 -1 -1 
-1 -1 1 -1 -1 -1 -1 -1 0 -1 -1 -1 -1 -1 -1 
-1 1 1 -1 -1 -1 -1 -1 -1 -1 -1 -1 -1 -1 -1 
-1 1 1 -1 -1 -1 -1 -1 -1 -1 -1 -1 -1 -1 -1 
-1 1 1 -1 -1 -1 -1 -1 -1 -1 -1 -1 -1 -1 -1 
END
15 1
6 7
11 1
-1 -1 1 -1 -1 -1 -1 0 0 -1 -1 -1 -1 -1 -1 
-1 -1 1 -1 -1 -1 -1 0 0 -1 -1 -1 -1 -1 -1 
-1 -1 1 -1 -1 -1 -1 0 0 -1 -1 -1 -1 -1 -1 
-1 -1 1 -1 -1 -1 -1 0 0 -1 -1 -1 -1 -1 -1 
-1 -1 1 -1 -1 -1 -1 0 0 -1 -1 -1 -1 -1 -1 
-1 -1 1 -1 -1 -1 -1 0 0 -1 -1 -1 -1 -1 -1 
-1 -1 1 -1 -1 -1 -1 0 0 -1 -1 -1 -1 -1 -1 
-1 -1 1 -1 -1 -1 -1 -1 0 -1 -1 -1 -1 -1 -1 
-1 -1 1 -1 -1 -1 -1 -1 0 -1 -1 -1 -1 -1 -1 
-1 -1 1 -1 -1 -1 -1 -1 0 -1 -1 -1 -1 -1 -1 
-1 -1 1 -1 -1 -1 -1 -1 0 -1 -1 -1 -1 -1 -1 
-1 1 1 -1 -1 -1 -1 -1 0 -1 -1 -1 -1 -1 -1 
-1 1 1 -1 -1 -1 -1 -1 -1 -1 -1 -1 -1 -1 -1 
-1 1 1 -1 -1 -1 -1 -1 -1 -1 -1 -1 -1 -1 -1 
-1 1 1 -1 -1 -1 -1 -1 -1 -1 -1 -1 -1 -1 -1 
END
15 1
7 7
10 1
-1 -1 1 -1 -1 -1 -1 0 0 -1 -1 -1 -1 -1 -1 
-1 -1 1 -1 -1 -1 -1 0 0 -1 -1 -1 -1 -1 -1 
-1 -1 1 -1 -1 -1 -1 0 0 -1 -1 -1 -1 -1 -1 
-1 -1 1 -1 -1 -1 -1 0 0 -1 -1 -1 -1 -1 -1 
-1 -1 1 -1 -1 -1 -1 0 0 -1 -1 -1 -1 -1 -1 
-1 -1 1 -1 -1 -1 -1 0 0 -1 -1 -1 -1 -1 -1 
-1 -1 1 -1 -1 -1 -1 0 0 -1 -1 -1 -1 -1 -1 
-1 -1 1 -1 -1 -1 -1 0 0 -1 -1 -1 -1 -1 -1 
-1 -1 1 -1 -1 -1 -1 -1 0 -1 -1 -1 -1 -1 -1 
-1 -1 1 -1 -1 -1 -1 -1 0 -1 -1 -1 -1 -1 -1 
-1 1 1 -1 -1 -1 -1 -1 0 -1 -1 -1 -1 -1 -1 
-1 1 1 -1 -1 -1 -1 -1 0 -1 -1 -1 -1 -1 -1 
-1 1 1 -1 -1 -1 -1 -1 -1 -1 -1 -1 -1 -1 -1 
-1 1 1 -1 -1 -1 -1 -1 -1 -1 -1 -1 -1 -1 -1 
-1 1 1 -1 -1 -1 -1 -1 -1 -1 -1 -1 -1 -1 -1 
END
15 1
8 7
9 1
-1 -1 1 -1 -1 -1 -1 0 0 -1 -1 -1 -1 -1 -1 
-1 -1 1 -1 -1 -1 -1 0 0 -1 -1 -1 -1 -1 -1 
-1 -1 1 -1 -1 -1 -1 0 0 -1 -1 -1 -1 -1 -1 
-1 -1 1 -1 -1 -1 -1 0 0 -1 -1 -1 -1 -1 -1 
-1 -1 1 -1 -1 -1 -1 0 0 -1 -1 -1 -1 -1 -1 
-1 -1 1 -1 -1 -1 -1 0 0 -1 -1 -1 -1 -1 -1 
-1 -1 1 -1 -1 -1 -1 0 0 -1 -1 -1 -1 -1 -1 
-1 -1 1 -1 -1 -1 -1 0 0 -1 -1 -1 -1 -1 -1 
-1 -1 1 -1 -1 -1 -1 0 0 -1 -1 -1 -1 -1 -1 
-1 1 1 -1 -1 -1 -1 -1 0 -1 -1 -1 -1 -1 -1 
-1 1 1 -1 -1 -1 -1 -1 0 -1 -1 -1 -1 -1 -1 
-1 1 1 -1 -1 -1 -1 -1 0 -1 -1 -1 -1 -1 -1 
-1 1 1 -1 -1 -1 -1 -1 -1 -1 -1 -1 -1 -1 -1 
-1 1 1 -1 -1 -1 -1 -1 -1 -1 -1 -1 -1 -1 -1 
-1 1 1 -1 -1 -1 -1 -1 -1 -1 -1 -1 -1 -1 -1 
END
15 1
9 7
8 1
-1 -1 1 -1 -1 -1 -1 0 0 -1 -1 -1 -1 -1 -1 
-1 -1 1 -1 -1 -1 -1 0 0 -1 -1 -1 -1 -1 -1 
-1 -1 1 -1 -1 -1 -1 0 0 -1 -1 -1 -1 -1 -1 
-1 -1 1 -1 -1 -1 -1 0 0 -1 -1 -1 -1 -1 -1 
-1 -1 1 -1 -1 -1 -1 0 0 -1 -1 -1 -1 -1 -1 
-1 -1 1 -1 -1 -1 -1 0 0 -1 -1 -1 -1 -1 -1 
-1 -1 1 -1 -1 -1 -1 0 0 -1 -1 -1 -1 -1 -1 
-1 -1 1 -1 -1 -1 -1 0 0 -1 -1 -1 -1 -1 -1 
-1 1 1 -1 -1 -1 -1 0 0 -1 -1 -1 -1 -1 -1 
-1 1 1 -1 -1 -1 -1 0 0 -1 -1 -1 -1 -1 -1 
-1 1 1 -1 -1 -1 -1 -1 0 -1 -1 -1 -1 -1 -1 
-1 1 1 -1 -1 -1 -1 -1 0 -1 -1 -1 -1 -1 -1 
-1 1 1 -1 -1 -1 -1 -1 -1 -1 -1 -1 -1 -1 -1 
-1 1 1 -1 -1 -1 -1 -1 -1 -1 -1 -1 -1 -1 -1 
-1 1 1 -1 -1 -1 -1 -1 -1 -1 -1 -1 -1 -1 -1 
END
15 1
10 7
7 1
-1 -1 1 -1 -1 -1 -1 0 0 -1 -1 -1 -1 -1 -1 
-1 -1 1 -1 -1 -1 -1 0 0 -1 -1 -1 -1 -1 -1 
-1 -1 1 -1 -1 -1 -1 0 0 -1 -1 -1 -1 -1 -1 
-1 -1 1 -1 -1 -1 -1 0 0 -1 -1 -1 -1 -1 -1 
-1 -1 1 -1 -1 -1 -1 0 0 -1 -1 -1 -1 -1 -1 
-1 -1 1 -1 -1 -1 -1 0 0 -1 -1 -1 -1 -1 -1 
-1 -1 1 -1 -1 -1 -1 0 0 -1 -1 -1 -1 -1 -1 
-1 1 1 -1 -1 -1 -1 0 0 -1 -1 -1 -1 -1 -1 
-1 1 1 -1 -1 -1 -1 0 0 -1 -1 -1 -1 -1 -1 
-1 1 1 -1 -1 -1 -1 0 0 -1 -1 -1 -1 -1 -1 
-1 1 1 -1 -1 -1 -1 0 0 -1 -1 -1 -1 -1 -1 
-1 1 1 -1 -1 -1 -1 -1 0 -1 -1 -1 -1 -1 -1 
-1 1 1 -1 -1 -1 -1 -1 -1 -1 -1 -1 -1 -1 -1 
-1 1 1 -1 -1 -1 -1 -1 -1 -1 -1 -1 -1 -1 -1 
-1 1 1 -1 -1 -1 -1 -1 -1 -1 -1 -1 -1 -1 -1 
END
15 1
11 7
6 1
-1 -1 1 -1 -1 -1 -1 0 0 -1 -1 -1 -1 -1 -1 
-1 -1 1 -1 -1 -1 -1 0 0 -1 -1 -1 -1 -1 -1 
-1 -1 1 -1 -1 -1 -1 0 0 -1 -1 -1 -1 -1 -1 
-1 -1 1 -1 -1 -1 -1 0 0 -1 -1 -1 -1 -1 -1 
-1 -1 1 -1 -1 -1 -1 0 0 -1 -1 -1 -1 -1 -1 
-1 -1 1 -1 -1 -1 -1 0 0 -1 -1 -1 -1 -1 -1 
-1 1 1 -1 -1 -1 -1 0 0 -1 -1 -1 -1 -1 -1 
-1 1 1 -1 -1 -1 -1 0 0 -1 -1 -1 -1 -1 -1 
-1 1 1 -1 -1 -1 -1 0 0 -1 -1 -1 -1 -1 -1 
-1 1 1 -1 -1 -1 -1 0 0 -1 -1 -1 -1 -1 -1 
-1 1 1 -1 -1 -1 -1 0 0 -1 -1 -1 -1 -1 -1 
-1 1 1 -1 -1 -1 -1 0 0 -1 -1 -1 -1 -1 -1 
-1 1 1 -1 -1 -1 -1 -1 -1 -1 -1 -1 -1 -1 -1 
-1 1 1 -1 -1 -1 -1 -1 -1 -1 -1 -1 -1 -1 -1 
-1 1 1 -1 -1 -1 -1 -1 -1 -1 -1 -1 -1 -1 -1 
END
15 1
12 7
5 1
-1 -1 1 -1 -1 -1 -1 0 0 -1 -1 -1 -1 -1 -1 
-1 -1 1 -1 -1 -1 -1 0 0 -1 -1 -1 -1 -1 -1 
-1 -1 1 -1 -1 -1 -1 0 0 -1 -1 -1 -1 -1 -1 
-1 -1 1 -1 -1 -1 -1 0 0 -1 -1 -1 -1 -1 -1 
-1 -1 1 -1 -1 -1 -1 0 0 -1 -1 -1 -1 -1 -1 
-1 1 1 -1 -1 -1 -1 0 0 -1 -1 -1 -1 -1 -1 
-1 1 1 -1 -1 -1 -1 0 0 -1 -1 -1 -1 -1 -1 
-1 1 1 -1 -1 -1 -1 0 0 -1 -1 -1 -1 -1 -1 
-1 1 1 -1 -1 -1 -1 0 0 -1 -1 -1 -1 -1 -1 
-1 1 1 -1 -1 -1 -1 0 0 -1 -1 -1 -1 -1 -1 
-1 1 1 -1 -1 -1 -1 0 0 -1 -1 -1 -1 -1 -1 
-1 1 1 -1 -1 -1 -1 0 0 -1 -1 -1 -1 -1 -1 
-1 1 1 -1 -1 -1 -1 0 -1 -1 -1 -1 -1 -1 -1 
-1 1 1 -1 -1 -1 -1 -1 -1 -1 -1 -1 -1 -1 -1 
-1 1 1 -1 -1 -1 -1 -1 -1 -1 -1 -1 -1 -1 -1 
END
15 1
13 7
4 1
-1 -1 1 -1 -1 -1 -1 0 0 -1 -1 -1 -1 -1 -1 
-1 -1 1 -1 -1 -1 -1 0 0 -1 -1 -1 -1 -1 -1 
-1 -1 1 -1 -1 -1 -1 0 0 -1 -1 -1 -1 -1 -1 
-1 -1 1 -1 -1 -1 -1 0 0 -1 -1 -1 -1 -1 -1 
-1 1 1 -1 -1 -1 -1 0 0 -1 -1 -1 -1 -1 -1 
-1 1 1 -1 -1 -1 -1 0 0 -1 -1 -1 -1 -1 -1 
-1 1 1 -1 -1 -1 -1 0 0 -1 -1 -1 -1 -1 -1 
-1 1 1 -1 -1 -1 -1 0 0 -1 -1 -1 -1 -1 -1 
-1 1 1 -1 -1 -1 -1 0 0 -1 -1 -1 -1 -1 -1 
-1 1 1 -1 -1 -1 -1 0 0 -1 -1 -1 -1 -1 -1 
-1 1 1 -1 -1 -1 -1 0 0 -1 -1 -1 -1 -1 -1 
-1 1 1 -1 -1 -1 -1 0 0 -1 -1 -1 -1 -1 -1 
-1 1 1 -1 -1 -1 -1 0 -1 -1 -1 -1 -1 -1 -1 
-1 1 1 -1 -1 -1 -1 0 -1 -1 -1 -1 -1 -1 -1 
-1 1 1 -1 -1 -1 -1 -1 -1 -1 -1 -1 -1 -1 -1 
END
15 1
14 7
3 1
-1 -1 1 -1 -1 -1 -1 0 0 -1 -1 -1 -1 -1 -1 
-1 -1 1 -1 -1 -1 -1 0 0 -1 -1 -1 -1 -1 -1 
-1 -1 1 -1 -1 -1 -1 0 0 -1 -1 -1 -1 -1 -1 
-1 1 1 -1 -1 -1 -1 0 0 -1 -1 -1 -1 -1 -1 
-1 1 1 -1 -1 -1 -1 0 0 -1 -1 -1 -1 -1 -1 
-1 1 1 -1 -1 -1 -1 0 0 -1 -1 -1 -1 -1 -1 
-1 1 1 -1 -1 -1 -1 0 0 -1 -1 -1 -1 -1 -1 
-1 1 1 -1 -1 -1 -1 0 0 -1 -1 -1 -1 -1 -1 
-1 1 1 -1 -1 -1 -1 0 0 -1 -1 -1 -1 -1 -1 
-1 1 1 -1 -1 -1 -1 0 0 -1 -1 -1 -1 -1 -1 
-1 1 1 -1 -1 -1 -1 0 0 -1 -1 -1 -1 -1 -1 
-1 1 1 -1 -1 -1 -1 0 0 -1 -1 -1 -1 -1 -1 
-1 1 1 -1 -1 -1 -1 0 -1 -1 -1 -1 -1 -1 -1 
-1 1 1 -1 -1 -1 -1 0 -1 -1 -1 -1 -1 -1 -1 
-1 1 1 -1 -1 -1 -1 0 -1 -1 -1 -1 -1 -1 -1 
END
15 1
14 6
2 1
-1 -1 1 -1 -1 -1 -1 0 0 -1 -1 -1 -1 -1 -1 
-1 -1 1 -1 -1 -1 -1 0 0 -1 -1 -1 -1 -1 -1 
-1 1 1 -1 -1 -1 -1 0 0 -1 -1 -1 -1 -1 -1 
-1 1 1 -1 -1 -1 -1 0 0 -1 -1 -1 -1 -1 -1 
-1 1 1 -1 -1 -1 -1 0 0 -1 -1 -1 -1 -1 -1 
-1 1 1 -1 -1 -1 -1 0 0 -1 -1 -1 -1 -1 -1 
-1 1 1 -1 -1 -1 -1 0 0 -1 -1 -1 -1 -1 -1 
-1 1 1 -1 -1 -1 -1 0 0 -1 -1 -1 -1 -1 -1 
-1 1 1 -1 -1 -1 -1 0 0 -1 -1 -1 -1 -1 -1 
-1 1 1 -1 -1 -1 -1 0 0 -1 -1 -1 -1 -1 -1 
-1 1 1 -1 -1 -1 -1 0 0 -1 -1 -1 -1 -1 -1 
-1 1 1 -1 -1 -1 -1 0 0 -1 -1 -1 -1 -1 -1 
-1 1 1 -1 -1 -1 -1 0 -1 -1 -1 -1 -1 -1 -1 
-1 1 1 -1 -1 -1 -1 0 -1 -1 -1 -1 -1 -1 -1 
-1 1 1 -1 -1 -1 0 0 -1 -1 -1 -1 -1 -1 -1 
END
15 1
13 6
1 1
-1 -1 1 -1 -1 -1 -1 0 0 -1 -1 -1 -1 -1 -1 
-1 1 1 -1 -1 -1 -1 0 0 -1 -1 -1 -1 -1 -1 
-1 1 1 -1 -1 -1 -1 0 0 -1 -1 -1 -1 -1 -1 
-1 1 1 -1 -1 -1 -1 0 0 -1 -1 -1 -1 -1 -1 
-1 1 1 -1 -1 -1 -1 0 0 -1 -1 -1 -1 -1 -1 
-1 1 1 -1 -1 -1 -1 0 0 -1 -1 -1 -1 -1 -1 
-1 1 1 -1 -1 -1 -1 0 0 -1 -1 -1 -1 -1 -1 
-1 1 1 -1 -1 -1 -1 0 0 -1 -1 -1 -1 -1 -1 
-1 1 1 -1 -1 -1 -1 0 0 -1 -1 -1 -1 -1 -1 
-1 1 1 -1 -1 -1 -1 0 0 -1 -1 -1 -1 -1 -1 
-1 1 1 -1 -1 -1 -1 0 0 -1 -1 -1 -1 -1 -1 
-1 1 1 -1 -1 -1 -1 0 0 -1 -1 -1 -1 -1 -1 
-1 1 1 -1 -1 -1 -1 0 -1 -1 -1 -1 -1 -1 -1 
-1 1 1 -1 -1 -1 0 0 -1 -1 -1 -1 -1 -1 -1 
-1 1 1 -1 -1 -1 0 0 -1 -1 -1 -1 -1 -1 -1 
END
15 1
12 6
0 1
-1 1 1 -1 -1 -1 -1 0 0 -1 -1 -1 -1 -1 -1 
-1 1 1 -1 -1 -1 -1 0 0 -1 -1 -1 -1 -1 -1 
-1 1 1 -1 -1 -1 -1 0 0 -1 -1 -1 -1 -1 -1 
-1 1 1 -1 -1 -1 -1 0 0 -1 -1 -1 -1 -1 -1 
-1 1 1 -1 -1 -1 -1 0 0 -1 -1 -1 -1 -1 -1 
-1 1 1 -1 -1 -1 -1 0 0 -1 -1 -1 -1 -1 -1 
-1 1 1 -1 -1 -1 -1 0 0 -1 -1 -1 -1 -1 -1 
-1 1 1 -1 -1 -1 -1 0 0 -1 -1 -1 -1 -1 -1 
-1 1 1 -1 -1 -1 -1 0 0 -1 -1 -1 -1 -1 -1 
-1 1 1 -1 -1 -1 -1 0 0 -1 -1 -1 -1 -1 -1 
-1 1 1 -1 -1 -1 -1 0 0 -1 -1 -1 -1 -1 -1 
-1 1 1 -1 -1 -1 -1 0 0 -1 -1 -1 -1 -1 -1 
-1 1 1 -1 -1 -1 0 0 -1 -1 -1 -1 -1 -1 -1 
-1 1 1 -1 -1 -1 0 0 -1 -1 -1 -1 -1 -1 -1 
-1 1 1 -1 -1 -1 0 0 -1 -1 -1 -1 -1 -1 -1 
END
15 1
11 6
0 0
1 1 1 -1 -1 -1 -1 0 0 -1 -1 -1 -1 -1 -1 
-1 1 1 -1 -1 -1 -1 0 0 -1 -1 -1 -1 -1 -1 
-1 1 1 -1 -1 -1 -1 0 0 -1 -1 -1 -1 -1 -1 
-1 1 1 -1 -1 -1 -1 0 0 -1 -1 -1 -1 -1 -1 
-1 1 1 -1 -1 -1 -1 0 0 -1 -1 -1 -1 -1 -1 
-1 1 1 -1 -1 -1 -1 0 0 -1 -1 -1 -1 -1 -1 
-1 1 1 -1 -1 -1 -1 0 0 -1 -1 -1 -1 -1 -1 
-1 1 1 -1 -1 -1 -1 0 0 -1 -1 -1 -1 -1 -1 
-1 1 1 -1 -1 -1 -1 0 0 -1 -1 -1 -1 -1 -1 
-1 1 1 -1 -1 -1 -1 0 0 -1 -1 -1 -1 -1 -1 
-1 1 1 -1 -1 -1 -1 0 0 -1 -1 -1 -1 -1 -1 
-1 1 1 -1 -1 -1 0 0 0 -1 -1 -1 -1 -1 -1 
-1 1 1 -1 -1 -1 0 0 -1 -1 -1 -1 -1 -1 -1 
-1 1 1 -1 -1 -1 0 0 -1 -1 -1 -1 -1 -1 -1 
-1 1 1 -1 -1 -1 0 0 -1 -1 -1 -1 -1 -1 -1 
END
15 1
10 6
1 0
1 1 1 -1 -1 -1 -1 0 0 -1 -1 -1 -1 -1 -1 
1 1 1 -1 -1 -1 -1 0 0 -1 -1 -1 -1 -1 -1 
-1 1 1 -1 -1 -1 -1 0 0 -1 -1 -1 -1 -1 -1 
-1 1 1 -1 -1 -1 -1 0 0 -1 -1 -1 -1 -1 -1 
-1 1 1 -1 -1 -1 -1 0 0 -1 -1 -1 -1 -1 -1 
-1 1 1 -1 -1 -1 -1 0 0 -1 -1 -1 -1 -1 -1 
-1 1 1 -1 -1 -1 -1 0 0 -1 -1 -1 -1 -1 -1 
-1 1 1 -1 -1 -1 -1 0 0 -1 -1 -1 -1 -1 -1 
-1 1 1 -1 -1 -1 -1 0 0 -1 -1 -1 -1 -1 -1 
-1 1 1 -1 -1 -1 -1 0 0 -1 -1 -1 -1 -1 -1 
-1 1 1 -1 -1 -1 0 0 0 -1 -1 -1 -1 -1 -1 
-1 1 1 -1 -1 -1 0 0 0 -1 -1 -1 -1 -1 -1 
-1 1 1 -1 -1 -1 0 0 -1 -1 -1 -1 -1 -1 -1 
-1 1 1 -1 -1 -1 0 0 -1 -1 -1 -1 -1 -1 -1 
-1 1 1 -1 -1 -1 0 0 -1 -1 -1 -1 -1 -1 -1 
END
15 1
9 6
2 0
1 1 1 -1 -1 -1 -1 0 0 -1 -1 -1 -1 -1 -1 
1 1 1 -1 -1 -1 -1 0 0 -1 -1 -1 -1 -1 -1 
1 1 1 -1 -1 -1 -1 0 0 -1 -1 -1 -1 -1 -1 
-1 1 1 -1 -1 -1 -1 0 0 -1 -1 -1 -1 -1 -1 
-1 1 1 -1 -1 -1 -1 0 0 -1 -1 -1 -1 -1 -1 
-1 1 1 -1 -1 -1 -1 0 0 -1 -1 -1 -1 -1 -1 
-1 1 1 -1 -1 -1 -1 0 0 -1 -1 -1 -1 -1 -1 
-1 1 1 -1 -1 -1 -1 0 0 -1 -1 -1 -1 -1 -1 
-1 1 1 -1 -1 -1 -1 0 0 -1 -1 -1 -1 -1 -1 
-1 1 1 -1 -1 -1 0 0 0 -1 -1 -1 -1 -1 -1 
-1 1 1 -1 -1 -1 0 0 0 -1 -1 -1 -1 -1 -1 
-1 1 1 -1 -1 -1 0 0 0 -1 -1 -1 -1 -1 -1 
-1 1 1 -1 -1 -1 0 0 -1 -1 -1 -1 -1 -1 -1 
-1 1 1 -1 -1 -1 0 0 -1 -1 -1 -1 -1 -1 -1 
-1 1 1 -1 -1 -1 0 0 -1 -1 -1 -1 -1 -1 -1 
END
15 1
8 6
3 0
1 1 1 -1 -1 -1 -1 0 0 -1 -1 -1 -1 -1 -1 
1 1 1 -1 -1 -1 -1 0 0 -1 -1 -1 -1 -1 -1 
1 1 1 -1 -1 -1 -1 0 0 -1 -1 -1 -1 -1 -1 
1 1 1 -1 -1 -1 -1 0 0 -1 -1 -1 -1 -1 -1 
-1 1 1 -1 -1 -1 -1 0 0 -1 -1 -1 -1 -1 -1 
-1 1 1 -1 -1 -1 -1 0 0 -1 -1 -1 -1 -1 -1 
-1 1 1 -1 -1 -1 -1 0 0 -1 -1 -1 -1 -1 -1 
-1 1 1 -1 -1 -1 -1 0 0 -1 -1 -1 -1 -1 -1 
-1 1 1 -1 -1 -1 0 0 0 -1 -1 -1 -1 -1 -1 
-1 1 1 -1 -1 -1 0 0 0 -1 -1 -1 -1 -1 -1 
-1 1 1 -1 -1 -1 0 0 0 -1 -1 -1 -1 -1 -1 
-1 1 1 -1 -1 -1 0 0 0 -1 -1 -1 -1 -1 -1 
-1 1 1 -1 -1 -1 0 0 -1 -1 -1 -1 -1 -1 -1 
-1 1 1 -1 -1 -1 0 0 -1 -1 -1 -1 -1 -1 -1 
-1 1 1 -1 -1 -1 0 0 -1 -1 -1 -1 -1 -1 -1 
END
15 1
7 6
4 0
1 1 1 -1 -1 -1 -1 0 0 -1 -1 -1 -1 -1 -1 
1 1 1 -1 -1 -1 -1 0 0 -1 -1 -1 -1 -1 -1 
1 1 1 -1 -1 -1 -1 0 0 -1 -1 -1 -1 -1 -1 
1 1 1 -1 -1 -1 -1 0 0 -1 -1 -1 -1 -1 -1 
1 1 1 -1 -1 -1 -1 0 0 -1 -1 -1 -1 -1 -1 
-1 1 1 -1 -1 -1 -1 0 0 -1 -1 -1 -1 -1 -1 
-1 1 1 -1 -1 -1 -1 0 0 -1 -1 -1 -1 -1 -1 
-1 1 1 -1 -1 -1 0 0 0 -1 -1 -1 -1 -1 -1 
-1 1 1 -1 -1 -1 0 0 0 -1 -1 -1 -1 -1 -1 
-1 1 1 -1 -1 -1 0 0 0 -1 -1 -1 -1 -1 -1 
-1 1 1 -1 -1 -1 0 0 0 -1 -1 -1 -1 -1 -1 
-1 1 1 -1 -1 -1 0 0 0 -1 -1 -1 -1 -1 -1 
-1 1 1 -1 -1 -1 0 0 -1 -1 -1 -1 -1 -1 -1 
-1 1 1 -1 -1 -1 0 0 -1 -1 -1 -1 -1 -1 -1 
-1 1 1 -1 -1 -1 0 0 -1 -1 -1 -1 -1 -1 -1 
END
15 1
6 6
5 0
1 1 1 -1 -1 -1 -1 0 0 -1 -1 -1 -1 -1 -1 
1 1 1 -1 -1 -1 -1 0 0 -1 -1 -1 -1 -1 -1 
1 1 1 -1 -1 -1 -1 0 0 -1 -1 -1 -1 -1 -1 
1 1 1 -1 -1 -1 -1 0 0 -1 -1 -1 -1 -1 -1 
1 1 1 -1 -1 -1 -1 0 0 -1 -1 -1 -1 -1 -1 
1 1 1 -1 -1 -1 -1 0 0 -1 -1 -1 -1 -1 -1 
-1 1 1 -1 -1 -1 0 0 0 -1 -1 -1 -1 -1 -1 
-1 1 1 -1 -1 -1 0 0 0 -1 -1 -1 -1 -1 -1 
-1 1 1 -1 -1 -1 0 0 0 -1 -1 -1 -1 -1 -1 
-1 1 1 -1 -1 -1 0 0 0 -1 -1 -1 -1 -1 -1 
-1 1 1 -1 -1 -1 0 0 0 -1 -1 -1 -1 -1 -1 
-1 1 1 -1 -1 -1 0 0 0 -1 -1 -1 -1 -1 -1 
-1 1 1 -1 -1 -1 0 0 -1 -1 -1 -1 -1 -1 -1 
-1 1 1 -1 -1 -1 0 0 -1 -1 -1 -1 -1 -1 -1 
-1 1 1 -1 -1 -1 0 0 -1 -1 -1 -1 -1 -1 -1 
END
15 1
5 6
6 0
1 1 1 -1 -1 -1 -1 0 0 -1 -1 -1 -1 -1 -1 
1 1 1 -1 -1 -1 -1 0 0 -1 -1 -1 -1 -1 -1 
1 1 1 -1 -1 -1 -1 0 0 -1 -1 -1 -1 -1 -1 
1 1 1 -1 -1 -1 -1 0 0 -1 -1 -1 -1 -1 -1 
1 1 1 -1 -1 -1 -1 0 0 -1 -1 -1 -1 -1 -1 
1 1 1 -1 -1 -1 0 0 0 -1 -1 -1 -1 -1 -1 
1 1 1 -1 -1 -1 0 0 0 -1 -1 -1 -1 -1 -1 
-1 1 1 -1 -1 -1 0 0 0 -1 -1 -1 -1 -1 -1 
-1 1 1 -1 -1 -1 0 0 0 -1 -1 -1 -1 -1 -1 
-1 1 1 -1 -1 -1 0 0 0 -1 -1 -1 -1 -1 -1 
-1 1 1 -1 -1 -1 0 0 0 -1 -1 -1 -1 -1 -1 
-1 1 1 -1 -1 -1 0 0 0 -1 -1 -1 -1 -1 -1 
-1 1 1 -1 -1 -1 0 0 -1 -1 -1 -1 -1 -1 -1 
-1 1 1 -1 -1 -1 0 0 -1 -1 -1 -1 -1 -1 -1 
-1 1 1 -1 -1 -1 0 0 -1 -1 -1 -1 -1 -1 -1 
END
15 1
4 6
7 0
1 1 1 -1 -1 -1 -1 0 0 -1 -1 -1 -1 -1 -1 
1 1 1 -1 -1 -1 -1 0 0 -1 -1 -1 -1 -1 -1 
1 1 1 -1 -1 -1 -1 0 0 -1 -1 -1 -1 -1 -1 
1 1 1 -1 -1 -1 -1 0 0 -1 -1 -1 -1 -1 -1 
1 1 1 -1 -1 -1 0 0 0 -1 -1 -1 -1 -1 -1 
1 1 1 -1 -1 -1 0 0 0 -1 -1 -1 -1 -1 -1 
1 1 1 -1 -1 -1 0 0 0 -1 -1 -1 -1 -1 -1 
1 1 1 -1 -1 -1 0 0 0 -1 -1 -1 -1 -1 -1 
-1 1 1 -1 -1 -1 0 0 0 -1 -1 -1 -1 -1 -1 
-1 1 1 -1 -1 -1 0 0 0 -1 -1 -1 -1 -1 -1 
-1 1 1 -1 -1 -1 0 0 0 -1 -1 -1 -1 -1 -1 
-1 1 1 -1 -1 -1 0 0 0 -1 -1 -1 -1 -1 -1 
-1 1 1 -1 -1 -1 0 0 -1 -1 -1 -1 -1 -1 -1 
-1 1 1 -1 -1 -1 0 0 -1 -1 -1 -1 -1 -1 -1 
-1 1 1 -1 -1 -1 0 0 -1 -1 -1 -1 -1 -1 -1 
END
15 1
3 6
8 0
1 1 1 -1 -1 -1 -1 0 0 -1 -1 -1 -1 -1 -1 
1 1 1 -1 -1 -1 -1 0 0 -1 -1 -1 -1 -1 -1 
1 1 1 -1 -1 -1 -1 0 0 -1 -1 -1 -1 -1 -1 
1 1 1 -1 -1 -1 0 0 0 -1 -1 -1 -1 -1 -1 
1 1 1 -1 -1 -1 0 0 0 -1 -1 -1 -1 -1 -1 
1 1 1 -1 -1 -1 0 0 0 -1 -1 -1 -1 -1 -1 
1 1 1 -1 -1 -1 0 0 0 -1 -1 -1 -1 -1 -1 
1 1 1 -1 -1 -1 0 0 0 -1 -1 -1 -1 -1 -1 
1 1 1 -1 -1 -1 0 0 0 -1 -1 -1 -1 -1 -1 
-1 1 1 -1 -1 -1 0 0 0 -1 -1 -1 -1 -1 -1 
-1 1 1 -1 -1 -1 0 0 0 -1 -1 -1 -1 -1 -1 
-1 1 1 -1 -1 -1 0 0 0 -1 -1 -1 -1 -1 -1 
-1 1 1 -1 -1 -1 0 0 -1 -1 -1 -1 -1 -1 -1 
-1 1 1 -1 -1 -1 0 0 -1 -1 -1 -1 -1 -1 -1 
-1 1 1 -1 -1 -1 0 0 -1 -1 -1 -1 -1 -1 -1 
END
15 1
2 6
9 0
1 1 1 -1 -1 -1 -1 0 0 -1 -1 -1 -1 -1 -1 
1 1 1 -1 -1 -1 -1 0 0 -1 -1 -1 -1 -1 -1 
1 1 1 -1 -1 -1 0 0 0 -1 -1 -1 -1 -1 -1 
1 1 1 -1 -1 -1 0 0 0 -1 -1 -1 -1 -1 -1 
1 1 1 -1 -1 -1 0 0 0 -1 -1 -1 -1 -1 -1 
1 1 1 -1 -1 -1 0 0 0 -1 -1 -1 -1 -1 -1 
1 1 1 -1 -1 -1 0 0 0 -1 -1 -1 -1 -1 -1 
1 1 1 -1 -1 -1 0 0 0 -1 -1 -1 -1 -1 -1 
1 1 1 -1 -1 -1 0 0 0 -1 -1 -1 -1 -1 -1 
1 1 1 -1 -1 -1 0 0 0 -1 -1 -1 -1 -1 -1 
-1 1 1 -1 -1 -1 0 0 0 -1 -1 -1 -1 -1 -1 
-1 1 1 -1 -1 -1 0 0 0 -1 -1 -1 -1 -1 -1 
-1 1 1 -1 -1 -1 0 0 -1 -1 -1 -1 -1 -1 -1 
-1 1 1 -1 -1 -1 0 0 -1 -1 -1 -1 -1 -1 -1 
-1 1 1 -1 -1 -1 0 0 -1 -1 -1 -1 -1 -1 -1 
END
15 1
1 6
10 0
1 1 1 -1 -1 -1 -1 0 0 -1 -1 -1 -1 -1 -1 
1 1 1 -1 -1 -1 0 0 0 -1 -1 -1 -1 -1 -1 
1 1 1 -1 -1 -1 0 0 0 -1 -1 -1 -1 -1 -1 
1 1 1 -1 -1 -1 0 0 0 -1 -1 -1 -1 -1 -1 
1 1 1 -1 -1 -1 0 0 0 -1 -1 -1 -1 -1 -1 
1 1 1 -1 -1 -1 0 0 0 -1 -1 -1 -1 -1 -1 
1 1 1 -1 -1 -1 0 0 0 -1 -1 -1 -1 -1 -1 
1 1 1 -1 -1 -1 0 0 0 -1 -1 -1 -1 -1 -1 
1 1 1 -1 -1 -1 0 0 0 -1 -1 -1 -1 -1 -1 
1 1 1 -1 -1 -1 0 0 0 -1 -1 -1 -1 -1 -1 
1 1 1 -1 -1 -1 0 0 0 -1 -1 -1 -1 -1 -1 
-1 1 1 -1 -1 -1 0 0 0 -1 -1 -1 -1 -1 -1 
-1 1 1 -1 -1 -1 0 0 -1 -1 -1 -1 -1 -1 -1 
-1 1 1 -1 -1 -1 0 0 -1 -1 -1 -1 -1 -1 -1 
-1 1 1 -1 -1 -1 0 0 -1 -1 -1 -1 -1 -1 -1 
END
15 1
0 6
11 0
1 1 1 -1 -1 -1 0 0 0 -1 -1 -1 -1 -1 -1 
1 1 1 -1 -1 -1 0 0 0 -1 -1 -1 -1 -1 -1 
1 1 1 -1 -1 -1 0 0 0 -1 -1 -1 -1 -1 -1 
1 1 1 -1 -1 -1 0 0 0 -1 -1 -1 -1 -1 -1 
1 1 1 -1 -1 -1 0 0 0 -1 -1 -1 -1 -1 -1 
1 1 1 -1 -1 -1 0 0 0 -1 -1 -1 -1 -1 -1 
1 1 1 -1 -1 -1 0 0 0 -1 -1 -1 -1 -1 -1 
1 1 1 -1 -1 -1 0 0 0 -1 -1 -1 -1 -1 -1 
1 1 1 -1 -1 -1 0 0 0 -1 -1 -1 -1 -1 -1 
1 1 1 -1 -1 -1 0 0 0 -1 -1 -1 -1 -1 -1 
1 1 1 -1 -1 -1 0 0 0 -1 -1 -1 -1 -1 -1 
1 1 1 -1 -1 -1 0 0 0 -1 -1 -1 -1 -1 -1 
-1 1 1 -1 -1 -1 0 0 -1 -1 -1 -1 -1 -1 -1 
-1 1 1 -1 -1 -1 0 0 -1 -1 -1 -1 -1 -1 -1 
-1 1 1 -1 -1 -1 0 0 -1 -1 -1 -1 -1 -1 -1 
END
15 1
0 5
12 0
1 1 1 -1 -1 0 0 0 0 -1 -1 -1 -1 -1 -1 
1 1 1 -1 -1 -1 0 0 0 -1 -1 -1 -1 -1 -1 
1 1 1 -1 -1 -1 0 0 0 -1 -1 -1 -1 -1 -1 
1 1 1 -1 -1 -1 0 0 0 -1 -1 -1 -1 -1 -1 
1 1 1 -1 -1 -1 0 0 0 -1 -1 -1 -1 -1 -1 
1 1 1 -1 -1 -1 0 0 0 -1 -1 -1 -1 -1 -1 
1 1 1 -1 -1 -1 0 0 0 -1 -1 -1 -1 -1 -1 
1 1 1 -1 -1 -1 0 0 0 -1 -1 -1 -1 -1 -1 
1 1 1 -1 -1 -1 0 0 0 -1 -1 -1 -1 -1 -1 
1 1 1 -1 -1 -1 0 0 0 -1 -1 -1 -1 -1 -1 
1 1 1 -1 -1 -1 0 0 0 -1 -1 -1 -1 -1 -1 
1 1 1 -1 -1 -1 0 0 0 -1 -1 -1 -1 -1 -1 
1 1 1 -1 -1 -1 0 0 -1 -1 -1 -1 -1 -1 -1 
-1 1 1 -1 -1 -1 0 0 -1 -1 -1 -1 -1 -1 -1 
-1 1 1 -1 -1 -1 0 0 -1 -1 -1 -1 -1 -1 -1 
END
15 1
1 5
13 0
1 1 1 -1 -1 0 0 0 0 -1 -1 -1 -1 -1 -1 
1 1 1 -1 -1 0 0 0 0 -1 -1 -1 -1 -1 -1 
1 1 1 -1 -1 -1 0 0 0 -1 -1 -1 -1 -1 -1 
1 1 1 -1 -1 -1 0 0 0 -1 -1 -1 -1 -1 -1 
1 1 1 -1 -1 -1 0 0 0 -1 -1 -1 -1 -1 -1 
1 1 1 -1 -1 -1 0 0 0 -1 -1 -1 -1 -1 -1 
1 1 1 -1 -1 -1 0 0 0 -1 -1 -1 -1 -1 -1 
1 1 1 -1 -1 -1 0 0 0 -1 -1 -1 -1 -1 -1 
1 1 1 -1 -1 -1 0 0 0 -1 -1 -1 -1 -1 -1 
1 1 1 -1 -1 -1 0 0 0 -1 -1 -1 -1 -1 -1 
1 1 1 -1 -1 -1 0 0 0 -1 -1 -1 -1 -1 -1 
1 1 1 -1 -1 -1 0 0 0 -1 -1 -1 -1 -1 -1 
1 1 1 -1 -1 -1 0 0 -1 -1 -1 -1 -1 -1 -1 
1 1 1 -1 -1 -1 0 0 -1 -1 -1 -1 -1 -1 -1 
-1 1 1 -1 -1 -1 0 0 -1 -1 -1 -1 -1 -1 -1 
END
15 1
2 5
14 0
1 1 1 -1 -1 0 0 0 0 -1 -1 -1 -1 -1 -1 
1 1 1 -1 -1 0 0 0 0 -1 -1 -1 -1 -1 -1 
1 1 1 -1 -1 0 0 0 0 -1 -1 -1 -1 -1 -1 
1 1 1 -1 -1 -1 0 0 0 -1 -1 -1 -1 -1 -1 
1 1 1 -1 -1 -1 0 0 0 -1 -1 -1 -1 -1 -1 
1 1 1 -1 -1 -1 0 0 0 -1 -1 -1 -1 -1 -1 
1 1 1 -1 -1 -1 0 0 0 -1 -1 -1 -1 -1 -1 
1 1 1 -1 -1 -1 0 0 0 -1 -1 -1 -1 -1 -1 
1 1 1 -1 -1 -1 0 0 0 -1 -1 -1 -1 -1 -1 
1 1 1 -1 -1 -1 0 0 0 -1 -1 -1 -1 -1 -1 
1 1 1 -1 -1 -1 0 0 0 -1 -1 -1 -1 -1 -1 
1 1 1 -1 -1 -1 0 0 0 -1 -1 -1 -1 -1 -1 
1 1 1 -1 -1 -1 0 0 -1 -1 -1 -1 -1 -1 -1 
1 1 1 -1 -1 -1 0 0 -1 -1 -1 -1 -1 -1 -1 
1 1 1 -1 -1 -1 0 0 -1 -1 -1 -1 -1 -1 -1 
END
