15 0
14 12
12 11
-1 -1 -1 -1 -1 -1 -1 -1 -1 -1 -1 -1 -1 -1 -1 
-1 -1 -1 -1 -1 -1 -1 -1 -1 -1 -1 -1 -1 -1 -1 
-1 -1 -1 -1 -1 -1 -1 -1 -1 -1 -1 -1 -1 -1 -1 
-1 -1 -1 -1 -1 -1 -1 -1 -1 -1 -1 -1 -1 -1 -1 
-1 -1 -1 -1 -1 -1 -1 -1 -1 -1 -1 -1 -1 -1 -1 
-1 -1 -1 -1 -1 -1 -1 -1 -1 -1 -1 -1 -1 -1 -1 
-1 -1 -1 -1 -1 -1 -1 -1 -1 -1 -1 -1 -1 -1 -1 
-1 -1 -1 -1 -1 -1 -1 -1 -1 -1 -1 -1 -1 -1 -1 
-1 -1 -1 -1 -1 -1 -1 -1 -1 -1 -1 -1 -1 -1 -1 
-1 -1 -1 -1 -1 -1 -1 -1 -1 -1 -1 -1 -1 -1 -1 
-1 -1 -1 -1 -1 -1 -1 -1 -1 -1 -1 -1 -1 -1 -1 
-1 -1 -1 -1 -1 -1 -1 -1 -1 -1 -1 -1 -1 -1 -1 
-1 -1 -1 -1 -1 -1 -1 -1 -1 -1 -1 1 -1 -1 -1 
-1 -1 -1 -1 -1 -1 -1 -1 -1 -1 -1 -1 -1 -1 -1 
-1 -1 -1 -1 -1 -1 -1 -1 -1 -1 -1 -1 0 -1 -1 
END
15 0
13 12
11 11
-1 -1 -1 -1 -1 -1 -1 -1 -1 -1 -1 -1 -1 -1 -1 
-1 -1 -1 -1 -1 -1 -1 -1 -1 -1 -1 -1 -1 -1 -1 
-1 -1 -1 -1 -1 -1 -1 -1 -1 -1 -1 -1 -1 -1 -1 
-1 -1 -1 -1 -1 -1 -1 -1 -1 -1 -1 -1 -1 -1 -1 
-1 -1 -1 -1 -1 -1 -1 -1 -1 -1 -1 -1 -1 -1 -1 
-1 -1 -1 -1 -1 -1 -1 -1 -1 -1 -1 -1 -1 -1 -1 
-1 -1 -1 -1 -1 -1 -1 -1 -1 -1 -1 -1 -1 -1 -1 
-1 -1 -1 -1 -1 -1 -1 -1 -1 -1 -1 -1 -1 -1 -1 
-1 -1 -1 -1 -1 -1 -1 -1 -1 -1 -1 -1 -1 -1 -1 
-1 -1 -1 -1 -1 -1 -1 -1 -1 -1 -1 -1 -1 -1 -1 
-1 -1 -1 -1 -1 -1 -1 -1 -1 -1 -1 -1 -1 -1 -1 
-1 -1 -1 -1 -1 -1 -1 -1 -1 -1 -1 1 -1 -1 -1 
-1 -1 -1 -1 -1 -1 -1 -1 -1 -1 -1 1 -1 -1 -1 
-1 -1 -1 -1 -1 -1 -1 -1 -1 -1 -1 -1 0 -1 -1 
-1 -1 -1 -1 -1 -1 -1 -1 -1 -1 -1 -1 0 -1 -1 
END
15 0
12 12
10 11
-1 -1 -1 -1 -1 -1 -1 -1 -1 -1 -1 -1 -1 -1 -1 
-1 -1 -1 -1 -1 -1 -1 -1 -1 -1 -1 -1 -1 -1 -1 
-1 -1 -1 -1 -1 -1 -1 -1 -1 -1 -1 -1 -1 -1 -1 
-1 -1 -1 -1 -1 -1 -1 -1 -1 -1 -1 -1 -1 -1 -1 
-1 -1 -1 -1 -1 -1 -1 -1 -1 -1 -1 -1 -1 -1 -1 
-1 -1 -1 -1 -1 -1 -1 -1 -1 -1 -1 -1 -1 -1 -1 
-1 -1 -1 -1 -1 -1 -1 -1 -1 -1 -1 -1 -1 -1 -1 
-1 -1 -1 -1 -1 -1 -1 -1 -1 -1 -1 -1 -1 -1 -1 
-1 -1 -1 -1 -1 -1 -1 -1 -1 -1 -1 -1 -1 -1 -1 
-1 -1 -1 -1 -1 -1 -1 -1 -1 -1 -1 -1 -1 -1 -1 
-1 -1 -1 -1 -1 -1 -1 -1 -1 -1 -1 1 -1 -1 -1 
-1 -1 -1 -1 -1 -1 -1 -1 -1 -1 -1 1 -1 -1 -1 
-1 -1 -1 -1 -1 -1 -1 -1 -1 -1 -1 1 0 -1 -1 
-1 -1 -1 -1 -1 -1 -1 -1 -1 -1 -1 -1 0 -1 -1 
-1 -1 -1 -1 -1 -1 -1 -1 -1 -1 -1 -1 0 -1 -1 
END
15 0
11 12
9 11
-1 -1 -1 -1 -1 -1 -1 -1 -1 -1 -1 -1 -1 -1 -1 
-1 -1 -1 -1 -1 -1 -1 -1 -1 -1 -1 -1 -1 -1 -1 
-1 -1 -1 -1 -1 -1 -1 -1 -1 -1 -1 -1 -1 -1 -1 
-1 -1 -1 -1 -1 -1 -1 -1 -1 -1 -1 -1 -1 -1 -1 
-1 -1 -1 -1 -1 -1 -1 -1 -1 -1 -1 -1 -1 -1 -1 
-1 -1 -1 -1 -1 -1 -1 -1 -1 -1 -1 -1 -1 -1 -1 
-1 -1 -1 -1 -1 -1 -1 -1 -1 -1 -1 -1 -1 -1 -1 
-1 -1 -1 -1 -1 -1 -1 -1 -1 -1 -1 -1 -1 -1 -1 
-1 -1 -1 -1 -1 -1 -1 -1 -1 -1 -1 -1 -1 -1 -1 
-1 -1 -1 -1 -1 -1 -1 -1 -1 -1 -1 1 -1 -1 -1 
-1 -1 -1 -1 -1 -1 -1 -1 -1 -1 -1 1 -1 -1 -1 
-1 -1 -1 -1 -1 -1 -1 -1 -1 -1 -1 1 0 -1 -1 
-1 -1 -1 -1 -1 -1 -1 -1 -1 -1 -1 1 0 -1 -1 
-1 -1 -1 -1 -1 -1 -1 -1 -1 -1 -1 -1 0 -1 -1 
-1 -1 -1 -1 -1 -1 -1 -1 -1 -1 -1 -1 0 -1 -1 
END
15 0
10 12
8 11
-1 -1 -1 -1 -1 -1 -1 -1 -1 -1 -1 -1 -1 -1 -1 
-1 -1 -1 -1 -1 -1 -1 -1 -1 -1 -1 -1 -1 -1 -1 
-1 -1 -1 -1 -1 -1 -1 -1 -1 -1 -1 -1 -1 -1 -1 
-1 -1 -1 -1 -1 -1 -1 -1 -1 -1 -1 -1 -1 -1 -1 
-1 -1 -1 -1 -1 -1 -1 -1 -1 -1 -1 -1 -1 -1 -1 
-1 -1 -1 -1 -1 -1 -1 -1 -1 -1 -1 -1 -1 -1 -1 
-1 -1 -1 -1 -1 -1 -1 -1 -1 -1 -1 -1 -1 -1 -1 
-1 -1 -1 -1 -1 -1 -1 -1 -1 -1 -1 -1 -1 -1 -1 
-1 -1 -1 -1 -1 -1 -1 -1 -1 -1 -1 1 -1 -1 -1 
-1 -1 -1 -1 -1 -1 -1 -1 -1 -1 -1 1 -1 -1 -1 
-1 -1 -1 -1 -1 -1 -1 -1 -1 -1 -1 1 0 -1 -1 
-1 -1 -1 -1 -1 -1 -1 -1 -1 -1 -1 1 0 -1 -1 
-1 -1 -1 -1 -1 -1 -1 -1 -1 -1 -1 1 0 -1 -1 
-1 -1 -1 -1 -1 -1 -1 -1 -1 -1 -1 -1 0 -1 -1 
-1 -1 -1 -1 -1 -1 -1 -1 -1 -1 -1 -1 0 -1 -1 
END
15 0
9 12
7 11
-1 -1 -1 -1 -1 -1 -1 -1 -1 -1 -1 -1 -1 -1 -1 
-1 -1 -1 -1 -1 -1 -1 -1 -1 -1 -1 -1 -1 -1 -1 
-1 -1 -1 -1 -1 -1 -1 -1 -1 -1 -1 -1 -1 -1 -1 
-1 -1 -1 -1 -1 -1 -1 -1 -1 -1 -1 -1 -1 -1 -1 
-1 -1 -1 -1 -1 -1 -1 -1 -1 -1 -1 -1 -1 -1 -1 
-1 -1 -1 -1 -1 -1 -1 -1 -1 -1 -1 -1 -1 -1 -1 
-1 -1 -1 -1 -1 -1 -1 -1 -1 -1 -1 -1 -1 -1 -1 
-1 -1 -1 -1 -1 -1 -1 -1 -1 -1 -1 1 -1 -1 -1 
-1 -1 -1 -1 -1 -1 -1 -1 -1 -1 -1 1 -1 -1 -1 
-1 -1 -1 -1 -1 -1 -1 -1 -1 -1 -1 1 0 -1 -1 
-1 -1 -1 -1 -1 -1 -1 -1 -1 -1 -1 1 0 -1 -1 
-1 -1 -1 -1 -1 -1 -1 -1 -1 -1 -1 1 0 -1 -1 
-1 -1 -1 -1 -1 -1 -1 -1 -1 -1 -1 1 0 -1 -1 
-1 -1 -1 -1 -1 -1 -1 -1 -1 -1 -1 -1 0 -1 -1 
-1 -1 -1 -1 -1 -1 -1 -1 -1 -1 -1 -1 0 -1 -1 
END
15 0
8 12
6 11
-1 -1 -1 -1 -1 -1 -1 -1 -1 -1 -1 -1 -1 -1 -1 
-1 -1 -1 -1 -1 -1 -1 -1 -1 -1 -1 -1 -1 -1 -1 
-1 -1 -1 -1 -1 -1 -1 -1 -1 -1 -1 -1 -1 -1 -1 
-1 -1 -1 -1 -1 -1 -1 -1 -1 -1 -1 -1 -1 -1 -1 
-1 -1 -1 -1 -1 -1 -1 -1 -1 -1 -1 -1 -1 -1 -1 
-1 -1 -1 -1 -1 -1 -1 -1 -1 -1 -1 -1 -1 -1 -1 
-1 -1 -1 -1 -1 -1 -1 -1 -1 -1 -1 1 -1 -1 -1 
-1 -1 -1 -1 -1 -1 -1 -1 -1 -1 -1 1 -1 -1 -1 
-1 -1 -1 -1 -1 -1 -1 -1 -1 -1 -1 1 0 -1 -1 
-1 -1 -1 -1 -1 -1 -1 -1 -1 -1 -1 1 0 -1 -1 
-1 -1 -1 -1 -1 -1 -1 -1 -1 -1 -1 1 0 -1 -1 
-1 -1 -1 -1 -1 -1 -1 -1 -1 -1 -1 1 0 -1 -1 
-1 -1 -1 -1 -1 -1 -1 -1 -1 -1 -1 1 0 -1 -1 
-1 -1 -1 -1 -1 -1 -1 -1 -1 -1 -1 -1 0 -1 -1 
-1 -1 -1 -1 -1 -1 -1 -1 -1 -1 -1 -1 0 -1 -1 
END
15 0
7 12
5 11
-1 -1 -1 -1 -1 -1 -1 -1 -1 -1 -1 -1 -1 -1 -1 
-1 -1 -1 -1 -1 -1 -1 -1 -1 -1 -1 -1 -1 -1 -1 
-1 -1 -1 -1 -1 -1 -1 -1 -1 -1 -1 -1 -1 -1 -1 
-1 -1 -1 -1 -1 -1 -1 -1 -1 -1 -1 -1 -1 -1 -1 
-1 -1 -1 -1 -1 -1 -1 -1 -1 -1 -1 -1 -1 -1 -1 
-1 -1 -1 -1 -1 -1 -1 -1 -1 -1 -1 1 -1 -1 -1 
-1 -1 -1 -1 -1 -1 -1 -1 -1 -1 -1 1 -1 -1 -1 
-1 -1 -1 -1 -1 -1 -1 -1 -1 -1 -1 1 0 -1 -1 
-1 -1 -1 -1 -1 -1 -1 -1 -1 -1 -1 1 0 -1 -1 
-1 -1 -1 -1 -1 -1 -1 -1 -1 -1 -1 1 0 -1 -1 
-1 -1 -1 -1 -1 -1 -1 -1 -1 -1 -1 1 0 -1 -1 
-1 -1 -1 -1 -1 -1 -1 -1 -1 -1 -1 1 0 -1 -1 
-1 -1 -1 -1 -1 -1 -1 -1 -1 -1 -1 1 0 -1 -1 
-1 -1 -1 -1 -1 -1 -1 -1 -1 -1 -1 -1 0 -1 -1 
-1 -1 -1 -1 -1 -1 -1 -1 -1 -1 -1 -1 0 -1 -1 
END
15 0
6 12
4 11
-1 -1 -1 -1 -1 -1 -1 -1 -1 -1 -1 -1 -1 -1 -1 
-1 -1 -1 -1 -1 -1 -1 -1 -1 -1 -1 -1 -1 -1 -1 
-1 -1 -1 -1 -1 -1 -1 -1 -1 -1 -1 -1 -1 -1 -1 
-1 -1 -1 -1 -1 -1 -1 -1 -1 -1 -1 -1 -1 -1 -1 
-1 -1 -1 -1 -1 -1 -1 -1 -1 -1 -1 1 -1 -1 -1 
-1 -1 -1 -1 -1 -1 -1 -1 -1 -1 -1 1 -1 -1 -1 
-1 -1 -1 -1 -1 -1 -1 -1 -1 -1 -1 1 0 -1 -1 
-1 -1 -1 -1 -1 -1 -1 -1 -1 -1 -1 1 0 -1 -1 
-1 -1 -1 -1 -1 -1 -1 -1 -1 -1 -1 1 0 -1 -1 
-1 -1 -1 -1 -1 -1 -1 -1 -1 -1 -1 1 0 -1 -1 
-1 -1 -1 -1 -1 -1 -1 -1 -1 -1 -1 1 0 -1 -1 
-1 -1 -1 -1 -1 -1 -1 -1 -1 -1 -1 1 0 -1 -1 
-1 -1 -1 -1 -1 -1 -1 -1 -1 -1 -1 1 0 -1 -1 
-1 -1 -1 -1 -1 -1 -1 -1 -1 -1 -1 -1 0 -1 -1 
-1 -1 -1 -1 -1 -1 -1 -1 -1 -1 -1 -1 0 -1 -1 
END
15 0
5 12
3 11
-1 -1 -1 -1 -1 -1 -1 -1 -1 -1 -1 -1 -1 -1 -1 
-1 -1 -1 -1 -1 -1 -1 -1 -1 -1 -1 -1 -1 -1 -1 
-1 -1 -1 -1 -1 -1 -1 -1 -1 -1 -1 -1 -1 -1 -1 
-1 -1 -1 -1 -1 -1 -1 -1 -1 -1 -1 1 -1 -1 -1 
-1 -1 -1 -1 -1 -1 -1 -1 -1 -1 -1 1 -1 -1 -1 
-1 -1 -1 -1 -1 -1 -1 -1 -1 -1 -1 1 0 -1 -1 
-1 -1 -1 -1 -1 -1 -1 -1 -1 -1 -1 1 0 -1 -1 
-1 -1 -1 -1 -1 -1 -1 -1 -1 -1 -1 1 0 -1 -1 
-1 -1 -1 -1 -1 -1 -1 -1 -1 -1 -1 1 0 -1 -1 
-1 -1 -1 -1 -1 -1 -1 -1 -1 -1 -1 1 0 -1 -1 
-1 -1 -1 -1 -1 -1 -1 -1 -1 -1 -1 1 0 -1 -1 
-1 -1 -1 -1 -1 -1 -1 -1 -1 -1 -1 1 0 -1 -1 
-1 -1 -1 -1 -1 -1 -1 -1 -1 -1 -1 1 0 -1 -1 
-1 -1 -1 -1 -1 -1 -1 -1 -1 -1 -1 -1 0 -1 -1 
-1 -1 -1 -1 -1 -1 -1 -1 -1 -1 -1 -1 0 -1 -1 
END
15 0
4 12
2 11
-1 -1 -1 -1 -1 -1 -1 -1 -1 -1 -1 -1 -1 -1 -1 
-1 -1 -1 -1 -1 -1 -1 -1 -1 -1 -1 -1 -1 -1 -1 
-1 -1 -1 -1 -1 -1 -1 -1 -1 -1 -1 1 -1 -1 -1 
-1 -1 -1 -1 -1 -1 -1 -1 -1 -1 -1 1 -1 -1 -1 
-1 -1 -1 -1 -1 -1 -1 -1 -1 -1 -1 1 0 -1 -1 
-1 -1 -1 -1 -1 -1 -1 -1 -1 -1 -1 1 0 -1 -1 
-1 -1 -1 -1 -1 -1 -1 -1 -1 -1 -1 1 0 -1 -1 
-1 -1 -1 -1 -1 -1 -1 -1 -1 -1 -1 1 0 -1 -1 
-1 -1 -1 -1 -1 -1 -1 -1 -1 -1 -1 1 0 -1 -1 
-1 -1 -1 -1 -1 -1 -1 -1 -1 -1 -1 1 0 -1 -1 
-1 -1 -1 -1 -1 -1 -1 -1 -1 -1 -1 1 0 -1 -1 
-1 -1 -1 -1 -1 -1 -1 -1 -1 -1 -1 1 0 -1 -1 
-1 -1 -1 -1 -1 -1 -1 -1 -1 -1 -1 1 0 -1 -1 
-1 -1 -1 -1 -1 -1 -1 -1 -1 -1 -1 -1 0 -1 -1 
-1 -1 -1 -1 -1 -1 -1 -1 -1 -1 -1 -1 0 -1 -1 
END
15 0
3 12
1 11
-1 -1 -1 -1 -1 -1 -1 -1 -1 -1 -1 -1 -1 -1 -1 
-1 -1 -1 -1 -1 -1 -1 -1 -1 -1 -1 1 -1 -1 -1 
-1 -1 -1 -1 -1 -1 -1 -1 -1 -1 -1 1 -1 -1 -1 
-1 -1 -1 -1 -1 -1 -1 -1 -1 -1 -1 1 0 -1 -1 
-1 -1 -1 -1 -1 -1 -1 -1 -1 -1 -1 1 0 -1 -1 
-1 -1 -1 -1 -1 -1 -1 -1 -1 -1 -1 1 0 -1 -1 
-1 -1 -1 -1 -1 -1 -1 -1 -1 -1 -1 1 0 -1 -1 
-1 -1 -1 -1 -1 -1 -1 -1 -1 -1 -1 1 0 -1 -1 
-1 -1 -1 -1 -1 -1 -1 -1 -1 -1 -1 1 0 -1 -1 
-1 -1 -1 -1 -1 -1 -1 -1 -1 -1 -1 1 0 -1 -1 
-1 -1 -1 -1 -1 -1 -1 -1 -1 -1 -1 1 0 -1 -1 
-1 -1 -1 -1 -1 -1 -1 -1 -1 -1 -1 1 0 -1 -1 
-1 -1 -1 -1 -1 -1 -1 -1 -1 -1 -1 1 0 -1 -1 
-1 -1 -1 -1 -1 -1 -1 -1 -1 -1 -1 -1 0 -1 -1 
-1 -1 -1 -1 -1 -1 -1 -1 -1 -1 -1 -1 0 -1 -1 
END
15 0
2 12
0 11
-1 -1 -1 -1 -1 -1 -1 -1 -1 -1 -1 1 -1 -1 -1 
-1 -1 -1 -1 -1 -1 -1 -1 -1 -1 -1 1 -1 -1 -1 
-1 -1 -1 -1 -1 -1 -1 -1 -1 -1 -1 1 0 -1 -1 
-1 -1 -1 -1 -1 -1 -1 -1 -1 -1 -1 1 0 -1 -1 
-1 -1 -1 -1 -1 -1 -1 -1 -1 -1 -1 1 0 -1 -1 
-1 -1 -1 -1 -1 -1 -1 -1 -1 -1 -1 1 0 -1 -1 
-1 -1 -1 -1 -1 -1 -1 -1 -1 -1 -1 1 0 -1 -1 
-1 -1 -1 -1 -1 -1 -1 -1 -1 -1 -1 1 0 -1 -1 
-1 -1 -1 -1 -1 -1 -1 -1 -1 -1 -1 1 0 -1 -1 
-1 -1 -1 -1 -1 -1 -1 -1 -1 -1 -1 1 0 -1 -1 
-1 -1 -1 -1 -1 -1 -1 -1 -1 -1 -1 1 0 -1 -1 
-1 -1 -1 -1 -1 -1 -1 -1 -1 -1 -1 1 0 -1 -1 
-1 -1 -1 -1 -1 -1 -1 -1 -1 -1 -1 1 0 -1 -1 
-1 -1 -1 -1 -1 -1 -1 -1 -1 -1 -1 -1 0 -1 -1 
-1 -1 -1 -1 -1 -1 -1 -1 -1 -1 -1 -1 0 -1 -1 
END
15 0
1 12
0 10
-1 -1 -1 -1 -1 -1 -1 -1 -1 -1 1 1 -1 -1 -1 
-1 -1 -1 -1 -1 -1 -1 -1 -1 -1 -1 1 0 -1 -1 
-1 -1 -1 -1 -1 -1 -1 -1 -1 -1 -1 1 0 -1 -1 
-1 -1 -1 -1 -1 -1 -1 -1 -1 -1 -1 1 0 -1 -1 
-1 -1 -1 -1 -1 -1 -1 -1 -1 -1 -1 1 0 -1 -1 
-1 -1 -1 -1 -1 -1 -1 -1 -1 -1 -1 1 0 -1 -1 
-1 -1 -1 -1 -1 -1 -1 -1 -1 -1 -1 1 0 -1 -1 
-1 -1 -1 -1 -1 -1 -1 -1 -1 -1 -1 1 0 -1 -1 
-1 -1 -1 -1 -1 -1 -1 -1 -1 -1 -1 1 0 -1 -1 
-1 -1 -1 -1 -1 -1 -1 -1 -1 -1 -1 1 0 -1 -1 
-1 -1 -1 -1 -1 -1 -1 -1 -1 -1 -1 1 0 -1 -1 
-1 -1 -1 -1 -1 -1 -1 -1 -1 -1 -1 1 0 -1 -1 
-1 -1 -1 -1 -1 -1 -1 -1 -1 -1 -1 1 0 -1 -1 
-1 -1 -1 -1 -1 -1 -1 -1 -1 -1 -1 -1 0 -1 -1 
-1 -1 -1 -1 -1 -1 -1 -1 -1 -1 -1 -1 0 -1 -1 
END
15 0
0 12
1 10
-1 -1 -1 -1 -1 -1 -1 -1 -1 -1 1 1 0 -1 -1 
-1 -1 -1 -1 -1 -1 -1 -1 -1 -1 1 1 0 -1 -1 
-1 -1 -1 -1 -1 -1 -1 -1 -1 -1 -1 1 0 -1 -1 
-1 -1 -1 -1 -1 -1 -1 -1 -1 -1 -1 1 0 -1 -1 
-1 -1 -1 -1 -1 -1 -1 -1 -1 -1 -1 1 0 -1 -1 
-1 -1 -1 -1 -1 -1 -1 -1 -1 -1 -1 1 0 -1 -1 
-1 -1 -1 -1 -1 -1 -1 -1 -1 -1 -1 1 0 -1 -1 
-1 -1 -1 -1 -1 -1 -1 -1 -1 -1 -1 1 0 -1 -1 
-1 -1 -1 -1 -1 -1 -1 -1 -1 -1 -1 1 0 -1 -1 
-1 -1 -1 -1 -1 -1 -1 -1 -1 -1 -1 1 0 -1 -1 
-1 -1 -1 -1 -1 -1 -1 -1 -1 -1 -1 1 0 -1 -1 
-1 -1 -1 -1 -1 -1 -1 -1 -1 -1 -1 1 0 -1 -1 
-1 -1 -1 -1 -1 -1 -1 -1 -1 -1 -1 1 0 -1 -1 
-1 -1 -1 -1 -1 -1 -1 -1 -1 -1 -1 -1 0 -1 -1 
-1 -1 -1 -1 -1 -1 -1 -1 -1 -1 -1 -1 0 -1 -1 
END
15 0
0 13
2 10
-1 -1 -1 -1 -1 -1 -1 -1 -1 -1 1 1 0 0 -1 
-1 -1 -1 -1 -1 -1 -1 -1 -1 -1 1 1 0 -1 -1 
-1 -1 -1 -1 -1 -1 -1 -1 -1 -1 1 1 0 -1 -1 
-1 -1 -1 -1 -1 -1 -1 -1 -1 -1 -1 1 0 -1 -1 
-1 -1 -1 -1 -1 -1 -1 -1 -1 -1 -1 1 0 -1 -1 
-1 -1 -1 -1 -1 -1 -1 -1 -1 -1 -1 1 0 -1 -1 
-1 -1 -1 -1 -1 -1 -1 -1 -1 -1 -1 1 0 -1 -1 
-1 -1 -1 -1 -1 -1 -1 -1 -1 -1 -1 1 0 -1 -1 
-1 -1 -1 -1 -1 -1 -1 -1 -1 -1 -1 1 0 -1 -1 
-1 -1 -1 -1 -1 -1 -1 -1 -1 -1 -1 1 0 -1 -1 
-1 -1 -1 -1 -1 -1 -1 -1 -1 -1 -1 1 0 -1 -1 
-1 -1 -1 -1 -1 -1 -1 -1 -1 -1 -1 1 0 -1 -1 
-1 -1 -1 -1 -1 -1 -1 -1 -1 -1 -1 1 0 -1 -1 
-1 -1 -1 -1 -1 -1 -1 -1 -1 -1 -1 -1 0 -1 -1 
-1 -1 -1 -1 -1 -1 -1 -1 -1 -1 -1 -1 0 -1 -1 
END
15 0
1 13
3 10
-1 -1 -1 -1 -1 -1 -1 -1 -1 -1 1 1 0 0 -1 
-1 -1 -1 -1 -1 -1 -1 -1 -1 -1 1 1 0 0 -1 
-1 -1 -1 -1 -1 -1 -1 -1 -1 -1 1 1 0 -1 -1 
-1 -1 -1 -1 -1 -1 -1 -1 -1 -1 1 1 0 -1 -1 
-1 -1 -1 -1 -1 -1 -1 -1 -1 -1 -1 1 0 -1 -1 
-1 -1 -1 -1 -1 -1 -1 -1 -1 -1 -1 1 0 -1 -1 
-1 -1 -1 -1 -1 -1 -1 -1 -1 -1 -1 1 0 -1 -1 
-1 -1 -1 -1 -1 -1 -1 -1 -1 -1 -1 1 0 -1 -1 
-1 -1 -1 -1 -1 -1 -1 -1 -1 -1 -1 1 0 -1 -1 
-1 -1 -1 -1 -1 -1 -1 -1 -1 -1 -1 1 0 -1 -1 
-1 -1 -1 -1 -1 -1 -1 -1 -1 -1 -1 1 0 -1 -1 
-1 -1 -1 -1 -1 -1 -1 -1 -1 -1 -1 1 0 -1 -1 
-1 -1 -1 -1 -1 -1 -1 -1 -1 -1 -1 1 0 -1 -1 
-1 -1 -1 -1 -1 -1 -1 -1 -1 -1 -1 -1 0 -1 -1 
-1 -1 -1 -1 -1 -1 -1 -1 -1 -1 -1 -1 0 -1 -1 
END
15 0
2 13
4 10
-1 -1 -1 -1 -1 -1 -1 -1 -1 -1 1 1 0 0 -1 
-1 -1 -1 -1 -1 -1 -1 -1 -1 -1 1 1 0 0 -1 
-1 -1 -1 -1 -1 -1 -1 -1 -1 -1 1 1 0 0 -1 
-1 -1 -1 -1 -1 -1 -1 -1 -1 -1 1 1 0 -1 -1 
-1 -1 -1 -1 -1 -1 -1 -1 -1 -1 1 1 0 -1 -1 
-1 -1 -1 -1 -1 -1 -1 -1 -1 -1 -1 1 0 -1 -1 
-1 -1 -1 -1 -1 -1 -1 -1 -1 -1 -1 1 0 -1 -1 
-1 -1 -1 -1 -1 -1 -1 -1 -1 -1 -1 1 0 -1 -1 
-1 -1 -1 -1 -1 -1 -1 -1 -1 -1 -1 1 0 -1 -1 
-1 -1 -1 -1 -1 -1 -1 -1 -1 -1 -1 1 0 -1 -1 
-1 -1 -1 -1 -1 -1 -1 -1 -1 -1 -1 1 0 -1 -1 
-1 -1 -1 -1 -1 -1 -1 -1 -1 -1 -1 1 0 -1 -1 
-1 -1 -1 -1 -1 -1 -1 -1 -1 -1 -1 1 0 -1 -1 
-1 -1 -1 -1 -1 -1 -1 -1 -1 -1 -1 -1 0 -1 -1 
-1 -1 -1 -1 -1 -1 -1 -1 -1 -1 -1 -1 0 -1 -1 
END
15 0
3 13
5 10
-1 -1 -1 -1 -1 -1 -1 -1 -1 -1 1 1 0 0 -1 
-1 -1 -1 -1 -1 -1 -1 -1 -1 -1 1 1 0 0 -1 
-1 -1 -1 -1 -1 -1 -1 -1 -1 -1 1 1 0 0 -1 
-1 -1 -1 -1 -1 -1 -1 -1 -1 -1 1 1 0 0 -1 
-1 -1 -1 -1 -1 -1 -1 -1 -1 -1 1 1 0 -1 -1 
-1 -1 -1 -1 -1 -1 -1 -1 -1 -1 1 1 0 -1 -1 
-1 -1 -1 -1 -1 -1 -1 -1 -1 -1 -1 1 0 -1 -1 
-1 -1 -1 -1 -1 -1 -1 -1 -1 -1 -1 1 0 -1 -1 
-1 -1 -1 -1 -1 -1 -1 -1 -1 -1 -1 1 0 -1 -1 
-1 -1 -1 -1 -1 -1 -1 -1 -1 -1 -1 1 0 -1 -1 
-1 -1 -1 -1 -1 -1 -1 -1 -1 -1 -1 1 0 -1 -1 
-1 -1 -1 -1 -1 -1 -1 -1 -1 -1 -1 1 0 -1 -1 
-1 -1 -1 -1 -1 -1 -1 -1 -1 -1 -1 1 0 -1 -1 
-1 -1 -1 -1 -1 -1 -1 -1 -1 -1 -1 -1 0 -1 -1 
-1 -1 -1 -1 -1 -1 -1 -1 -1 -1 -1 -1 0 -1 -1 
END
15 0
4 13
6 10
-1 -1 -1 -1 -1 -1 -1 -1 -1 -1 1 1 0 0 -1 
-1 -1 -1 -1 -1 -1 -1 -1 -1 -1 1 1 0 0 -1 
-1 -1 -1 -1 -1 -1 -1 -1 -1 -1 1 1 0 0 -1 
-1 -1 -1 -1 -1 -1 -1 -1 -1 -1 1 1 0 0 -1 
-1 -1 -1 -1 -1 -1 -1 -1 -1 -1 1 1 0 0 -1 
-1 -1 -1 -1 -1 -1 -1 -1 -1 -1 1 1 0 -1 -1 
-1 -1 -1 -1 -1 -1 -1 -1 -1 -1 1 1 0 -1 -1 
-1 -1 -1 -1 -1 -1 -1 -1 -1 -1 -1 1 0 -1 -1 
-1 -1 -1 -1 -1 -1 -1 -1 -1 -1 -1 1 0 -1 -1 
-1 -1 -1 -1 -1 -1 -1 -1 -1 -1 -1 1 0 -1 -1 
-1 -1 -1 -1 -1 -1 -1 -1 -1 -1 -1 1 0 -1 -1 
-1 -1 -1 -1 -1 -1 -1 -1 -1 -1 -1 1 0 -1 -1 
-1 -1 -1 -1 -1 -1 -1 -1 -1 -1 -1 1 0 -1 -1 
-1 -1 -1 -1 -1 -1 -1 -1 -1 -1 -1 -1 0 -1 -1 
-1 -1 -1 -1 -1 -1 -1 -1 -1 -1 -1 -1 0 -1 -1 
END
15 0
5 13
7 10
-1 -1 -1 -1 -1 -1 -1 -1 -1 -1 1 1 0 0 -1 
-1 -1 -1 -1 -1 -1 -1 -1 -1 -1 1 1 0 0 -1 
-1 -1 -1 -1 -1 -1 -1 -1 -1 -1 1 1 0 0 -1 
-1 -1 -1 -1 -1 -1 -1 -1 -1 -1 1 1 0 0 -1 
-1 -1 -1 -1 -1 -1 -1 -1 -1 -1 1 1 0 0 -1 
-1 -1 -1 -1 -1 -1 -1 -1 -1 -1 1 1 0 0 -1 
-1 -1 -1 -1 -1 -1 -1 -1 -1 -1 1 1 0 -1 -1 
-1 -1 -1 -1 -1 -1 -1 -1 -1 -1 1 1 0 -1 -1 
-1 -1 -1 -1 -1 -1 -1 -1 -1 -1 -1 1 0 -1 -1 
-1 -1 -1 -1 -1 -1 -1 -1 -1 -1 -1 1 0 -1 -1 
-1 -1 -1 -1 -1 -1 -1 -1 -1 -1 -1 1 0 -1 -1 
-1 -1 -1 -1 -1 -1 -1 -1 -1 -1 -1 1 0 -1 -1 
-1 -1 -1 -1 -1 -1 -1 -1 -1 -1 -1 1 0 -1 -1 
-1 -1 -1 -1 -1 -1 -1 -1 -1 -1 -1 -1 0 -1 -1 
-1 -1 -1 -1 -1 -1 -1 -1 -1 -1 -1 -1 0 -1 -1 
END
15 0
6 13
8 10
-1 -1 -1 -1 -1 -1 -1 -1 -1 -1 1 1 0 0 -1 
-1 -1 -1 -1 -1 -1 -1 -1 -1 -1 1 1 0 0 -1 
-1 -1 -1 -1 -1 -1 -1 -1 -1 -1 1 1 0 0 -1 
-1 -1 -1 -1 -1 -1 -1 -1 -1 -1 1 1 0 0 -1 
-1 -1 -1 -1 -1 -1 -1 -1 -1 -1 1 1 0 0 -1 
-1 -1 -1 -1 -1 -1 -1 -1 -1 -1 1 1 0 0 -1 
-1 -1 -1 -1 -1 -1 -1 -1 -1 -1 1 1 0 0 -1 
-1 -1 -1 -1 -1 -1 -1 -1 -1 -1 1 1 0 -1 -1 
-1 -1 -1 -1 -1 -1 -1 -1 -1 -1 1 1 0 -1 -1 
-1 -1 -1 -1 -1 -1 -1 -1 -1 -1 -1 1 0 -1 -1 
-1 -1 -1 -1 -1 -1 -1 -1 -1 -1 -1 1 0 -1 -1 
-1 -1 -1 -1 -1 -1 -1 -1 -1 -1 -1 1 0 -1 -1 
-1 -1 -1 -1 -1 -1 -1 -1 -1 -1 -1 1 0 -1 -1 
-1 -1 -1 -1 -1 -1 -1 -1 -1 -1 -1 -1 0 -1 -1 
-1 -1 -1 -1 -1 -1 -1 -1 -1 -1 -1 -1 0 -1 -1 
END
15 0
7 13
9 10
-1 -1 -1 -1 -1 -1 -1 -1 -1 -1 1 1 0 0 -1 
-1 -1 -1 -1 -1 -1 -1 -1 -1 -1 1 1 0 0 -1 
-1 -1 -1 -1 -1 -1 -1 -1 -1 -1 1 1 0 0 -1 
-1 -1 -1 -1 -1 -1 -1 -1 -1 -1 1 1 0 0 -1 
-1 -1 -1 -1 -1 -1 -1 -1 -1 -1 1 1 0 0 -1 
-1 -1 -1 -1 -1 -1 -1 -1 -1 -1 1 1 0 0 -1 
-1 -1 -1 -1 -1 -1 -1 -1 -1 -1 1 1 0 0 -1 
-1 -1 -1 -1 -1 -1 -1 -1 -1 -1 1 1 0 0 -1 
-1 -1 -1 -1 -1 -1 -1 -1 -1 -1 1 1 0 -1 -1 
-1 -1 -1 -1 -1 -1 -1 -1 -1 -1 1 1 0 -1 -1 
-1 -1 -1 -1 -1 -1 -1 -1 -1 -1 -1 1 0 -1 -1 
-1 -1 -1 -1 -1 -1 -1 -1 -1 -1 -1 1 0 -1 -1 
-1 -1 -1 -1 -1 -1 -1 -1 -1 -1 -1 1 0 -1 -1 
-1 -1 -1 -1 -1 -1 -1 -1 -1 -1 -1 -1 0 -1 -1 
-1 -1 -1 -1 -1 -1 -1 -1 -1 -1 -1 -1 0 -1 -1 
END
15 0
8 13
10 10
-1 -1 -1 -1 -1 -1 -1 -1 -1 -1 1 1 0 0 -1 
-1 -1 -1 -1 -1 -1 -1 -1 -1 -1 1 1 0 0 -1 
-1 -1 -1 -1 -1 -1 -1 -1 -1 -1 1 1 0 0 -1 
-1 -1 -1 -1 -1 -1 -1 -1 -1 -1 1 1 0 0 -1 
-1 -1 -1 -1 -1 -1 -1 -1 -1 -1 1 1 0 0 -1 
-1 -1 -1 -1 -1 -1 -1 -1 -1 -1 1 1 0 0 -1 
-1 -1 -1 -1 -1 -1 -1 -1 -1 -1 1 1 0 0 -1 
-1 -1 -1 -1 -1 -1 -1 -1 -1 -1 1 1 0 0 -1 
-1 -1 -1 -1 -1 -1 -1 -1 -1 -1 1 1 0 0 -1 
-1 -1 -1 -1 -1 -1 -1 -1 -1 -1 1 1 0 -1 -1 
-1 -1 -1 -1 -1 -1 -1 -1 -1 -1 1 1 0 -1 -1 
-1 -1 -1 -1 -1 -1 -1 -1 -1 -1 -1 1 0 -1 -1 
-1 -1 -1 -1 -1 -1 -1 -1 -1 -1 -1 1 0 -1 -1 
-1 -1 -1 -1 -1 -1 -1 -1 -1 -1 -1 -1 0 -1 -1 
-1 -1 -1 -1 -1 -1 -1 -1 -1 -1 -1 -1 0 -1 -1 
END
15 0
9 13
11 10
-1 -1 -1 -1 -1 -1 -1 -1 -1 -1 1 1 0 0 -1 
-1 -1 -1 -1 -1 -1 -1 -1 -1 -1 1 1 0 0 -1 
-1 -1 -1 -1 -1 -1 -1 -1 -1 -1 1 1 0 0 -1 
-1 -1 -1 -1 -1 -1 -1 -1 -1 -1 1 1 0 0 -1 
-1 -1 -1 -1 -1 -1 -1 -1 -1 -1 1 1 0 0 -1 
-1 -1 -1 -1 -1 -1 -1 -1 -1 -1 1 1 0 0 -1 
-1 -1 -1 -1 -1 -1 -1 -1 -1 -1 1 1 0 0 -1 
-1 -1 -1 -1 -1 -1 -1 -1 -1 -1 1 1 0 0 -1 
-1 -1 -1 -1 -1 -1 -1 -1 -1 -1 1 1 0 0 -1 
-1 -1 -1 -1 -1 -1 -1 -1 -1 -1 1 1 0 0 -1 
-1 -1 -1 -1 -1 -1 -1 -1 -1 -1 1 1 0 -1 -1 
-1 -1 -1 -1 -1 -1 -1 -1 -1 -1 1 1 0 -1 -1 
-1 -1 -1 -1 -1 -1 -1 -1 -1 -1 -1 1 0 -1 -1 
-1 -1 -1 -1 -1 -1 -1 -1 -1 -1 -1 -1 0 -1 -1 
-1 -1 -1 -1 -1 -1 -1 -1 -1 -1 -1 -1 0 -1 -1 
END
15 0
10 13
12 10
-1 -1 -1 -1 -1 -1 -1 -1 -1 -1 1 1 0 0 -1 
-1 -1 -1 -1 -1 -1 -1 -1 -1 -1 1 1 0 0 -1 
-1 -1 -1 -1 -1 -1 -1 -1 -1 -1 1 1 0 0 -1 
-1 -1 -1 -1 -1 -1 -1 -1 -1 -1 1 1 0 0 -1 
-1 -1 -1 -1 -1 -1 -1 -1 -1 -1 1 1 0 0 -1 
-1 -1 -1 -1 -1 -1 -1 -1 -1 -1 1 1 0 0 -1 
-1 -1 -1 -1 -1 -1 -1 -1 -1 -1 1 1 0 0 -1 
-1 -1 -1 -1 -1 -1 -1 -1 -1 -1 1 1 0 0 -1 
-1 -1 -1 -1 -1 -1 -1 -1 -1 -1 1 1 0 0 -1 
-1 -1 -1 -1 -1 -1 -1 -1 -1 -1 1 1 0 0 -1 
-1 -1 -1 -1 -1 -1 -1 -1 -1 -1 1 1 0 0 -1 
-1 -1 -1 -1 -1 -1 -1 -1 -1 -1 1 1 0 -1 -1 
-1 -1 -1 -1 -1 -1 -1 -1 -1 -1 1 1 0 -1 -1 
-1 -1 -1 -1 -1 -1 -1 -1 -1 -1 -1 -1 0 -1 -1 
-1 -1 -1 -1 -1 -1 -1 -1 -1 -1 -1 -1 0 -1 -1 
END
15 0
11 13
13 10
-1 -1 -1 -1 -1 -1 -1 -1 -1 -1 1 1 0 0 -1 
-1 -1 -1 -1 -1 -1 -1 -1 -1 -1 1 1 0 0 -1 
-1 -1 -1 -1 -1 -1 -1 -1 -1 -1 1 1 0 0 -1 
-1 -1 -1 -1 -1 -1 -1 -1 -1 -1 1 1 0 0 -1 
-1 -1 -1 -1 -1 -1 -1 -1 -1 -1 1 1 0 0 -1 
-1 -1 -1 -1 -1 -1 -1 -1 -1 -1 1 1 0 0 -1 
-1 -1 -1 -1 -1 -1 -1 -1 -1 -1 1 1 0 0 -1 
-1 -1 -1 -1 -1 -1 -1 -1 -1 -1 1 1 0 0 -1 
-1 -1 -1 -1 -1 -1 -1 -1 -1 -1 1 1 0 0 -1 
-1 -1 -1 -1 -1 -1 -1 -1 -1 -1 1 1 0 0 -1 
-1 -1 -1 -1 -1 -1 -1 -1 -1 -1 1 1 0 0 -1 
-1 -1 -1 -1 -1 -1 -1 -1 -1 -1 1 1 0 0 -1 
-1 -1 -1 -1 -1 -1 -1 -1 -1 -1 1 1 0 -1 -1 
-1 -1 -1 -1 -1 -1 -1 -1 -1 -1 1 -1 0 -1 -1 
-1 -1 -1 -1 -1 -1 -1 -1 -1 -1 -1 -1 0 -1 -1 
END
15 0
12 13
14 10
-1 -1 -1 -1 -1 -1 -1 -1 -1 -1 1 1 0 0 -1 
-1 -1 -1 -1 -1 -1 -1 -1 -1 -1 1 1 0 0 -1 
-1 -1 -1 -1 -1 -1 -1 -1 -1 -1 1 1 0 0 -1 
-1 -1 -1 -1 -1 -1 -1 -1 -1 -1 1 1 0 0 -1 
-1 -1 -1 -1 -1 -1 -1 -1 -1 -1 1 1 0 0 -1 
-1 -1 -1 -1 -1 -1 -1 -1 -1 -1 1 1 0 0 -1 
-1 -1 -1 -1 -1 -1 -1 -1 -1 -1 1 1 0 0 -1 
-1 -1 -1 -1 -1 -1 -1 -1 -1 -1 1 1 0 0 -1 
-1 -1 -1 -1 -1 -1 -1 -1 -1 -1 1 1 0 0 -1 
-1 -1 -1 -1 -1 -1 -1 -1 -1 -1 1 1 0 0 -1 
-1 -1 -1 -1 -1 -1 -1 -1 -1 -1 1 1 0 0 -1 
-1 -1 -1 -1 -1 -1 -1 -1 -1 -1 1 1 0 0 -1 
-1 -1 -1 -1 -1 -1 -1 -1 -1 -1 1 1 0 0 -1 
-1 -1 -1 -1 -1 -1 -1 -1 -1 -1 1 -1 0 -1 -1 
-1 -1 -1 -1 -1 -1 -1 -1 -1 -1 1 -1 0 -1 -1 
END
15 0
13 13
14 9
-1 -1 -1 -1 -1 -1 -1 -1 -1 -1 1 1 0 0 -1 
-1 -1 -1 -1 -1 -1 -1 -1 -1 -1 1 1 0 0 -1 
-1 -1 -1 -1 -1 -1 -1 -1 -1 -1 1 1 0 0 -1 
-1 -1 -1 -1 -1 -1 -1 -1 -1 -1 1 1 0 0 -1 
-1 -1 -1 -1 -1 -1 -1 -1 -1 -1 1 1 0 0 -1 
-1 -1 -1 -1 -1 -1 -1 -1 -1 -1 1 1 0 0 -1 
-1 -1 -1 -1 -1 -1 -1 -1 -1 -1 1 1 0 0 -1 
-1 -1 -1 -1 -1 -1 -1 -1 -1 -1 1 1 0 0 -1 
-1 -1 -1 -1 -1 -1 -1 -1 -1 -1 1 1 0 0 -1 
-1 -1 -1 -1 -1 -1 -1 -1 -1 -1 1 1 0 0 -1 
-1 -1 -1 -1 -1 -1 -1 -1 -1 -1 1 1 0 0 -1 
-1 -1 -1 -1 -1 -1 -1 -1 -1 -1 1 1 0 0 -1 
-1 -1 -1 -1 -1 -1 -1 -1 -1 -1 1 1 0 0 -1 
-1 -1 -1 -1 -1 -1 -1 -1 -1 -1 1 -1 0 0 -1 
-1 -1 -1 -1 -1 -1 -1 -1 -1 1 1 -1 0 -1 -1 
END
15 0
14 13
13 9
-1 -1 -1 -1 -1 -1 -1 -1 -1 -1 1 1 0 0 -1 
-1 -1 -1 -1 -1 -1 -1 -1 -1 -1 1 1 0 0 -1 
-1 -1 -1 -1 -1 -1 -1 -1 -1 -1 1 1 0 0 -1 
-1 -1 -1 -1 -1 -1 -1 -1 -1 -1 1 1 0 0 -1 
-1 -1 -1 -1 -1 -1 -1 -1 -1 -1 1 1 0 0 -1 
-1 -1 -1 -1 -1 -1 -1 -1 -1 -1 1 1 0 0 -1 
-1 -1 -1 -1 -1 -1 -1 -1 -1 -1 1 1 0 0 -1 
-1 -1 -1 -1 -1 -1 -1 -1 -1 -1 1 1 0 0 -1 
-1 -1 -1 -1 -1 -1 -1 -1 -1 -1 1 1 0 0 -1 
-1 -1 -1 -1 -1 -1 -1 -1 -1 -1 1 1 0 0 -1 
-1 -1 -1 -1 -1 -1 -1 -1 -1 -1 1 1 0 0 -1 
-1 -1 -1 -1 -1 -1 -1 -1 -1 -1 1 1 0 0 -1 
-1 -1 -1 -1 -1 -1 -1 -1 -1 -1 1 1 0 0 -1 
-1 -1 -1 -1 -1 -1 -1 -1 -1 1 1 -1 0 0 -1 
-1 -1 -1 -1 -1 -1 -1 -1 -1 1 1 -1 0 0 -1 
END
15 0
14 14
12 9
-1 -1 -1 -1 -1 -1 -1 -1 -1 -1 1 1 0 0 -1 
-1 -1 -1 -1 -1 -1 -1 -1 -1 -1 1 1 0 0 -1 
-1 -1 -1 -1 -1 -1 -1 -1 -1 -1 1 1 0 0 -1 
-1 -1 -1 -1 -1 -1 -1 -1 -1 -1 1 1 0 0 -1 
-1 -1 -1 -1 -1 -1 -1 -1 -1 -1 1 1 0 0 -1 
-1 -1 -1 -1 -1 -1 -1 -1 -1 -1 1 1 0 0 -1 
-1 -1 -1 -1 -1 -1 -1 -1 -1 -1 1 1 0 0 -1 
-1 -1 -1 -1 -1 -1 -1 -1 -1 -1 1 1 0 0 -1 
-1 -1 -1 -1 -1 -1 -1 -1 -1 -1 1 1 0 0 -1 
-1 -1 -1 -1 -1 -1 -1 -1 -1 -1 1 1 0 0 -1 
-1 -1 -1 -1 -1 -1 -1 -1 -1 -1 1 1 0 0 -1 
-1 -1 -1 -1 -1 -1 -1 -1 -1 -1 1 1 0 0 -1 
-1 -1 -1 -1 -1 -1 -1 -1 -1 1 1 1 0 0 -1 
-1 -1 -1 -1 -1 -1 -1 -1 -1 1 1 -1 0 0 -1 
-1 -1 -1 -1 -1 -1 -1 -1 -1 1 1 -1 0 0 0 
END
15 0
13 14
11 9
-1 -1 -1 -1 -1 -1 -1 -1 -1 -1 1 1 0 0 -1 
-1 -1 -1 -1 -1 -1 -1 -1 -1 -1 1 1 0 0 -1 
-1 -1 -1 -1 -1 -1 -1 -1 -1 -1 1 1 0 0 -1 
-1 -1 -1 -1 -1 -1 -1 -1 -1 -1 1 1 0 0 -1 
-1 -1 -1 -1 -1 -1 -1 -1 -1 -1 1 1 0 0 -1 
-1 -1 -1 -1 -1 -1 -1 -1 -1 -1 1 1 0 0 -1 
-1 -1 -1 -1 -1 -1 -1 -1 -1 -1 1 1 0 0 -1 
-1 -1 -1 -1 -1 -1 -1 -1 -1 -1 1 1 0 0 -1 
-1 -1 -1 -1 -1 -1 -1 -1 -1 -1 1 1 0 0 -1 
-1 -1 -1 -1 -1 -1 -1 -1 -1 -1 1 1 0 0 -1 
-1 -1 -1 -1 -1 -1 -1 -1 -1 -1 1 1 0 0 -1 
-1 -1 -1 -1 -1 -1 -1 -1 -1 1 1 1 0 0 -1 
-1 -1 -1 -1 -1 -1 -1 -1 -1 1 1 1 0 0 -1 
-1 -1 -1 -1 -1 -1 -1 -1 -1 1 1 -1 0 0 0 
-1 -1 -1 -1 -1 -1 -1 -1 -1 1 1 -1 0 0 0 
END
15 0
12 14
10 9
-1 -1 -1 -1 -1 -1 -1 -1 -1 -1 1 1 0 0 -1 
-1 -1 -1 -1 -1 -1 -1 -1 -1 -1 1 1 0 0 -1 
-1 -1 -1 -1 -1 -1 -1 -1 -1 -1 1 1 0 0 -1 
-1 -1 -1 -1 -1 -1 -1 -1 -1 -1 1 1 0 0 -1 
-1 -1 -1 -1 -1 -1 -1 -1 -1 -1 1 1 0 0 -1 
-1 -1 -1 -1 -1 -1 -1 -1 -1 -1 1 1 0 0 -1 
-1 -1 -1 -1 -1 -1 -1 -1 -1 -1 1 1 0 0 -1 
-1 -1 -1 -1 -1 -1 -1 -1 -1 -1 1 1 0 0 -1 
-1 -1 -1 -1 -1 -1 -1 -1 -1 -1 1 1 0 0 -1 
-1 -1 -1 -1 -1 -1 -1 -1 -1 -1 1 1 0 0 -1 
-1 -1 -1 -1 -1 -1 -1 -1 -1 1 1 1 0 0 -1 
-1 -1 -1 -1 -1 -1 -1 -1 -1 1 1 1 0 0 -1 
-1 -1 -1 -1 -1 -1 -1 -1 -1 1 1 1 0 0 0 
-1 -1 -1 -1 -1 -1 -1 -1 -1 1 1 -1 0 0 0 
-1 -1 -1 -1 -1 -1 -1 -1 -1 1 1 -1 0 0 0 
END
15 0
11 14
9 9
-1 -1 -1 -1 -1 -1 -1 -1 -1 -1 1 1 0 0 -1 
-1 -1 -1 -1 -1 -1 -1 -1 -1 -1 1 1 0 0 -1 
-1 -1 -1 -1 -1 -1 -1 -1 -1 -1 1 1 0 0 -1 
-1 -1 -1 -1 -1 -1 -1 -1 -1 -1 1 1 0 0 -1 
-1 -1 -1 -1 -1 -1 -1 -1 -1 -1 1 1 0 0 -1 
-1 -1 -1 -1 -1 -1 -1 -1 -1 -1 1 1 0 0 -1 
-1 -1 -1 -1 -1 -1 -1 -1 -1 -1 1 1 0 0 -1 
-1 -1 -1 -1 -1 -1 -1 -1 -1 -1 1 1 0 0 -1 
-1 -1 -1 -1 -1 -1 -1 -1 -1 -1 1 1 0 0 -1 
-1 -1 -1 -1 -1 -1 -1 -1 -1 1 1 1 0 0 -1 
-1 -1 -1 -1 -1 -1 -1 -1 -1 1 1 1 0 0 -1 
-1 -1 -1 -1 -1 -1 -1 -1 -1 1 1 1 0 0 0 
-1 -1 -1 -1 -1 -1 -1 -1 -1 1 1 1 0 0 0 
-1 -1 -1 -1 -1 -1 -1 -1 -1 1 1 -1 0 0 0 
-1 -1 -1 -1 -1 -1 -1 -1 -1 1 1 -1 0 0 0 
END
15 0
10 14
8 9
-1 -1 -1 -1 -1 -1 -1 -1 -1 -1 1 1 0 0 -1 
-1 -1 -1 -1 -1 -1 -1 -1 -1 -1 1 1 0 0 -1 
-1 -1 -1 -1 -1 -1 -1 -1 -1 -1 1 1 0 0 -1 
-1 -1 -1 -1 -1 -1 -1 -1 -1 -1 1 1 0 0 -1 
-1 -1 -1 -1 -1 -1 -1 -1 -1 -1 1 1 0 0 -1 
-1 -1 -1 -1 -1 -1 -1 -1 -1 -1 1 1 0 0 -1 
-1 -1 -1 -1 -1 -1 -1 -1 -1 -1 1 1 0 0 -1 
-1 -1 -1 -1 -1 -1 -1 -1 -1 -1 1 1 0 0 -1 
-1 -1 -1 -1 -1 -1 -1 -1 -1 1 1 1 0 0 -1 
-1 -1 -1 -1 -1 -1 -1 -1 -1 1 1 1 0 0 -1 
-1 -1 -1 -1 -1 -1 -1 -1 -1 1 1 1 0 0 0 
-1 -1 -1 -1 -1 -1 -1 -1 -1 1 1 1 0 0 0 
-1 -1 -1 -1 -1 -1 -1 -1 -1 1 1 1 0 0 0 
-1 -1 -1 -1 -1 -1 -1 -1 -1 1 1 -1 0 0 0 
-1 -1 -1 -1 -1 -1 -1 -1 -1 1 1 -1 0 0 0 
END
15 0
9 14
7 9
-1 -1 -1 -1 -1 -1 -1 -1 -1 -1 1 1 0 0 -1 
-1 -1 -1 -1 -1 -1 -1 -1 -1 -1 1 1 0 0 -1 
-1 -1 -1 -1 -1 -1 -1 -1 -1 -1 1 1 0 0 -1 
-1 -1 -1 -1 -1 -1 -1 -1 -1 -1 1 1 0 0 -1 
-1 -1 -1 -1 -1 -1 -1 -1 -1 -1 1 1 0 0 -1 
-1 -1 -1 -1 -1 -1 -1 -1 -1 -1 1 1 0 0 -1 
-1 -1 -1 -1 -1 -1 -1 -1 -1 -1 1 1 0 0 -1 
-1 -1 -1 -1 -1 -1 -1 -1 -1 1 1 1 0 0 -1 
-1 -1 -1 -1 -1 -1 -1 -1 -1 1 1 1 0 0 -1 
-1 -1 -1 -1 -1 -1 -1 -1 -1 1 1 1 0 0 0 
-1 -1 -1 -1 -1 -1 -1 -1 -1 1 1 1 0 0 0 
-1 -1 -1 -1 -1 -1 -1 -1 -1 1 1 1 0 0 0 
-1 -1 -1 -1 -1 -1 -1 -1 -1 1 1 1 0 0 0 
-1 -1 -1 -1 -1 -1 -1 -1 -1 1 1 -1 0 0 0 
-1 -1 -1 -1 -1 -1 -1 -1 -1 1 1 -1 0 0 0 
END
15 0
8 14
6 9
-1 -1 -1 -1 -1 -1 -1 -1 -1 -1 1 1 0 0 -1 
-1 -1 -1 -1 -1 -1 -1 -1 -1 -1 1 1 0 0 -1 
-1 -1 -1 -1 -1 -1 -1 -1 -1 -1 1 1 0 0 -1 
-1 -1 -1 -1 -1 -1 -1 -1 -1 -1 1 1 0 0 -1 
-1 -1 -1 -1 -1 -1 -1 -1 -1 -1 1 1 0 0 -1 
-1 -1 -1 -1 -1 -1 -1 -1 -1 -1 1 1 0 0 -1 
-1 -1 -1 -1 -1 -1 -1 -1 -1 1 1 1 0 0 -1 
-1 -1 -1 -1 -1 -1 -1 -1 -1 1 1 1 0 0 -1 
-1 -1 -1 -1 -1 -1 -1 -1 -1 1 1 1 0 0 0 
-1 -1 -1 -1 -1 -1 -1 -1 -1 1 1 1 0 0 0 
-1 -1 -1 -1 -1 -1 -1 -1 -1 1 1 1 0 0 0 
-1 -1 -1 -1 -1 -1 -1 -1 -1 1 1 1 0 0 0 
-1 -1 -1 -1 -1 -1 -1 -1 -1 1 1 1 0 0 0 
-1 -1 -1 -1 -1 -1 -1 -1 -1 1 1 -1 0 0 0 
-1 -1 -1 -1 -1 -1 -1 -1 -1 1 1 -1 0 0 0 
END
15 0
7 14
5 9
-1 -1 -1 -1 -1 -1 -1 -1 -1 -1 1 1 0 0 -1 
-1 -1 -1 -1 -1 -1 -1 -1 -1 -1 1 1 0 0 -1 
-1 -1 -1 -1 -1 -1 -1 -1 -1 -1 1 1 0 0 -1 
-1 -1 -1 -1 -1 -1 -1 -1 -1 -1 1 1 0 0 -1 
-1 -1 -1 -1 -1 -1 -1 -1 -1 -1 1 1 0 0 -1 
-1 -1 -1 -1 -1 -1 -1 -1 -1 1 1 1 0 0 -1 
-1 -1 -1 -1 -1 -1 -1 -1 -1 1 1 1 0 0 -1 
-1 -1 -1 -1 -1 -1 -1 -1 -1 1 1 1 0 0 0 
-1 -1 -1 -1 -1 -1 -1 -1 -1 1 1 1 0 0 0 
-1 -1 -1 -1 -1 -1 -1 -1 -1 1 1 1 0 0 0 
-1 -1 -1 -1 -1 -1 -1 -1 -1 1 1 1 0 0 0 
-1 -1 -1 -1 -1 -1 -1 -1 -1 1 1 1 0 0 0 
-1 -1 -1 -1 -1 -1 -1 -1 -1 1 1 1 0 0 0 
-1 -1 -1 -1 -1 -1 -1 -1 -1 1 1 -1 0 0 0 
-1 -1 -1 -1 -1 -1 -1 -1 -1 1 1 -1 0 0 0 
END
15 0
6 14
4 9
-1 -1 -1 -1 -1 -1 -1 -1 -1 -1 1 1 0 0 -1 
-1 -1 -1 -1 -1 -1 -1 -1 -1 -1 1 1 0 0 -1 
-1 -1 -1 -1 -1 -1 -1 -1 -1 -1 1 1 0 0 -1 
-1 -1 -1 -1 -1 -1 -1 -1 -1 -1 1 1 0 0 -1 
-1 -1 -1 -1 -1 -1 -1 -1 -1 1 1 1 0 0 -1 
-1 -1 -1 -1 -1 -1 -1 -1 -1 1 1 1 0 0 -1 
-1 -1 -1 -1 -1 -1 -1 -1 -1 1 1 1 0 0 0 
-1 -1 -1 -1 -1 -1 -1 -1 -1 1 1 1 0 0 0 
-1 -1 -1 -1 -1 -1 -1 -1 -1 1 1 1 0 0 0 
-1 -1 -1 -1 -1 -1 -1 -1 -1 1 1 1 0 0 0 
-1 -1 -1 -1 -1 -1 -1 -1 -1 1 1 1 0 0 0 
-1 -1 -1 -1 -1 -1 -1 -1 -1 1 1 1 0 0 0 
-1 -1 -1 -1 -1 -1 -1 -1 -1 1 1 1 0 0 0 
-1 -1 -1 -1 -1 -1 -1 -1 -1 1 1 -1 0 0 0 
-1 -1 -1 -1 -1 -1 -1 -1 -1 1 1 -1 0 0 0 
END
15 0
5 14
3 9
-1 -1 -1 -1 -1 -1 -1 -1 -1 -1 1 1 0 0 -1 
-1 -1 -1 -1 -1 -1 -1 -1 -1 -1 1 1 0 0 -1 
-1 -1 -1 -1 -1 -1 -1 -1 -1 -1 1 1 0 0 -1 
-1 -1 -1 -1 -1 -1 -1 -1 -1 1 1 1 0 0 -1 
-1 -1 -1 -1 -1 -1 -1 -1 -1 1 1 1 0 0 -1 
-1 -1 -1 -1 -1 -1 -1 -1 -1 1 1 1 0 0 0 
-1 -1 -1 -1 -1 -1 -1 -1 -1 1 1 1 0 0 0 
-1 -1 -1 -1 -1 -1 -1 -1 -1 1 1 1 0 0 0 
-1 -1 -1 -1 -1 -1 -1 -1 -1 1 1 1 0 0 0 
-1 -1 -1 -1 -1 -1 -1 -1 -1 1 1 1 0 0 0 
-1 -1 -1 -1 -1 -1 -1 -1 -1 1 1 1 0 0 0 
-1 -1 -1 -1 -1 -1 -1 -1 -1 1 1 1 0 0 0 
-1 -1 -1 -1 -1 -1 -1 -1 -1 1 1 1 0 0 0 
-1 -1 -1 -1 -1 -1 -1 -1 -1 1 1 -1 0 0 0 
-1 -1 -1 -1 -1 -1 -1 -1 -1 1 1 -1 0 0 0 
END
15 0
4 14
2 9
-1 -1 -1 -1 -1 -1 -1 -1 -1 -1 1 1 0 0 -1 
-1 -1 -1 -1 -1 -1 -1 -1 -1 -1 1 1 0 0 -1 
-1 -1 -1 -1 -1 -1 -1 -1 -1 1 1 1 0 0 -1 
-1 -1 -1 -1 -1 -1 -1 -1 -1 1 1 1 0 0 -1 
-1 -1 -1 -1 -1 -1 -1 -1 -1 1 1 1 0 0 0 
-1 -1 -1 -1 -1 -1 -1 -1 -1 1 1 1 0 0 0 
-1 -1 -1 -1 -1 -1 -1 -1 -1 1 1 1 0 0 0 
-1 -1 -1 -1 -1 -1 -1 -1 -1 1 1 1 0 0 0 
-1 -1 -1 -1 -1 -1 -1 -1 -1 1 1 1 0 0 0 
-1 -1 -1 -1 -1 -1 -1 -1 -1 1 1 1 0 0 0 
-1 -1 -1 -1 -1 -1 -1 -1 -1 1 1 1 0 0 0 
-1 -1 -1 -1 -1 -1 -1 -1 -1 1 1 1 0 0 0 
-1 -1 -1 -1 -1 -1 -1 -1 -1 1 1 1 0 0 0 
-1 -1 -1 -1 -1 -1 -1 -1 -1 1 1 -1 0 0 0 
-1 -1 -1 -1 -1 -1 -1 -1 -1 1 1 -1 0 0 0 
END
15 0
3 14
1 9
-1 -1 -1 -1 -1 -1 -1 -1 -1 -1 1 1 0 0 -1 
-1 -1 -1 -1 -1 -1 -1 -1 -1 1 1 1 0 0 -1 
-1 -1 -1 -1 -1 -1 -1 -1 -1 1 1 1 0 0 -1 
-1 -1 -1 -1 -1 -1 -1 -1 -1 1 1 1 0 0 0 
-1 -1 -1 -1 -1 -1 -1 -1 -1 1 1 1 0 0 0 
-1 -1 -1 -1 -1 -1 -1 -1 -1 1 1 1 0 0 0 
-1 -1 -1 -1 -1 -1 -1 -1 -1 1 1 1 0 0 0 
-1 -1 -1 -1 -1 -1 -1 -1 -1 1 1 1 0 0 0 
-1 -1 -1 -1 -1 -1 -1 -1 -1 1 1 1 0 0 0 
-1 -1 -1 -1 -1 -1 -1 -1 -1 1 1 1 0 0 0 
-1 -1 -1 -1 -1 -1 -1 -1 -1 1 1 1 0 0 0 
-1 -1 -1 -1 -1 -1 -1 -1 -1 1 1 1 0 0 0 
-1 -1 -1 -1 -1 -1 -1 -1 -1 1 1 1 0 0 0 
-1 -1 -1 -1 -1 -1 -1 -1 -1 1 1 -1 0 0 0 
-1 -1 -1 -1 -1 -1 -1 -1 -1 1 1 -1 0 0 0 
END
15 0
2 14
0 9
-1 -1 -1 -1 -1 -1 -1 -1 -1 1 1 1 0 0 -1 
-1 -1 -1 -1 -1 -1 -1 -1 -1 1 1 1 0 0 -1 
-1 -1 -1 -1 -1 -1 -1 -1 -1 1 1 1 0 0 0 
-1 -1 -1 -1 -1 -1 -1 -1 -1 1 1 1 0 0 0 
-1 -1 -1 -1 -1 -1 -1 -1 -1 1 1 1 0 0 0 
-1 -1 -1 -1 -1 -1 -1 -1 -1 1 1 1 0 0 0 
-1 -1 -1 -1 -1 -1 -1 -1 -1 1 1 1 0 0 0 
-1 -1 -1 -1 -1 -1 -1 -1 -1 1 1 1 0 0 0 
-1 -1 -1 -1 -1 -1 -1 -1 -1 1 1 1 0 0 0 
-1 -1 -1 -1 -1 -1 -1 -1 -1 1 1 1 0 0 0 
-1 -1 -1 -1 -1 -1 -1 -1 -1 1 1 1 0 0 0 
-1 -1 -1 -1 -1 -1 -1 -1 -1 1 1 1 0 0 0 
-1 -1 -1 -1 -1 -1 -1 -1 -1 1 1 1 0 0 0 
-1 -1 -1 -1 -1 -1 -1 -1 -1 1 1 -1 0 0 0 
-1 -1 -1 -1 -1 -1 -1 -1 -1 1 1 -1 0 0 0 
END
15 0
1 14
0 8
-1 -1 -1 -1 -1 -1 -1 -1 1 1 1 1 0 0 -1 
-1 -1 -1 -1 -1 -1 -1 -1 -1 1 1 1 0 0 0 
-1 -1 -1 -1 -1 -1 -1 -1 -1 1 1 1 0 0 0 
-1 -1 -1 -1 -1 -1 -1 -1 -1 1 1 1 0 0 0 
-1 -1 -1 -1 -1 -1 -1 -1 -1 1 1 1 0 0 0 
-1 -1 -1 -1 -1 -1 -1 -1 -1 1 1 1 0 0 0 
-1 -1 -1 -1 -1 -1 -1 -1 -1 1 1 1 0 0 0 
-1 -1 -1 -1 -1 -1 -1 -1 -1 1 1 1 0 0 0 
-1 -1 -1 -1 -1 -1 -1 -1 -1 1 1 1 0 0 0 
-1 -1 -1 -1 -1 -1 -1 -1 -1 1 1 1 0 0 0 
-1 -1 -1 -1 -1 -1 -1 -1 -1 1 1 1 0 0 0 
-1 -1 -1 -1 -1 -1 -1 -1 -1 1 1 1 0 0 0 
-1 -1 -1 -1 -1 -1 -1 -1 -1 1 1 1 0 0 0 
-1 -1 -1 -1 -1 -1 -1 -1 -1 1 1 -1 0 0 0 
-1 -1 -1 -1 -1 -1 -1 -1 -1 1 1 -1 0 0 0 
END
15 0
0 14
1 8
-1 -1 -1 -1 -1 -1 -1 -1 1 1 1 1 0 0 0 
-1 -1 -1 -1 -1 -1 -1 -1 1 1 1 1 0 0 0 
-1 -1 -1 -1 -1 -1 -1 -1 -1 1 1 1 0 0 0 
-1 -1 -1 -1 -1 -1 -1 -1 -1 1 1 1 0 0 0 
-1 -1 -1 -1 -1 -1 -1 -1 -1 1 1 1 0 0 0 
-1 -1 -1 -1 -1 -1 -1 -1 -1 1 1 1 0 0 0 
-1 -1 -1 -1 -1 -1 -1 -1 -1 1 1 1 0 0 0 
-1 -1 -1 -1 -1 -1 -1 -1 -1 1 1 1 0 0 0 
-1 -1 -1 -1 -1 -1 -1 -1 -1 1 1 1 0 0 0 
-1 -1 -1 -1 -1 -1 -1 -1 -1 1 1 1 0 0 0 
-1 -1 -1 -1 -1 -1 -1 -1 -1 1 1 1 0 0 0 
-1 -1 -1 -1 -1 -1 -1 -1 -1 1 1 1 0 0 0 
-1 -1 -1 -1 -1 -1 -1 -1 -1 1 1 1 0 0 0 
-1 -1 -1 -1 -1 -1 -1 -1 -1 1 1 -1 0 0 0 
-1 -1 -1 -1 -1 -1 -1 -1 -1 1 1 -1 0 0 0 
END
