15 0
13 12
9 14
-1 -1 -1 -1 -1 -1 -1 -1 -1 -1 -1 -1 -1 -1 -1 
-1 -1 -1 -1 -1 -1 -1 -1 -1 -1 -1 -1 -1 -1 -1 
-1 -1 -1 -1 -1 -1 -1 -1 -1 -1 -1 -1 -1 -1 -1 
-1 -1 -1 -1 -1 -1 -1 -1 -1 -1 -1 -1 -1 -1 -1 
-1 -1 -1 -1 -1 -1 -1 -1 -1 -1 -1 -1 -1 -1 -1 
-1 -1 -1 -1 -1 -1 -1 -1 -1 -1 -1 -1 -1 -1 -1 
-1 -1 -1 -1 -1 -1 -1 -1 -1 -1 -1 -1 -1 -1 -1 
-1 -1 -1 -1 -1 -1 -1 -1 -1 -1 -1 -1 -1 -1 -1 
-1 -1 -1 -1 -1 -1 -1 -1 -1 -1 -1 -1 -1 -1 -1 
-1 -1 -1 -1 -1 -1 -1 -1 -1 -1 -1 -1 -1 -1 1 
-1 -1 -1 -1 -1 -1 -1 -1 -1 -1 -1 -1 -1 -1 -1 
-1 -1 -1 -1 -1 -1 -1 -1 -1 -1 -1 -1 -1 -1 -1 
-1 -1 -1 -1 -1 -1 -1 -1 -1 -1 -1 -1 -1 -1 -1 
-1 -1 -1 -1 -1 -1 -1 -1 -1 -1 -1 -1 0 -1 -1 
-1 -1 -1 -1 -1 -1 -1 -1 -1 -1 -1 -1 -1 -1 -1 
END
15 0
12 12
8 14
-1 -1 -1 -1 -1 -1 -1 -1 -1 -1 -1 -1 -1 -1 -1 
-1 -1 -1 -1 -1 -1 -1 -1 -1 -1 -1 -1 -1 -1 -1 
-1 -1 -1 -1 -1 -1 -1 -1 -1 -1 -1 -1 -1 -1 -1 
-1 -1 -1 -1 -1 -1 -1 -1 -1 -1 -1 -1 -1 -1 -1 
-1 -1 -1 -1 -1 -1 -1 -1 -1 -1 -1 -1 -1 -1 -1 
-1 -1 -1 -1 -1 -1 -1 -1 -1 -1 -1 -1 -1 -1 -1 
-1 -1 -1 -1 -1 -1 -1 -1 -1 -1 -1 -1 -1 -1 -1 
-1 -1 -1 -1 -1 -1 -1 -1 -1 -1 -1 -1 -1 -1 -1 
-1 -1 -1 -1 -1 -1 -1 -1 -1 -1 -1 -1 -1 -1 1 
-1 -1 -1 -1 -1 -1 -1 -1 -1 -1 -1 -1 -1 -1 1 
-1 -1 -1 -1 -1 -1 -1 -1 -1 -1 -1 -1 -1 -1 -1 
-1 -1 -1 -1 -1 -1 -1 -1 -1 -1 -1 -1 -1 -1 -1 
-1 -1 -1 -1 -1 -1 -1 -1 -1 -1 -1 -1 0 -1 -1 
-1 -1 -1 -1 -1 -1 -1 -1 -1 -1 -1 -1 0 -1 -1 
-1 -1 -1 -1 -1 -1 -1 -1 -1 -1 -1 -1 -1 -1 -1 
END
15 0
11 12
7 14
-1 -1 -1 -1 -1 -1 -1 -1 -1 -1 -1 -1 -1 -1 -1 
-1 -1 -1 -1 -1 -1 -1 -1 -1 -1 -1 -1 -1 -1 -1 
-1 -1 -1 -1 -1 -1 -1 -1 -1 -1 -1 -1 -1 -1 -1 
-1 -1 -1 -1 -1 -1 -1 -1 -1 -1 -1 -1 -1 -1 -1 
-1 -1 -1 -1 -1 -1 -1 -1 -1 -1 -1 -1 -1 -1 -1 
-1 -1 -1 -1 -1 -1 -1 -1 -1 -1 -1 -1 -1 -1 -1 
-1 -1 -1 -1 -1 -1 -1 -1 -1 -1 -1 -1 -1 -1 -1 
-1 -1 -1 -1 -1 -1 -1 -1 -1 -1 -1 -1 -1 -1 1 
-1 -1 -1 -1 -1 -1 -1 -1 -1 -1 -1 -1 -1 -1 1 
-1 -1 -1 -1 -1 -1 -1 -1 -1 -1 -1 -1 -1 -1 1 
-1 -1 -1 -1 -1 -1 -1 -1 -1 -1 -1 -1 -1 -1 -1 
-1 -1 -1 -1 -1 -1 -1 -1 -1 -1 -1 -1 0 -1 -1 
-1 -1 -1 -1 -1 -1 -1 -1 -1 -1 -1 -1 0 -1 -1 
-1 -1 -1 -1 -1 -1 -1 -1 -1 -1 -1 -1 0 -1 -1 
-1 -1 -1 -1 -1 -1 -1 -1 -1 -1 -1 -1 -1 -1 -1 
END
15 0
10 12
6 14
-1 -1 -1 -1 -1 -1 -1 -1 -1 -1 -1 -1 -1 -1 -1 
-1 -1 -1 -1 -1 -1 -1 -1 -1 -1 -1 -1 -1 -1 -1 
-1 -1 -1 -1 -1 -1 -1 -1 -1 -1 -1 -1 -1 -1 -1 
-1 -1 -1 -1 -1 -1 -1 -1 -1 -1 -1 -1 -1 -1 -1 
-1 -1 -1 -1 -1 -1 -1 -1 -1 -1 -1 -1 -1 -1 -1 
-1 -1 -1 -1 -1 -1 -1 -1 -1 -1 -1 -1 -1 -1 -1 
-1 -1 -1 -1 -1 -1 -1 -1 -1 -1 -1 -1 -1 -1 1 
-1 -1 -1 -1 -1 -1 -1 -1 -1 -1 -1 -1 -1 -1 1 
-1 -1 -1 -1 -1 -1 -1 -1 -1 -1 -1 -1 -1 -1 1 
-1 -1 -1 -1 -1 -1 -1 -1 -1 -1 -1 -1 -1 -1 1 
-1 -1 -1 -1 -1 -1 -1 -1 -1 -1 -1 -1 0 -1 -1 
-1 -1 -1 -1 -1 -1 -1 -1 -1 -1 -1 -1 0 -1 -1 
-1 -1 -1 -1 -1 -1 -1 -1 -1 -1 -1 -1 0 -1 -1 
-1 -1 -1 -1 -1 -1 -1 -1 -1 -1 -1 -1 0 -1 -1 
-1 -1 -1 -1 -1 -1 -1 -1 -1 -1 -1 -1 -1 -1 -1 
END
15 0
9 12
5 14
-1 -1 -1 -1 -1 -1 -1 -1 -1 -1 -1 -1 -1 -1 -1 
-1 -1 -1 -1 -1 -1 -1 -1 -1 -1 -1 -1 -1 -1 -1 
-1 -1 -1 -1 -1 -1 -1 -1 -1 -1 -1 -1 -1 -1 -1 
-1 -1 -1 -1 -1 -1 -1 -1 -1 -1 -1 -1 -1 -1 -1 
-1 -1 -1 -1 -1 -1 -1 -1 -1 -1 -1 -1 -1 -1 -1 
-1 -1 -1 -1 -1 -1 -1 -1 -1 -1 -1 -1 -1 -1 1 
-1 -1 -1 -1 -1 -1 -1 -1 -1 -1 -1 -1 -1 -1 1 
-1 -1 -1 -1 -1 -1 -1 -1 -1 -1 -1 -1 -1 -1 1 
-1 -1 -1 -1 -1 -1 -1 -1 -1 -1 -1 -1 -1 -1 1 
-1 -1 -1 -1 -1 -1 -1 -1 -1 -1 -1 -1 0 -1 1 
-1 -1 -1 -1 -1 -1 -1 -1 -1 -1 -1 -1 0 -1 -1 
-1 -1 -1 -1 -1 -1 -1 -1 -1 -1 -1 -1 0 -1 -1 
-1 -1 -1 -1 -1 -1 -1 -1 -1 -1 -1 -1 0 -1 -1 
-1 -1 -1 -1 -1 -1 -1 -1 -1 -1 -1 -1 0 -1 -1 
-1 -1 -1 -1 -1 -1 -1 -1 -1 -1 -1 -1 -1 -1 -1 
END
15 0
8 12
4 14
-1 -1 -1 -1 -1 -1 -1 -1 -1 -1 -1 -1 -1 -1 -1 
-1 -1 -1 -1 -1 -1 -1 -1 -1 -1 -1 -1 -1 -1 -1 
-1 -1 -1 -1 -1 -1 -1 -1 -1 -1 -1 -1 -1 -1 -1 
-1 -1 -1 -1 -1 -1 -1 -1 -1 -1 -1 -1 -1 -1 -1 
-1 -1 -1 -1 -1 -1 -1 -1 -1 -1 -1 -1 -1 -1 1 
-1 -1 -1 -1 -1 -1 -1 -1 -1 -1 -1 -1 -1 -1 1 
-1 -1 -1 -1 -1 -1 -1 -1 -1 -1 -1 -1 -1 -1 1 
-1 -1 -1 -1 -1 -1 -1 -1 -1 -1 -1 -1 -1 -1 1 
-1 -1 -1 -1 -1 -1 -1 -1 -1 -1 -1 -1 0 -1 1 
-1 -1 -1 -1 -1 -1 -1 -1 -1 -1 -1 -1 0 -1 1 
-1 -1 -1 -1 -1 -1 -1 -1 -1 -1 -1 -1 0 -1 -1 
-1 -1 -1 -1 -1 -1 -1 -1 -1 -1 -1 -1 0 -1 -1 
-1 -1 -1 -1 -1 -1 -1 -1 -1 -1 -1 -1 0 -1 -1 
-1 -1 -1 -1 -1 -1 -1 -1 -1 -1 -1 -1 0 -1 -1 
-1 -1 -1 -1 -1 -1 -1 -1 -1 -1 -1 -1 -1 -1 -1 
END
15 0
7 12
3 14
-1 -1 -1 -1 -1 -1 -1 -1 -1 -1 -1 -1 -1 -1 -1 
-1 -1 -1 -1 -1 -1 -1 -1 -1 -1 -1 -1 -1 -1 -1 
-1 -1 -1 -1 -1 -1 -1 -1 -1 -1 -1 -1 -1 -1 -1 
-1 -1 -1 -1 -1 -1 -1 -1 -1 -1 -1 -1 -1 -1 1 
-1 -1 -1 -1 -1 -1 -1 -1 -1 -1 -1 -1 -1 -1 1 
-1 -1 -1 -1 -1 -1 -1 -1 -1 -1 -1 -1 -1 -1 1 
-1 -1 -1 -1 -1 -1 -1 -1 -1 -1 -1 -1 -1 -1 1 
-1 -1 -1 -1 -1 -1 -1 -1 -1 -1 -1 -1 0 -1 1 
-1 -1 -1 -1 -1 -1 -1 -1 -1 -1 -1 -1 0 -1 1 
-1 -1 -1 -1 -1 -1 -1 -1 -1 -1 -1 -1 0 -1 1 
-1 -1 -1 -1 -1 -1 -1 -1 -1 -1 -1 -1 0 -1 -1 
-1 -1 -1 -1 -1 -1 -1 -1 -1 -1 -1 -1 0 -1 -1 
-1 -1 -1 -1 -1 -1 -1 -1 -1 -1 -1 -1 0 -1 -1 
-1 -1 -1 -1 -1 -1 -1 -1 -1 -1 -1 -1 0 -1 -1 
-1 -1 -1 -1 -1 -1 -1 -1 -1 -1 -1 -1 -1 -1 -1 
END
15 0
6 12
2 14
-1 -1 -1 -1 -1 -1 -1 -1 -1 -1 -1 -1 -1 -1 -1 
-1 -1 -1 -1 -1 -1 -1 -1 -1 -1 -1 -1 -1 -1 -1 
-1 -1 -1 -1 -1 -1 -1 -1 -1 -1 -1 -1 -1 -1 1 
-1 -1 -1 -1 -1 -1 -1 -1 -1 -1 -1 -1 -1 -1 1 
-1 -1 -1 -1 -1 -1 -1 -1 -1 -1 -1 -1 -1 -1 1 
-1 -1 -1 -1 -1 -1 -1 -1 -1 -1 -1 -1 -1 -1 1 
-1 -1 -1 -1 -1 -1 -1 -1 -1 -1 -1 -1 0 -1 1 
-1 -1 -1 -1 -1 -1 -1 -1 -1 -1 -1 -1 0 -1 1 
-1 -1 -1 -1 -1 -1 -1 -1 -1 -1 -1 -1 0 -1 1 
-1 -1 -1 -1 -1 -1 -1 -1 -1 -1 -1 -1 0 -1 1 
-1 -1 -1 -1 -1 -1 -1 -1 -1 -1 -1 -1 0 -1 -1 
-1 -1 -1 -1 -1 -1 -1 -1 -1 -1 -1 -1 0 -1 -1 
-1 -1 -1 -1 -1 -1 -1 -1 -1 -1 -1 -1 0 -1 -1 
-1 -1 -1 -1 -1 -1 -1 -1 -1 -1 -1 -1 0 -1 -1 
-1 -1 -1 -1 -1 -1 -1 -1 -1 -1 -1 -1 -1 -1 -1 
END
15 0
5 12
1 14
-1 -1 -1 -1 -1 -1 -1 -1 -1 -1 -1 -1 -1 -1 -1 
-1 -1 -1 -1 -1 -1 -1 -1 -1 -1 -1 -1 -1 -1 1 
-1 -1 -1 -1 -1 -1 -1 -1 -1 -1 -1 -1 -1 -1 1 
-1 -1 -1 -1 -1 -1 -1 -1 -1 -1 -1 -1 -1 -1 1 
-1 -1 -1 -1 -1 -1 -1 -1 -1 -1 -1 -1 -1 -1 1 
-1 -1 -1 -1 -1 -1 -1 -1 -1 -1 -1 -1 0 -1 1 
-1 -1 -1 -1 -1 -1 -1 -1 -1 -1 -1 -1 0 -1 1 
-1 -1 -1 -1 -1 -1 -1 -1 -1 -1 -1 -1 0 -1 1 
-1 -1 -1 -1 -1 -1 -1 -1 -1 -1 -1 -1 0 -1 1 
-1 -1 -1 -1 -1 -1 -1 -1 -1 -1 -1 -1 0 -1 1 
-1 -1 -1 -1 -1 -1 -1 -1 -1 -1 -1 -1 0 -1 -1 
-1 -1 -1 -1 -1 -1 -1 -1 -1 -1 -1 -1 0 -1 -1 
-1 -1 -1 -1 -1 -1 -1 -1 -1 -1 -1 -1 0 -1 -1 
-1 -1 -1 -1 -1 -1 -1 -1 -1 -1 -1 -1 0 -1 -1 
-1 -1 -1 -1 -1 -1 -1 -1 -1 -1 -1 -1 -1 -1 -1 
END
15 0
4 12
0 14
-1 -1 -1 -1 -1 -1 -1 -1 -1 -1 -1 -1 -1 -1 1 
-1 -1 -1 -1 -1 -1 -1 -1 -1 -1 -1 -1 -1 -1 1 
-1 -1 -1 -1 -1 -1 -1 -1 -1 -1 -1 -1 -1 -1 1 
-1 -1 -1 -1 -1 -1 -1 -1 -1 -1 -1 -1 -1 -1 1 
-1 -1 -1 -1 -1 -1 -1 -1 -1 -1 -1 -1 0 -1 1 
-1 -1 -1 -1 -1 -1 -1 -1 -1 -1 -1 -1 0 -1 1 
-1 -1 -1 -1 -1 -1 -1 -1 -1 -1 -1 -1 0 -1 1 
-1 -1 -1 -1 -1 -1 -1 -1 -1 -1 -1 -1 0 -1 1 
-1 -1 -1 -1 -1 -1 -1 -1 -1 -1 -1 -1 0 -1 1 
-1 -1 -1 -1 -1 -1 -1 -1 -1 -1 -1 -1 0 -1 1 
-1 -1 -1 -1 -1 -1 -1 -1 -1 -1 -1 -1 0 -1 -1 
-1 -1 -1 -1 -1 -1 -1 -1 -1 -1 -1 -1 0 -1 -1 
-1 -1 -1 -1 -1 -1 -1 -1 -1 -1 -1 -1 0 -1 -1 
-1 -1 -1 -1 -1 -1 -1 -1 -1 -1 -1 -1 0 -1 -1 
-1 -1 -1 -1 -1 -1 -1 -1 -1 -1 -1 -1 -1 -1 -1 
END
15 0
3 12
0 13
-1 -1 -1 -1 -1 -1 -1 -1 -1 -1 -1 -1 -1 1 1 
-1 -1 -1 -1 -1 -1 -1 -1 -1 -1 -1 -1 -1 -1 1 
-1 -1 -1 -1 -1 -1 -1 -1 -1 -1 -1 -1 -1 -1 1 
-1 -1 -1 -1 -1 -1 -1 -1 -1 -1 -1 -1 0 -1 1 
-1 -1 -1 -1 -1 -1 -1 -1 -1 -1 -1 -1 0 -1 1 
-1 -1 -1 -1 -1 -1 -1 -1 -1 -1 -1 -1 0 -1 1 
-1 -1 -1 -1 -1 -1 -1 -1 -1 -1 -1 -1 0 -1 1 
-1 -1 -1 -1 -1 -1 -1 -1 -1 -1 -1 -1 0 -1 1 
-1 -1 -1 -1 -1 -1 -1 -1 -1 -1 -1 -1 0 -1 1 
-1 -1 -1 -1 -1 -1 -1 -1 -1 -1 -1 -1 0 -1 1 
-1 -1 -1 -1 -1 -1 -1 -1 -1 -1 -1 -1 0 -1 -1 
-1 -1 -1 -1 -1 -1 -1 -1 -1 -1 -1 -1 0 -1 -1 
-1 -1 -1 -1 -1 -1 -1 -1 -1 -1 -1 -1 0 -1 -1 
-1 -1 -1 -1 -1 -1 -1 -1 -1 -1 -1 -1 0 -1 -1 
-1 -1 -1 -1 -1 -1 -1 -1 -1 -1 -1 -1 -1 -1 -1 
END
15 0
2 12
1 13
-1 -1 -1 -1 -1 -1 -1 -1 -1 -1 -1 -1 -1 1 1 
-1 -1 -1 -1 -1 -1 -1 -1 -1 -1 -1 -1 -1 1 1 
-1 -1 -1 -1 -1 -1 -1 -1 -1 -1 -1 -1 0 -1 1 
-1 -1 -1 -1 -1 -1 -1 -1 -1 -1 -1 -1 0 -1 1 
-1 -1 -1 -1 -1 -1 -1 -1 -1 -1 -1 -1 0 -1 1 
-1 -1 -1 -1 -1 -1 -1 -1 -1 -1 -1 -1 0 -1 1 
-1 -1 -1 -1 -1 -1 -1 -1 -1 -1 -1 -1 0 -1 1 
-1 -1 -1 -1 -1 -1 -1 -1 -1 -1 -1 -1 0 -1 1 
-1 -1 -1 -1 -1 -1 -1 -1 -1 -1 -1 -1 0 -1 1 
-1 -1 -1 -1 -1 -1 -1 -1 -1 -1 -1 -1 0 -1 1 
-1 -1 -1 -1 -1 -1 -1 -1 -1 -1 -1 -1 0 -1 -1 
-1 -1 -1 -1 -1 -1 -1 -1 -1 -1 -1 -1 0 -1 -1 
-1 -1 -1 -1 -1 -1 -1 -1 -1 -1 -1 -1 0 -1 -1 
-1 -1 -1 -1 -1 -1 -1 -1 -1 -1 -1 -1 0 -1 -1 
-1 -1 -1 -1 -1 -1 -1 -1 -1 -1 -1 -1 -1 -1 -1 
END
15 0
1 12
2 13
-1 -1 -1 -1 -1 -1 -1 -1 -1 -1 -1 -1 -1 1 1 
-1 -1 -1 -1 -1 -1 -1 -1 -1 -1 -1 -1 0 1 1 
-1 -1 -1 -1 -1 -1 -1 -1 -1 -1 -1 -1 0 1 1 
-1 -1 -1 -1 -1 -1 -1 -1 -1 -1 -1 -1 0 -1 1 
-1 -1 -1 -1 -1 -1 -1 -1 -1 -1 -1 -1 0 -1 1 
-1 -1 -1 -1 -1 -1 -1 -1 -1 -1 -1 -1 0 -1 1 
-1 -1 -1 -1 -1 -1 -1 -1 -1 -1 -1 -1 0 -1 1 
-1 -1 -1 -1 -1 -1 -1 -1 -1 -1 -1 -1 0 -1 1 
-1 -1 -1 -1 -1 -1 -1 -1 -1 -1 -1 -1 0 -1 1 
-1 -1 -1 -1 -1 -1 -1 -1 -1 -1 -1 -1 0 -1 1 
-1 -1 -1 -1 -1 -1 -1 -1 -1 -1 -1 -1 0 -1 -1 
-1 -1 -1 -1 -1 -1 -1 -1 -1 -1 -1 -1 0 -1 -1 
-1 -1 -1 -1 -1 -1 -1 -1 -1 -1 -1 -1 0 -1 -1 
-1 -1 -1 -1 -1 -1 -1 -1 -1 -1 -1 -1 0 -1 -1 
-1 -1 -1 -1 -1 -1 -1 -1 -1 -1 -1 -1 -1 -1 -1 
END
15 0
0 12
3 13
-1 -1 -1 -1 -1 -1 -1 -1 -1 -1 -1 -1 0 1 1 
-1 -1 -1 -1 -1 -1 -1 -1 -1 -1 -1 -1 0 1 1 
-1 -1 -1 -1 -1 -1 -1 -1 -1 -1 -1 -1 0 1 1 
-1 -1 -1 -1 -1 -1 -1 -1 -1 -1 -1 -1 0 1 1 
-1 -1 -1 -1 -1 -1 -1 -1 -1 -1 -1 -1 0 -1 1 
-1 -1 -1 -1 -1 -1 -1 -1 -1 -1 -1 -1 0 -1 1 
-1 -1 -1 -1 -1 -1 -1 -1 -1 -1 -1 -1 0 -1 1 
-1 -1 -1 -1 -1 -1 -1 -1 -1 -1 -1 -1 0 -1 1 
-1 -1 -1 -1 -1 -1 -1 -1 -1 -1 -1 -1 0 -1 1 
-1 -1 -1 -1 -1 -1 -1 -1 -1 -1 -1 -1 0 -1 1 
-1 -1 -1 -1 -1 -1 -1 -1 -1 -1 -1 -1 0 -1 -1 
-1 -1 -1 -1 -1 -1 -1 -1 -1 -1 -1 -1 0 -1 -1 
-1 -1 -1 -1 -1 -1 -1 -1 -1 -1 -1 -1 0 -1 -1 
-1 -1 -1 -1 -1 -1 -1 -1 -1 -1 -1 -1 0 -1 -1 
-1 -1 -1 -1 -1 -1 -1 -1 -1 -1 -1 -1 -1 -1 -1 
END
15 0
0 11
4 13
-1 -1 -1 -1 -1 -1 -1 -1 -1 -1 -1 0 0 1 1 
-1 -1 -1 -1 -1 -1 -1 -1 -1 -1 -1 -1 0 1 1 
-1 -1 -1 -1 -1 -1 -1 -1 -1 -1 -1 -1 0 1 1 
-1 -1 -1 -1 -1 -1 -1 -1 -1 -1 -1 -1 0 1 1 
-1 -1 -1 -1 -1 -1 -1 -1 -1 -1 -1 -1 0 1 1 
-1 -1 -1 -1 -1 -1 -1 -1 -1 -1 -1 -1 0 -1 1 
-1 -1 -1 -1 -1 -1 -1 -1 -1 -1 -1 -1 0 -1 1 
-1 -1 -1 -1 -1 -1 -1 -1 -1 -1 -1 -1 0 -1 1 
-1 -1 -1 -1 -1 -1 -1 -1 -1 -1 -1 -1 0 -1 1 
-1 -1 -1 -1 -1 -1 -1 -1 -1 -1 -1 -1 0 -1 1 
-1 -1 -1 -1 -1 -1 -1 -1 -1 -1 -1 -1 0 -1 -1 
-1 -1 -1 -1 -1 -1 -1 -1 -1 -1 -1 -1 0 -1 -1 
-1 -1 -1 -1 -1 -1 -1 -1 -1 -1 -1 -1 0 -1 -1 
-1 -1 -1 -1 -1 -1 -1 -1 -1 -1 -1 -1 0 -1 -1 
-1 -1 -1 -1 -1 -1 -1 -1 -1 -1 -1 -1 -1 -1 -1 
END
15 0
1 11
5 13
-1 -1 -1 -1 -1 -1 -1 -1 -1 -1 -1 0 0 1 1 
-1 -1 -1 -1 -1 -1 -1 -1 -1 -1 -1 0 0 1 1 
-1 -1 -1 -1 -1 -1 -1 -1 -1 -1 -1 -1 0 1 1 
-1 -1 -1 -1 -1 -1 -1 -1 -1 -1 -1 -1 0 1 1 
-1 -1 -1 -1 -1 -1 -1 -1 -1 -1 -1 -1 0 1 1 
-1 -1 -1 -1 -1 -1 -1 -1 -1 -1 -1 -1 0 1 1 
-1 -1 -1 -1 -1 -1 -1 -1 -1 -1 -1 -1 0 -1 1 
-1 -1 -1 -1 -1 -1 -1 -1 -1 -1 -1 -1 0 -1 1 
-1 -1 -1 -1 -1 -1 -1 -1 -1 -1 -1 -1 0 -1 1 
-1 -1 -1 -1 -1 -1 -1 -1 -1 -1 -1 -1 0 -1 1 
-1 -1 -1 -1 -1 -1 -1 -1 -1 -1 -1 -1 0 -1 -1 
-1 -1 -1 -1 -1 -1 -1 -1 -1 -1 -1 -1 0 -1 -1 
-1 -1 -1 -1 -1 -1 -1 -1 -1 -1 -1 -1 0 -1 -1 
-1 -1 -1 -1 -1 -1 -1 -1 -1 -1 -1 -1 0 -1 -1 
-1 -1 -1 -1 -1 -1 -1 -1 -1 -1 -1 -1 -1 -1 -1 
END
15 0
2 11
6 13
-1 -1 -1 -1 -1 -1 -1 -1 -1 -1 -1 0 0 1 1 
-1 -1 -1 -1 -1 -1 -1 -1 -1 -1 -1 0 0 1 1 
-1 -1 -1 -1 -1 -1 -1 -1 -1 -1 -1 0 0 1 1 
-1 -1 -1 -1 -1 -1 -1 -1 -1 -1 -1 -1 0 1 1 
-1 -1 -1 -1 -1 -1 -1 -1 -1 -1 -1 -1 0 1 1 
-1 -1 -1 -1 -1 -1 -1 -1 -1 -1 -1 -1 0 1 1 
-1 -1 -1 -1 -1 -1 -1 -1 -1 -1 -1 -1 0 1 1 
-1 -1 -1 -1 -1 -1 -1 -1 -1 -1 -1 -1 0 -1 1 
-1 -1 -1 -1 -1 -1 -1 -1 -1 -1 -1 -1 0 -1 1 
-1 -1 -1 -1 -1 -1 -1 -1 -1 -1 -1 -1 0 -1 1 
-1 -1 -1 -1 -1 -1 -1 -1 -1 -1 -1 -1 0 -1 -1 
-1 -1 -1 -1 -1 -1 -1 -1 -1 -1 -1 -1 0 -1 -1 
-1 -1 -1 -1 -1 -1 -1 -1 -1 -1 -1 -1 0 -1 -1 
-1 -1 -1 -1 -1 -1 -1 -1 -1 -1 -1 -1 0 -1 -1 
-1 -1 -1 -1 -1 -1 -1 -1 -1 -1 -1 -1 -1 -1 -1 
END
15 0
3 11
7 13
-1 -1 -1 -1 -1 -1 -1 -1 -1 -1 -1 0 0 1 1 
-1 -1 -1 -1 -1 -1 -1 -1 -1 -1 -1 0 0 1 1 
-1 -1 -1 -1 -1 -1 -1 -1 -1 -1 -1 0 0 1 1 
-1 -1 -1 -1 -1 -1 -1 -1 -1 -1 -1 0 0 1 1 
-1 -1 -1 -1 -1 -1 -1 -1 -1 -1 -1 -1 0 1 1 
-1 -1 -1 -1 -1 -1 -1 -1 -1 -1 -1 -1 0 1 1 
-1 -1 -1 -1 -1 -1 -1 -1 -1 -1 -1 -1 0 1 1 
-1 -1 -1 -1 -1 -1 -1 -1 -1 -1 -1 -1 0 1 1 
-1 -1 -1 -1 -1 -1 -1 -1 -1 -1 -1 -1 0 -1 1 
-1 -1 -1 -1 -1 -1 -1 -1 -1 -1 -1 -1 0 -1 1 
-1 -1 -1 -1 -1 -1 -1 -1 -1 -1 -1 -1 0 -1 -1 
-1 -1 -1 -1 -1 -1 -1 -1 -1 -1 -1 -1 0 -1 -1 
-1 -1 -1 -1 -1 -1 -1 -1 -1 -1 -1 -1 0 -1 -1 
-1 -1 -1 -1 -1 -1 -1 -1 -1 -1 -1 -1 0 -1 -1 
-1 -1 -1 -1 -1 -1 -1 -1 -1 -1 -1 -1 -1 -1 -1 
END
15 0
4 11
8 13
-1 -1 -1 -1 -1 -1 -1 -1 -1 -1 -1 0 0 1 1 
-1 -1 -1 -1 -1 -1 -1 -1 -1 -1 -1 0 0 1 1 
-1 -1 -1 -1 -1 -1 -1 -1 -1 -1 -1 0 0 1 1 
-1 -1 -1 -1 -1 -1 -1 -1 -1 -1 -1 0 0 1 1 
-1 -1 -1 -1 -1 -1 -1 -1 -1 -1 -1 0 0 1 1 
-1 -1 -1 -1 -1 -1 -1 -1 -1 -1 -1 -1 0 1 1 
-1 -1 -1 -1 -1 -1 -1 -1 -1 -1 -1 -1 0 1 1 
-1 -1 -1 -1 -1 -1 -1 -1 -1 -1 -1 -1 0 1 1 
-1 -1 -1 -1 -1 -1 -1 -1 -1 -1 -1 -1 0 1 1 
-1 -1 -1 -1 -1 -1 -1 -1 -1 -1 -1 -1 0 -1 1 
-1 -1 -1 -1 -1 -1 -1 -1 -1 -1 -1 -1 0 -1 -1 
-1 -1 -1 -1 -1 -1 -1 -1 -1 -1 -1 -1 0 -1 -1 
-1 -1 -1 -1 -1 -1 -1 -1 -1 -1 -1 -1 0 -1 -1 
-1 -1 -1 -1 -1 -1 -1 -1 -1 -1 -1 -1 0 -1 -1 
-1 -1 -1 -1 -1 -1 -1 -1 -1 -1 -1 -1 -1 -1 -1 
END
15 0
5 11
9 13
-1 -1 -1 -1 -1 -1 -1 -1 -1 -1 -1 0 0 1 1 
-1 -1 -1 -1 -1 -1 -1 -1 -1 -1 -1 0 0 1 1 
-1 -1 -1 -1 -1 -1 -1 -1 -1 -1 -1 0 0 1 1 
-1 -1 -1 -1 -1 -1 -1 -1 -1 -1 -1 0 0 1 1 
-1 -1 -1 -1 -1 -1 -1 -1 -1 -1 -1 0 0 1 1 
-1 -1 -1 -1 -1 -1 -1 -1 -1 -1 -1 0 0 1 1 
-1 -1 -1 -1 -1 -1 -1 -1 -1 -1 -1 -1 0 1 1 
-1 -1 -1 -1 -1 -1 -1 -1 -1 -1 -1 -1 0 1 1 
-1 -1 -1 -1 -1 -1 -1 -1 -1 -1 -1 -1 0 1 1 
-1 -1 -1 -1 -1 -1 -1 -1 -1 -1 -1 -1 0 1 1 
-1 -1 -1 -1 -1 -1 -1 -1 -1 -1 -1 -1 0 -1 -1 
-1 -1 -1 -1 -1 -1 -1 -1 -1 -1 -1 -1 0 -1 -1 
-1 -1 -1 -1 -1 -1 -1 -1 -1 -1 -1 -1 0 -1 -1 
-1 -1 -1 -1 -1 -1 -1 -1 -1 -1 -1 -1 0 -1 -1 
-1 -1 -1 -1 -1 -1 -1 -1 -1 -1 -1 -1 -1 -1 -1 
END
15 0
6 11
10 13
-1 -1 -1 -1 -1 -1 -1 -1 -1 -1 -1 0 0 1 1 
-1 -1 -1 -1 -1 -1 -1 -1 -1 -1 -1 0 0 1 1 
-1 -1 -1 -1 -1 -1 -1 -1 -1 -1 -1 0 0 1 1 
-1 -1 -1 -1 -1 -1 -1 -1 -1 -1 -1 0 0 1 1 
-1 -1 -1 -1 -1 -1 -1 -1 -1 -1 -1 0 0 1 1 
-1 -1 -1 -1 -1 -1 -1 -1 -1 -1 -1 0 0 1 1 
-1 -1 -1 -1 -1 -1 -1 -1 -1 -1 -1 0 0 1 1 
-1 -1 -1 -1 -1 -1 -1 -1 -1 -1 -1 -1 0 1 1 
-1 -1 -1 -1 -1 -1 -1 -1 -1 -1 -1 -1 0 1 1 
-1 -1 -1 -1 -1 -1 -1 -1 -1 -1 -1 -1 0 1 1 
-1 -1 -1 -1 -1 -1 -1 -1 -1 -1 -1 -1 0 1 -1 
-1 -1 -1 -1 -1 -1 -1 -1 -1 -1 -1 -1 0 -1 -1 
-1 -1 -1 -1 -1 -1 -1 -1 -1 -1 -1 -1 0 -1 -1 
-1 -1 -1 -1 -1 -1 -1 -1 -1 -1 -1 -1 0 -1 -1 
-1 -1 -1 -1 -1 -1 -1 -1 -1 -1 -1 -1 -1 -1 -1 
END
15 0
7 11
11 13
-1 -1 -1 -1 -1 -1 -1 -1 -1 -1 -1 0 0 1 1 
-1 -1 -1 -1 -1 -1 -1 -1 -1 -1 -1 0 0 1 1 
-1 -1 -1 -1 -1 -1 -1 -1 -1 -1 -1 0 0 1 1 
-1 -1 -1 -1 -1 -1 -1 -1 -1 -1 -1 0 0 1 1 
-1 -1 -1 -1 -1 -1 -1 -1 -1 -1 -1 0 0 1 1 
-1 -1 -1 -1 -1 -1 -1 -1 -1 -1 -1 0 0 1 1 
-1 -1 -1 -1 -1 -1 -1 -1 -1 -1 -1 0 0 1 1 
-1 -1 -1 -1 -1 -1 -1 -1 -1 -1 -1 0 0 1 1 
-1 -1 -1 -1 -1 -1 -1 -1 -1 -1 -1 -1 0 1 1 
-1 -1 -1 -1 -1 -1 -1 -1 -1 -1 -1 -1 0 1 1 
-1 -1 -1 -1 -1 -1 -1 -1 -1 -1 -1 -1 0 1 -1 
-1 -1 -1 -1 -1 -1 -1 -1 -1 -1 -1 -1 0 1 -1 
-1 -1 -1 -1 -1 -1 -1 -1 -1 -1 -1 -1 0 -1 -1 
-1 -1 -1 -1 -1 -1 -1 -1 -1 -1 -1 -1 0 -1 -1 
-1 -1 -1 -1 -1 -1 -1 -1 -1 -1 -1 -1 -1 -1 -1 
END
15 0
8 11
12 13
-1 -1 -1 -1 -1 -1 -1 -1 -1 -1 -1 0 0 1 1 
-1 -1 -1 -1 -1 -1 -1 -1 -1 -1 -1 0 0 1 1 
-1 -1 -1 -1 -1 -1 -1 -1 -1 -1 -1 0 0 1 1 
-1 -1 -1 -1 -1 -1 -1 -1 -1 -1 -1 0 0 1 1 
-1 -1 -1 -1 -1 -1 -1 -1 -1 -1 -1 0 0 1 1 
-1 -1 -1 -1 -1 -1 -1 -1 -1 -1 -1 0 0 1 1 
-1 -1 -1 -1 -1 -1 -1 -1 -1 -1 -1 0 0 1 1 
-1 -1 -1 -1 -1 -1 -1 -1 -1 -1 -1 0 0 1 1 
-1 -1 -1 -1 -1 -1 -1 -1 -1 -1 -1 0 0 1 1 
-1 -1 -1 -1 -1 -1 -1 -1 -1 -1 -1 -1 0 1 1 
-1 -1 -1 -1 -1 -1 -1 -1 -1 -1 -1 -1 0 1 -1 
-1 -1 -1 -1 -1 -1 -1 -1 -1 -1 -1 -1 0 1 -1 
-1 -1 -1 -1 -1 -1 -1 -1 -1 -1 -1 -1 0 1 -1 
-1 -1 -1 -1 -1 -1 -1 -1 -1 -1 -1 -1 0 -1 -1 
-1 -1 -1 -1 -1 -1 -1 -1 -1 -1 -1 -1 -1 -1 -1 
END
15 0
9 11
13 13
-1 -1 -1 -1 -1 -1 -1 -1 -1 -1 -1 0 0 1 1 
-1 -1 -1 -1 -1 -1 -1 -1 -1 -1 -1 0 0 1 1 
-1 -1 -1 -1 -1 -1 -1 -1 -1 -1 -1 0 0 1 1 
-1 -1 -1 -1 -1 -1 -1 -1 -1 -1 -1 0 0 1 1 
-1 -1 -1 -1 -1 -1 -1 -1 -1 -1 -1 0 0 1 1 
-1 -1 -1 -1 -1 -1 -1 -1 -1 -1 -1 0 0 1 1 
-1 -1 -1 -1 -1 -1 -1 -1 -1 -1 -1 0 0 1 1 
-1 -1 -1 -1 -1 -1 -1 -1 -1 -1 -1 0 0 1 1 
-1 -1 -1 -1 -1 -1 -1 -1 -1 -1 -1 0 0 1 1 
-1 -1 -1 -1 -1 -1 -1 -1 -1 -1 -1 0 0 1 1 
-1 -1 -1 -1 -1 -1 -1 -1 -1 -1 -1 -1 0 1 -1 
-1 -1 -1 -1 -1 -1 -1 -1 -1 -1 -1 -1 0 1 -1 
-1 -1 -1 -1 -1 -1 -1 -1 -1 -1 -1 -1 0 1 -1 
-1 -1 -1 -1 -1 -1 -1 -1 -1 -1 -1 -1 0 1 -1 
-1 -1 -1 -1 -1 -1 -1 -1 -1 -1 -1 -1 -1 -1 -1 
END
15 0
10 11
14 13
-1 -1 -1 -1 -1 -1 -1 -1 -1 -1 -1 0 0 1 1 
-1 -1 -1 -1 -1 -1 -1 -1 -1 -1 -1 0 0 1 1 
-1 -1 -1 -1 -1 -1 -1 -1 -1 -1 -1 0 0 1 1 
-1 -1 -1 -1 -1 -1 -1 -1 -1 -1 -1 0 0 1 1 
-1 -1 -1 -1 -1 -1 -1 -1 -1 -1 -1 0 0 1 1 
-1 -1 -1 -1 -1 -1 -1 -1 -1 -1 -1 0 0 1 1 
-1 -1 -1 -1 -1 -1 -1 -1 -1 -1 -1 0 0 1 1 
-1 -1 -1 -1 -1 -1 -1 -1 -1 -1 -1 0 0 1 1 
-1 -1 -1 -1 -1 -1 -1 -1 -1 -1 -1 0 0 1 1 
-1 -1 -1 -1 -1 -1 -1 -1 -1 -1 -1 0 0 1 1 
-1 -1 -1 -1 -1 -1 -1 -1 -1 -1 -1 0 0 1 -1 
-1 -1 -1 -1 -1 -1 -1 -1 -1 -1 -1 -1 0 1 -1 
-1 -1 -1 -1 -1 -1 -1 -1 -1 -1 -1 -1 0 1 -1 
-1 -1 -1 -1 -1 -1 -1 -1 -1 -1 -1 -1 0 1 -1 
-1 -1 -1 -1 -1 -1 -1 -1 -1 -1 -1 -1 -1 1 -1 
END
15 0
11 11
14 12
-1 -1 -1 -1 -1 -1 -1 -1 -1 -1 -1 0 0 1 1 
-1 -1 -1 -1 -1 -1 -1 -1 -1 -1 -1 0 0 1 1 
-1 -1 -1 -1 -1 -1 -1 -1 -1 -1 -1 0 0 1 1 
-1 -1 -1 -1 -1 -1 -1 -1 -1 -1 -1 0 0 1 1 
-1 -1 -1 -1 -1 -1 -1 -1 -1 -1 -1 0 0 1 1 
-1 -1 -1 -1 -1 -1 -1 -1 -1 -1 -1 0 0 1 1 
-1 -1 -1 -1 -1 -1 -1 -1 -1 -1 -1 0 0 1 1 
-1 -1 -1 -1 -1 -1 -1 -1 -1 -1 -1 0 0 1 1 
-1 -1 -1 -1 -1 -1 -1 -1 -1 -1 -1 0 0 1 1 
-1 -1 -1 -1 -1 -1 -1 -1 -1 -1 -1 0 0 1 1 
-1 -1 -1 -1 -1 -1 -1 -1 -1 -1 -1 0 0 1 -1 
-1 -1 -1 -1 -1 -1 -1 -1 -1 -1 -1 0 0 1 -1 
-1 -1 -1 -1 -1 -1 -1 -1 -1 -1 -1 -1 0 1 -1 
-1 -1 -1 -1 -1 -1 -1 -1 -1 -1 -1 -1 0 1 -1 
-1 -1 -1 -1 -1 -1 -1 -1 -1 -1 -1 -1 1 1 -1 
END
15 0
12 11
14 11
-1 -1 -1 -1 -1 -1 -1 -1 -1 -1 -1 0 0 1 1 
-1 -1 -1 -1 -1 -1 -1 -1 -1 -1 -1 0 0 1 1 
-1 -1 -1 -1 -1 -1 -1 -1 -1 -1 -1 0 0 1 1 
-1 -1 -1 -1 -1 -1 -1 -1 -1 -1 -1 0 0 1 1 
-1 -1 -1 -1 -1 -1 -1 -1 -1 -1 -1 0 0 1 1 
-1 -1 -1 -1 -1 -1 -1 -1 -1 -1 -1 0 0 1 1 
-1 -1 -1 -1 -1 -1 -1 -1 -1 -1 -1 0 0 1 1 
-1 -1 -1 -1 -1 -1 -1 -1 -1 -1 -1 0 0 1 1 
-1 -1 -1 -1 -1 -1 -1 -1 -1 -1 -1 0 0 1 1 
-1 -1 -1 -1 -1 -1 -1 -1 -1 -1 -1 0 0 1 1 
-1 -1 -1 -1 -1 -1 -1 -1 -1 -1 -1 0 0 1 -1 
-1 -1 -1 -1 -1 -1 -1 -1 -1 -1 -1 0 0 1 -1 
-1 -1 -1 -1 -1 -1 -1 -1 -1 -1 -1 0 0 1 -1 
-1 -1 -1 -1 -1 -1 -1 -1 -1 -1 -1 -1 0 1 -1 
-1 -1 -1 -1 -1 -1 -1 -1 -1 -1 -1 1 1 1 -1 
END
