15 1
13 12
9 14
-1 -1 -1 -1 -1 -1 -1 -1 -1 -1 -1 -1 -1 -1 -1 
-1 -1 -1 -1 -1 -1 -1 -1 -1 -1 -1 -1 -1 -1 -1 
-1 -1 -1 -1 -1 -1 -1 -1 -1 -1 -1 -1 -1 -1 -1 
-1 -1 -1 -1 -1 -1 -1 -1 -1 -1 -1 -1 -1 -1 -1 
-1 -1 -1 -1 -1 -1 -1 -1 -1 -1 -1 -1 -1 -1 -1 
-1 -1 -1 -1 -1 -1 -1 -1 -1 -1 -1 -1 -1 -1 -1 
-1 -1 -1 -1 -1 -1 -1 -1 -1 -1 -1 -1 -1 -1 -1 
-1 -1 -1 -1 -1 -1 -1 -1 -1 -1 -1 -1 -1 -1 -1 
-1 -1 -1 -1 -1 -1 -1 -1 -1 -1 -1 -1 -1 -1 -1 
-1 -1 -1 -1 -1 -1 -1 -1 -1 -1 -1 -1 -1 -1 1 
-1 -1 -1 -1 -1 -1 -1 -1 -1 -1 -1 -1 -1 -1 -1 
-1 -1 -1 -1 -1 -1 -1 -1 -1 -1 -1 -1 -1 -1 -1 
-1 -1 -1 -1 -1 -1 -1 -1 -1 -1 -1 -1 -1 -1 -1 
-1 -1 -1 -1 -1 -1 -1 -1 -1 -1 -1 -1 0 -1 -1 
-1 -1 -1 -1 -1 -1 -1 -1 -1 -1 -1 -1 -1 -1 -1 
END
15 1
12 12
8 14
-1 -1 -1 -1 -1 -1 -1 -1 -1 -1 -1 -1 -1 -1 -1 
-1 -1 -1 -1 -1 -1 -1 -1 -1 -1 -1 -1 -1 -1 -1 
-1 -1 -1 -1 -1 -1 -1 -1 -1 -1 -1 -1 -1 -1 -1 
-1 -1 -1 -1 -1 -1 -1 -1 -1 -1 -1 -1 -1 -1 -1 
-1 -1 -1 -1 -1 -1 -1 -1 -1 -1 -1 -1 -1 -1 -1 
-1 -1 -1 -1 -1 -1 -1 -1 -1 -1 -1 -1 -1 -1 -1 
-1 -1 -1 -1 -1 -1 -1 -1 -1 -1 -1 -1 -1 -1 -1 
-1 -1 -1 -1 -1 -1 -1 -1 -1 -1 -1 -1 -1 -1 -1 
-1 -1 -1 -1 -1 -1 -1 -1 -1 -1 -1 -1 -1 -1 1 
-1 -1 -1 -1 -1 -1 -1 -1 -1 -1 -1 -1 -1 -1 1 
-1 -1 -1 -1 -1 -1 -1 -1 -1 -1 -1 -1 -1 -1 -1 
-1 -1 -1 -1 -1 -1 -1 -1 -1 -1 -1 -1 -1 -1 -1 
-1 -1 -1 -1 -1 -1 -1 -1 -1 -1 -1 -1 0 -1 -1 
-1 -1 -1 -1 -1 -1 -1 -1 -1 -1 -1 -1 0 -1 -1 
-1 -1 -1 -1 -1 -1 -1 -1 -1 -1 -1 -1 -1 -1 -1 
END
15 1
11 12
7 14
-1 -1 -1 -1 -1 -1 -1 -1 -1 -1 -1 -1 -1 -1 -1 
-1 -1 -1 -1 -1 -1 -1 -1 -1 -1 -1 -1 -1 -1 -1 
-1 -1 -1 -1 -1 -1 -1 -1 -1 -1 -1 -1 -1 -1 -1 
-1 -1 -1 -1 -1 -1 -1 -1 -1 -1 -1 -1 -1 -1 -1 
-1 -1 -1 -1 -1 -1 -1 -1 -1 -1 -1 -1 -1 -1 -1 
-1 -1 -1 -1 -1 -1 -1 -1 -1 -1 -1 -1 -1 -1 -1 
-1 -1 -1 -1 -1 -1 -1 -1 -1 -1 -1 -1 -1 -1 -1 
-1 -1 -1 -1 -1 -1 -1 -1 -1 -1 -1 -1 -1 -1 1 
-1 -1 -1 -1 -1 -1 -1 -1 -1 -1 -1 -1 -1 -1 1 
-1 -1 -1 -1 -1 -1 -1 -1 -1 -1 -1 -1 -1 -1 1 
-1 -1 -1 -1 -1 -1 -1 -1 -1 -1 -1 -1 -1 -1 -1 
-1 -1 -1 -1 -1 -1 -1 -1 -1 -1 -1 -1 0 -1 -1 
-1 -1 -1 -1 -1 -1 -1 -1 -1 -1 -1 -1 0 -1 -1 
-1 -1 -1 -1 -1 -1 -1 -1 -1 -1 -1 -1 0 -1 -1 
-1 -1 -1 -1 -1 -1 -1 -1 -1 -1 -1 -1 -1 -1 -1 
END
15 1
10 12
6 14
-1 -1 -1 -1 -1 -1 -1 -1 -1 -1 -1 -1 -1 -1 -1 
-1 -1 -1 -1 -1 -1 -1 -1 -1 -1 -1 -1 -1 -1 -1 
-1 -1 -1 -1 -1 -1 -1 -1 -1 -1 -1 -1 -1 -1 -1 
-1 -1 -1 -1 -1 -1 -1 -1 -1 -1 -1 -1 -1 -1 -1 
-1 -1 -1 -1 -1 -1 -1 -1 -1 -1 -1 -1 -1 -1 -1 
-1 -1 -1 -1 -1 -1 -1 -1 -1 -1 -1 -1 -1 -1 -1 
-1 -1 -1 -1 -1 -1 -1 -1 -1 -1 -1 -1 -1 -1 1 
-1 -1 -1 -1 -1 -1 -1 -1 -1 -1 -1 -1 -1 -1 1 
-1 -1 -1 -1 -1 -1 -1 -1 -1 -1 -1 -1 -1 -1 1 
-1 -1 -1 -1 -1 -1 -1 -1 -1 -1 -1 -1 -1 -1 1 
-1 -1 -1 -1 -1 -1 -1 -1 -1 -1 -1 -1 0 -1 -1 
-1 -1 -1 -1 -1 -1 -1 -1 -1 -1 -1 -1 0 -1 -1 
-1 -1 -1 -1 -1 -1 -1 -1 -1 -1 -1 -1 0 -1 -1 
-1 -1 -1 -1 -1 -1 -1 -1 -1 -1 -1 -1 0 -1 -1 
-1 -1 -1 -1 -1 -1 -1 -1 -1 -1 -1 -1 -1 -1 -1 
END
15 1
9 12
5 14
-1 -1 -1 -1 -1 -1 -1 -1 -1 -1 -1 -1 -1 -1 -1 
-1 -1 -1 -1 -1 -1 -1 -1 -1 -1 -1 -1 -1 -1 -1 
-1 -1 -1 -1 -1 -1 -1 -1 -1 -1 -1 -1 -1 -1 -1 
-1 -1 -1 -1 -1 -1 -1 -1 -1 -1 -1 -1 -1 -1 -1 
-1 -1 -1 -1 -1 -1 -1 -1 -1 -1 -1 -1 -1 -1 -1 
-1 -1 -1 -1 -1 -1 -1 -1 -1 -1 -1 -1 -1 -1 1 
-1 -1 -1 -1 -1 -1 -1 -1 -1 -1 -1 -1 -1 -1 1 
-1 -1 -1 -1 -1 -1 -1 -1 -1 -1 -1 -1 -1 -1 1 
-1 -1 -1 -1 -1 -1 -1 -1 -1 -1 -1 -1 -1 -1 1 
-1 -1 -1 -1 -1 -1 -1 -1 -1 -1 -1 -1 0 -1 1 
-1 -1 -1 -1 -1 -1 -1 -1 -1 -1 -1 -1 0 -1 -1 
-1 -1 -1 -1 -1 -1 -1 -1 -1 -1 -1 -1 0 -1 -1 
-1 -1 -1 -1 -1 -1 -1 -1 -1 -1 -1 -1 0 -1 -1 
-1 -1 -1 -1 -1 -1 -1 -1 -1 -1 -1 -1 0 -1 -1 
-1 -1 -1 -1 -1 -1 -1 -1 -1 -1 -1 -1 -1 -1 -1 
END
15 1
8 12
4 14
-1 -1 -1 -1 -1 -1 -1 -1 -1 -1 -1 -1 -1 -1 -1 
-1 -1 -1 -1 -1 -1 -1 -1 -1 -1 -1 -1 -1 -1 -1 
-1 -1 -1 -1 -1 -1 -1 -1 -1 -1 -1 -1 -1 -1 -1 
-1 -1 -1 -1 -1 -1 -1 -1 -1 -1 -1 -1 -1 -1 -1 
-1 -1 -1 -1 -1 -1 -1 -1 -1 -1 -1 -1 -1 -1 1 
-1 -1 -1 -1 -1 -1 -1 -1 -1 -1 -1 -1 -1 -1 1 
-1 -1 -1 -1 -1 -1 -1 -1 -1 -1 -1 -1 -1 -1 1 
-1 -1 -1 -1 -1 -1 -1 -1 -1 -1 -1 -1 -1 -1 1 
-1 -1 -1 -1 -1 -1 -1 -1 -1 -1 -1 -1 0 -1 1 
-1 -1 -1 -1 -1 -1 -1 -1 -1 -1 -1 -1 0 -1 1 
-1 -1 -1 -1 -1 -1 -1 -1 -1 -1 -1 -1 0 -1 -1 
-1 -1 -1 -1 -1 -1 -1 -1 -1 -1 -1 -1 0 -1 -1 
-1 -1 -1 -1 -1 -1 -1 -1 -1 -1 -1 -1 0 -1 -1 
-1 -1 -1 -1 -1 -1 -1 -1 -1 -1 -1 -1 0 -1 -1 
-1 -1 -1 -1 -1 -1 -1 -1 -1 -1 -1 -1 -1 -1 -1 
END
15 1
7 12
3 14
-1 -1 -1 -1 -1 -1 -1 -1 -1 -1 -1 -1 -1 -1 -1 
-1 -1 -1 -1 -1 -1 -1 -1 -1 -1 -1 -1 -1 -1 -1 
-1 -1 -1 -1 -1 -1 -1 -1 -1 -1 -1 -1 -1 -1 -1 
-1 -1 -1 -1 -1 -1 -1 -1 -1 -1 -1 -1 -1 -1 1 
-1 -1 -1 -1 -1 -1 -1 -1 -1 -1 -1 -1 -1 -1 1 
-1 -1 -1 -1 -1 -1 -1 -1 -1 -1 -1 -1 -1 -1 1 
-1 -1 -1 -1 -1 -1 -1 -1 -1 -1 -1 -1 -1 -1 1 
-1 -1 -1 -1 -1 -1 -1 -1 -1 -1 -1 -1 0 -1 1 
-1 -1 -1 -1 -1 -1 -1 -1 -1 -1 -1 -1 0 -1 1 
-1 -1 -1 -1 -1 -1 -1 -1 -1 -1 -1 -1 0 -1 1 
-1 -1 -1 -1 -1 -1 -1 -1 -1 -1 -1 -1 0 -1 -1 
-1 -1 -1 -1 -1 -1 -1 -1 -1 -1 -1 -1 0 -1 -1 
-1 -1 -1 -1 -1 -1 -1 -1 -1 -1 -1 -1 0 -1 -1 
-1 -1 -1 -1 -1 -1 -1 -1 -1 -1 -1 -1 0 -1 -1 
-1 -1 -1 -1 -1 -1 -1 -1 -1 -1 -1 -1 -1 -1 -1 
END
15 1
6 12
2 14
-1 -1 -1 -1 -1 -1 -1 -1 -1 -1 -1 -1 -1 -1 -1 
-1 -1 -1 -1 -1 -1 -1 -1 -1 -1 -1 -1 -1 -1 -1 
-1 -1 -1 -1 -1 -1 -1 -1 -1 -1 -1 -1 -1 -1 1 
-1 -1 -1 -1 -1 -1 -1 -1 -1 -1 -1 -1 -1 -1 1 
-1 -1 -1 -1 -1 -1 -1 -1 -1 -1 -1 -1 -1 -1 1 
-1 -1 -1 -1 -1 -1 -1 -1 -1 -1 -1 -1 -1 -1 1 
-1 -1 -1 -1 -1 -1 -1 -1 -1 -1 -1 -1 0 -1 1 
-1 -1 -1 -1 -1 -1 -1 -1 -1 -1 -1 -1 0 -1 1 
-1 -1 -1 -1 -1 -1 -1 -1 -1 -1 -1 -1 0 -1 1 
-1 -1 -1 -1 -1 -1 -1 -1 -1 -1 -1 -1 0 -1 1 
-1 -1 -1 -1 -1 -1 -1 -1 -1 -1 -1 -1 0 -1 -1 
-1 -1 -1 -1 -1 -1 -1 -1 -1 -1 -1 -1 0 -1 -1 
-1 -1 -1 -1 -1 -1 -1 -1 -1 -1 -1 -1 0 -1 -1 
-1 -1 -1 -1 -1 -1 -1 -1 -1 -1 -1 -1 0 -1 -1 
-1 -1 -1 -1 -1 -1 -1 -1 -1 -1 -1 -1 -1 -1 -1 
END
15 1
5 12
1 14
-1 -1 -1 -1 -1 -1 -1 -1 -1 -1 -1 -1 -1 -1 -1 
-1 -1 -1 -1 -1 -1 -1 -1 -1 -1 -1 -1 -1 -1 1 
-1 -1 -1 -1 -1 -1 -1 -1 -1 -1 -1 -1 -1 -1 1 
-1 -1 -1 -1 -1 -1 -1 -1 -1 -1 -1 -1 -1 -1 1 
-1 -1 -1 -1 -1 -1 -1 -1 -1 -1 -1 -1 -1 -1 1 
-1 -1 -1 -1 -1 -1 -1 -1 -1 -1 -1 -1 0 -1 1 
-1 -1 -1 -1 -1 -1 -1 -1 -1 -1 -1 -1 0 -1 1 
-1 -1 -1 -1 -1 -1 -1 -1 -1 -1 -1 -1 0 -1 1 
-1 -1 -1 -1 -1 -1 -1 -1 -1 -1 -1 -1 0 -1 1 
-1 -1 -1 -1 -1 -1 -1 -1 -1 -1 -1 -1 0 -1 1 
-1 -1 -1 -1 -1 -1 -1 -1 -1 -1 -1 -1 0 -1 -1 
-1 -1 -1 -1 -1 -1 -1 -1 -1 -1 -1 -1 0 -1 -1 
-1 -1 -1 -1 -1 -1 -1 -1 -1 -1 -1 -1 0 -1 -1 
-1 -1 -1 -1 -1 -1 -1 -1 -1 -1 -1 -1 0 -1 -1 
-1 -1 -1 -1 -1 -1 -1 -1 -1 -1 -1 -1 -1 -1 -1 
END
15 1
4 12
0 14
-1 -1 -1 -1 -1 -1 -1 -1 -1 -1 -1 -1 -1 -1 1 
-1 -1 -1 -1 -1 -1 -1 -1 -1 -1 -1 -1 -1 -1 1 
-1 -1 -1 -1 -1 -1 -1 -1 -1 -1 -1 -1 -1 -1 1 
-1 -1 -1 -1 -1 -1 -1 -1 -1 -1 -1 -1 -1 -1 1 
-1 -1 -1 -1 -1 -1 -1 -1 -1 -1 -1 -1 0 -1 1 
-1 -1 -1 -1 -1 -1 -1 -1 -1 -1 -1 -1 0 -1 1 
-1 -1 -1 -1 -1 -1 -1 -1 -1 -1 -1 -1 0 -1 1 
-1 -1 -1 -1 -1 -1 -1 -1 -1 -1 -1 -1 0 -1 1 
-1 -1 -1 -1 -1 -1 -1 -1 -1 -1 -1 -1 0 -1 1 
-1 -1 -1 -1 -1 -1 -1 -1 -1 -1 -1 -1 0 -1 1 
-1 -1 -1 -1 -1 -1 -1 -1 -1 -1 -1 -1 0 -1 -1 
-1 -1 -1 -1 -1 -1 -1 -1 -1 -1 -1 -1 0 -1 -1 
-1 -1 -1 -1 -1 -1 -1 -1 -1 -1 -1 -1 0 -1 -1 
-1 -1 -1 -1 -1 -1 -1 -1 -1 -1 -1 -1 0 -1 -1 
-1 -1 -1 -1 -1 -1 -1 -1 -1 -1 -1 -1 -1 -1 -1 
END
15 1
3 12
0 13
-1 -1 -1 -1 -1 -1 -1 -1 -1 -1 -1 -1 -1 1 1 
-1 -1 -1 -1 -1 -1 -1 -1 -1 -1 -1 -1 -1 -1 1 
-1 -1 -1 -1 -1 -1 -1 -1 -1 -1 -1 -1 -1 -1 1 
-1 -1 -1 -1 -1 -1 -1 -1 -1 -1 -1 -1 0 -1 1 
-1 -1 -1 -1 -1 -1 -1 -1 -1 -1 -1 -1 0 -1 1 
-1 -1 -1 -1 -1 -1 -1 -1 -1 -1 -1 -1 0 -1 1 
-1 -1 -1 -1 -1 -1 -1 -1 -1 -1 -1 -1 0 -1 1 
-1 -1 -1 -1 -1 -1 -1 -1 -1 -1 -1 -1 0 -1 1 
-1 -1 -1 -1 -1 -1 -1 -1 -1 -1 -1 -1 0 -1 1 
-1 -1 -1 -1 -1 -1 -1 -1 -1 -1 -1 -1 0 -1 1 
-1 -1 -1 -1 -1 -1 -1 -1 -1 -1 -1 -1 0 -1 -1 
-1 -1 -1 -1 -1 -1 -1 -1 -1 -1 -1 -1 0 -1 -1 
-1 -1 -1 -1 -1 -1 -1 -1 -1 -1 -1 -1 0 -1 -1 
-1 -1 -1 -1 -1 -1 -1 -1 -1 -1 -1 -1 0 -1 -1 
-1 -1 -1 -1 -1 -1 -1 -1 -1 -1 -1 -1 -1 -1 -1 
END
15 1
2 12
1 13
-1 -1 -1 -1 -1 -1 -1 -1 -1 -1 -1 -1 -1 1 1 
-1 -1 -1 -1 -1 -1 -1 -1 -1 -1 -1 -1 -1 1 1 
-1 -1 -1 -1 -1 -1 -1 -1 -1 -1 -1 -1 0 -1 1 
-1 -1 -1 -1 -1 -1 -1 -1 -1 -1 -1 -1 0 -1 1 
-1 -1 -1 -1 -1 -1 -1 -1 -1 -1 -1 -1 0 -1 1 
-1 -1 -1 -1 -1 -1 -1 -1 -1 -1 -1 -1 0 -1 1 
-1 -1 -1 -1 -1 -1 -1 -1 -1 -1 -1 -1 0 -1 1 
-1 -1 -1 -1 -1 -1 -1 -1 -1 -1 -1 -1 0 -1 1 
-1 -1 -1 -1 -1 -1 -1 -1 -1 -1 -1 -1 0 -1 1 
-1 -1 -1 -1 -1 -1 -1 -1 -1 -1 -1 -1 0 -1 1 
-1 -1 -1 -1 -1 -1 -1 -1 -1 -1 -1 -1 0 -1 -1 
-1 -1 -1 -1 -1 -1 -1 -1 -1 -1 -1 -1 0 -1 -1 
-1 -1 -1 -1 -1 -1 -1 -1 -1 -1 -1 -1 0 -1 -1 
-1 -1 -1 -1 -1 -1 -1 -1 -1 -1 -1 -1 0 -1 -1 
-1 -1 -1 -1 -1 -1 -1 -1 -1 -1 -1 -1 -1 -1 -1 
END
15 1
1 12
2 13
-1 -1 -1 -1 -1 -1 -1 -1 -1 -1 -1 -1 -1 1 1 
-1 -1 -1 -1 -1 -1 -1 -1 -1 -1 -1 -1 0 1 1 
-1 -1 -1 -1 -1 -1 -1 -1 -1 -1 -1 -1 0 1 1 
-1 -1 -1 -1 -1 -1 -1 -1 -1 -1 -1 -1 0 -1 1 
-1 -1 -1 -1 -1 -1 -1 -1 -1 -1 -1 -1 0 -1 1 
-1 -1 -1 -1 -1 -1 -1 -1 -1 -1 -1 -1 0 -1 1 
-1 -1 -1 -1 -1 -1 -1 -1 -1 -1 -1 -1 0 -1 1 
-1 -1 -1 -1 -1 -1 -1 -1 -1 -1 -1 -1 0 -1 1 
-1 -1 -1 -1 -1 -1 -1 -1 -1 -1 -1 -1 0 -1 1 
-1 -1 -1 -1 -1 -1 -1 -1 -1 -1 -1 -1 0 -1 1 
-1 -1 -1 -1 -1 -1 -1 -1 -1 -1 -1 -1 0 -1 -1 
-1 -1 -1 -1 -1 -1 -1 -1 -1 -1 -1 -1 0 -1 -1 
-1 -1 -1 -1 -1 -1 -1 -1 -1 -1 -1 -1 0 -1 -1 
-1 -1 -1 -1 -1 -1 -1 -1 -1 -1 -1 -1 0 -1 -1 
-1 -1 -1 -1 -1 -1 -1 -1 -1 -1 -1 -1 -1 -1 -1 
END
15 1
0 12
3 13
-1 -1 -1 -1 -1 -1 -1 -1 -1 -1 -1 -1 0 1 1 
-1 -1 -1 -1 -1 -1 -1 -1 -1 -1 -1 -1 0 1 1 
-1 -1 -1 -1 -1 -1 -1 -1 -1 -1 -1 -1 0 1 1 
-1 -1 -1 -1 -1 -1 -1 -1 -1 -1 -1 -1 0 1 1 
-1 -1 -1 -1 -1 -1 -1 -1 -1 -1 -1 -1 0 -1 1 
-1 -1 -1 -1 -1 -1 -1 -1 -1 -1 -1 -1 0 -1 1 
-1 -1 -1 -1 -1 -1 -1 -1 -1 -1 -1 -1 0 -1 1 
-1 -1 -1 -1 -1 -1 -1 -1 -1 -1 -1 -1 0 -1 1 
-1 -1 -1 -1 -1 -1 -1 -1 -1 -1 -1 -1 0 -1 1 
-1 -1 -1 -1 -1 -1 -1 -1 -1 -1 -1 -1 0 -1 1 
-1 -1 -1 -1 -1 -1 -1 -1 -1 -1 -1 -1 0 -1 -1 
-1 -1 -1 -1 -1 -1 -1 -1 -1 -1 -1 -1 0 -1 -1 
-1 -1 -1 -1 -1 -1 -1 -1 -1 -1 -1 -1 0 -1 -1 
-1 -1 -1 -1 -1 -1 -1 -1 -1 -1 -1 -1 0 -1 -1 
-1 -1 -1 -1 -1 -1 -1 -1 -1 -1 -1 -1 -1 -1 -1 
END
15 1
0 11
4 13
-1 -1 -1 -1 -1 -1 -1 -1 -1 -1 -1 0 0 1 1 
-1 -1 -1 -1 -1 -1 -1 -1 -1 -1 -1 -1 0 1 1 
-1 -1 -1 -1 -1 -1 -1 -1 -1 -1 -1 -1 0 1 1 
-1 -1 -1 -1 -1 -1 -1 -1 -1 -1 -1 -1 0 1 1 
-1 -1 -1 -1 -1 -1 -1 -1 -1 -1 -1 -1 0 1 1 
-1 -1 -1 -1 -1 -1 -1 -1 -1 -1 -1 -1 0 -1 1 
-1 -1 -1 -1 -1 -1 -1 -1 -1 -1 -1 -1 0 -1 1 
-1 -1 -1 -1 -1 -1 -1 -1 -1 -1 -1 -1 0 -1 1 
-1 -1 -1 -1 -1 -1 -1 -1 -1 -1 -1 -1 0 -1 1 
-1 -1 -1 -1 -1 -1 -1 -1 -1 -1 -1 -1 0 -1 1 
-1 -1 -1 -1 -1 -1 -1 -1 -1 -1 -1 -1 0 -1 -1 
-1 -1 -1 -1 -1 -1 -1 -1 -1 -1 -1 -1 0 -1 -1 
-1 -1 -1 -1 -1 -1 -1 -1 -1 -1 -1 -1 0 -1 -1 
-1 -1 -1 -1 -1 -1 -1 -1 -1 -1 -1 -1 0 -1 -1 
-1 -1 -1 -1 -1 -1 -1 -1 -1 -1 -1 -1 -1 -1 -1 
END
15 1
1 11
5 13
-1 -1 -1 -1 -1 -1 -1 -1 -1 -1 -1 0 0 1 1 
-1 -1 -1 -1 -1 -1 -1 -1 -1 -1 -1 0 0 1 1 
-1 -1 -1 -1 -1 -1 -1 -1 -1 -1 -1 -1 0 1 1 
-1 -1 -1 -1 -1 -1 -1 -1 -1 -1 -1 -1 0 1 1 
-1 -1 -1 -1 -1 -1 -1 -1 -1 -1 -1 -1 0 1 1 
-1 -1 -1 -1 -1 -1 -1 -1 -1 -1 -1 -1 0 1 1 
-1 -1 -1 -1 -1 -1 -1 -1 -1 -1 -1 -1 0 -1 1 
-1 -1 -1 -1 -1 -1 -1 -1 -1 -1 -1 -1 0 -1 1 
-1 -1 -1 -1 -1 -1 -1 -1 -1 -1 -1 -1 0 -1 1 
-1 -1 -1 -1 -1 -1 -1 -1 -1 -1 -1 -1 0 -1 1 
-1 -1 -1 -1 -1 -1 -1 -1 -1 -1 -1 -1 0 -1 -1 
-1 -1 -1 -1 -1 -1 -1 -1 -1 -1 -1 -1 0 -1 -1 
-1 -1 -1 -1 -1 -1 -1 -1 -1 -1 -1 -1 0 -1 -1 
-1 -1 -1 -1 -1 -1 -1 -1 -1 -1 -1 -1 0 -1 -1 
-1 -1 -1 -1 -1 -1 -1 -1 -1 -1 -1 -1 -1 -1 -1 
END
15 1
2 11
6 13
-1 -1 -1 -1 -1 -1 -1 -1 -1 -1 -1 0 0 1 1 
-1 -1 -1 -1 -1 -1 -1 -1 -1 -1 -1 0 0 1 1 
-1 -1 -1 -1 -1 -1 -1 -1 -1 -1 -1 0 0 1 1 
-1 -1 -1 -1 -1 -1 -1 -1 -1 -1 -1 -1 0 1 1 
-1 -1 -1 -1 -1 -1 -1 -1 -1 -1 -1 -1 0 1 1 
-1 -1 -1 -1 -1 -1 -1 -1 -1 -1 -1 -1 0 1 1 
-1 -1 -1 -1 -1 -1 -1 -1 -1 -1 -1 -1 0 1 1 
-1 -1 -1 -1 -1 -1 -1 -1 -1 -1 -1 -1 0 -1 1 
-1 -1 -1 -1 -1 -1 -1 -1 -1 -1 -1 -1 0 -1 1 
-1 -1 -1 -1 -1 -1 -1 -1 -1 -1 -1 -1 0 -1 1 
-1 -1 -1 -1 -1 -1 -1 -1 -1 -1 -1 -1 0 -1 -1 
-1 -1 -1 -1 -1 -1 -1 -1 -1 -1 -1 -1 0 -1 -1 
-1 -1 -1 -1 -1 -1 -1 -1 -1 -1 -1 -1 0 -1 -1 
-1 -1 -1 -1 -1 -1 -1 -1 -1 -1 -1 -1 0 -1 -1 
-1 -1 -1 -1 -1 -1 -1 -1 -1 -1 -1 -1 -1 -1 -1 
END
15 1
3 11
7 13
-1 -1 -1 -1 -1 -1 -1 -1 -1 -1 -1 0 0 1 1 
-1 -1 -1 -1 -1 -1 -1 -1 -1 -1 -1 0 0 1 1 
-1 -1 -1 -1 -1 -1 -1 -1 -1 -1 -1 0 0 1 1 
-1 -1 -1 -1 -1 -1 -1 -1 -1 -1 -1 0 0 1 1 
-1 -1 -1 -1 -1 -1 -1 -1 -1 -1 -1 -1 0 1 1 
-1 -1 -1 -1 -1 -1 -1 -1 -1 -1 -1 -1 0 1 1 
-1 -1 -1 -1 -1 -1 -1 -1 -1 -1 -1 -1 0 1 1 
-1 -1 -1 -1 -1 -1 -1 -1 -1 -1 -1 -1 0 1 1 
-1 -1 -1 -1 -1 -1 -1 -1 -1 -1 -1 -1 0 -1 1 
-1 -1 -1 -1 -1 -1 -1 -1 -1 -1 -1 -1 0 -1 1 
-1 -1 -1 -1 -1 -1 -1 -1 -1 -1 -1 -1 0 -1 -1 
-1 -1 -1 -1 -1 -1 -1 -1 -1 -1 -1 -1 0 -1 -1 
-1 -1 -1 -1 -1 -1 -1 -1 -1 -1 -1 -1 0 -1 -1 
-1 -1 -1 -1 -1 -1 -1 -1 -1 -1 -1 -1 0 -1 -1 
-1 -1 -1 -1 -1 -1 -1 -1 -1 -1 -1 -1 -1 -1 -1 
END
15 1
4 11
8 13
-1 -1 -1 -1 -1 -1 -1 -1 -1 -1 -1 0 0 1 1 
-1 -1 -1 -1 -1 -1 -1 -1 -1 -1 -1 0 0 1 1 
-1 -1 -1 -1 -1 -1 -1 -1 -1 -1 -1 0 0 1 1 
-1 -1 -1 -1 -1 -1 -1 -1 -1 -1 -1 0 0 1 1 
-1 -1 -1 -1 -1 -1 -1 -1 -1 -1 -1 0 0 1 1 
-1 -1 -1 -1 -1 -1 -1 -1 -1 -1 -1 -1 0 1 1 
-1 -1 -1 -1 -1 -1 -1 -1 -1 -1 -1 -1 0 1 1 
-1 -1 -1 -1 -1 -1 -1 -1 -1 -1 -1 -1 0 1 1 
-1 -1 -1 -1 -1 -1 -1 -1 -1 -1 -1 -1 0 1 1 
-1 -1 -1 -1 -1 -1 -1 -1 -1 -1 -1 -1 0 -1 1 
-1 -1 -1 -1 -1 -1 -1 -1 -1 -1 -1 -1 0 -1 -1 
-1 -1 -1 -1 -1 -1 -1 -1 -1 -1 -1 -1 0 -1 -1 
-1 -1 -1 -1 -1 -1 -1 -1 -1 -1 -1 -1 0 -1 -1 
-1 -1 -1 -1 -1 -1 -1 -1 -1 -1 -1 -1 0 -1 -1 
-1 -1 -1 -1 -1 -1 -1 -1 -1 -1 -1 -1 -1 -1 -1 
END
15 1
5 11
9 13
-1 -1 -1 -1 -1 -1 -1 -1 -1 -1 -1 0 0 1 1 
-1 -1 -1 -1 -1 -1 -1 -1 -1 -1 -1 0 0 1 1 
-1 -1 -1 -1 -1 -1 -1 -1 -1 -1 -1 0 0 1 1 
-1 -1 -1 -1 -1 -1 -1 -1 -1 -1 -1 0 0 1 1 
-1 -1 -1 -1 -1 -1 -1 -1 -1 -1 -1 0 0 1 1 
-1 -1 -1 -1 -1 -1 -1 -1 -1 -1 -1 0 0 1 1 
-1 -1 -1 -1 -1 -1 -1 -1 -1 -1 -1 -1 0 1 1 
-1 -1 -1 -1 -1 -1 -1 -1 -1 -1 -1 -1 0 1 1 
-1 -1 -1 -1 -1 -1 -1 -1 -1 -1 -1 -1 0 1 1 
-1 -1 -1 -1 -1 -1 -1 -1 -1 -1 -1 -1 0 1 1 
-1 -1 -1 -1 -1 -1 -1 -1 -1 -1 -1 -1 0 -1 -1 
-1 -1 -1 -1 -1 -1 -1 -1 -1 -1 -1 -1 0 -1 -1 
-1 -1 -1 -1 -1 -1 -1 -1 -1 -1 -1 -1 0 -1 -1 
-1 -1 -1 -1 -1 -1 -1 -1 -1 -1 -1 -1 0 -1 -1 
-1 -1 -1 -1 -1 -1 -1 -1 -1 -1 -1 -1 -1 -1 -1 
END
15 1
6 11
10 13
-1 -1 -1 -1 -1 -1 -1 -1 -1 -1 -1 0 0 1 1 
-1 -1 -1 -1 -1 -1 -1 -1 -1 -1 -1 0 0 1 1 
-1 -1 -1 -1 -1 -1 -1 -1 -1 -1 -1 0 0 1 1 
-1 -1 -1 -1 -1 -1 -1 -1 -1 -1 -1 0 0 1 1 
-1 -1 -1 -1 -1 -1 -1 -1 -1 -1 -1 0 0 1 1 
-1 -1 -1 -1 -1 -1 -1 -1 -1 -1 -1 0 0 1 1 
-1 -1 -1 -1 -1 -1 -1 -1 -1 -1 -1 0 0 1 1 
-1 -1 -1 -1 -1 -1 -1 -1 -1 -1 -1 -1 0 1 1 
-1 -1 -1 -1 -1 -1 -1 -1 -1 -1 -1 -1 0 1 1 
-1 -1 -1 -1 -1 -1 -1 -1 -1 -1 -1 -1 0 1 1 
-1 -1 -1 -1 -1 -1 -1 -1 -1 -1 -1 -1 0 1 -1 
-1 -1 -1 -1 -1 -1 -1 -1 -1 -1 -1 -1 0 -1 -1 
-1 -1 -1 -1 -1 -1 -1 -1 -1 -1 -1 -1 0 -1 -1 
-1 -1 -1 -1 -1 -1 -1 -1 -1 -1 -1 -1 0 -1 -1 
-1 -1 -1 -1 -1 -1 -1 -1 -1 -1 -1 -1 -1 -1 -1 
END
15 1
7 11
11 13
-1 -1 -1 -1 -1 -1 -1 -1 -1 -1 -1 0 0 1 1 
-1 -1 -1 -1 -1 -1 -1 -1 -1 -1 -1 0 0 1 1 
-1 -1 -1 -1 -1 -1 -1 -1 -1 -1 -1 0 0 1 1 
-1 -1 -1 -1 -1 -1 -1 -1 -1 -1 -1 0 0 1 1 
-1 -1 -1 -1 -1 -1 -1 -1 -1 -1 -1 0 0 1 1 
-1 -1 -1 -1 -1 -1 -1 -1 -1 -1 -1 0 0 1 1 
-1 -1 -1 -1 -1 -1 -1 -1 -1 -1 -1 0 0 1 1 
-1 -1 -1 -1 -1 -1 -1 -1 -1 -1 -1 0 0 1 1 
-1 -1 -1 -1 -1 -1 -1 -1 -1 -1 -1 -1 0 1 1 
-1 -1 -1 -1 -1 -1 -1 -1 -1 -1 -1 -1 0 1 1 
-1 -1 -1 -1 -1 -1 -1 -1 -1 -1 -1 -1 0 1 -1 
-1 -1 -1 -1 -1 -1 -1 -1 -1 -1 -1 -1 0 1 -1 
-1 -1 -1 -1 -1 -1 -1 -1 -1 -1 -1 -1 0 -1 -1 
-1 -1 -1 -1 -1 -1 -1 -1 -1 -1 -1 -1 0 -1 -1 
-1 -1 -1 -1 -1 -1 -1 -1 -1 -1 -1 -1 -1 -1 -1 
END
15 1
8 11
12 13
-1 -1 -1 -1 -1 -1 -1 -1 -1 -1 -1 0 0 1 1 
-1 -1 -1 -1 -1 -1 -1 -1 -1 -1 -1 0 0 1 1 
-1 -1 -1 -1 -1 -1 -1 -1 -1 -1 -1 0 0 1 1 
-1 -1 -1 -1 -1 -1 -1 -1 -1 -1 -1 0 0 1 1 
-1 -1 -1 -1 -1 -1 -1 -1 -1 -1 -1 0 0 1 1 
-1 -1 -1 -1 -1 -1 -1 -1 -1 -1 -1 0 0 1 1 
-1 -1 -1 -1 -1 -1 -1 -1 -1 -1 -1 0 0 1 1 
-1 -1 -1 -1 -1 -1 -1 -1 -1 -1 -1 0 0 1 1 
-1 -1 -1 -1 -1 -1 -1 -1 -1 -1 -1 0 0 1 1 
-1 -1 -1 -1 -1 -1 -1 -1 -1 -1 -1 -1 0 1 1 
-1 -1 -1 -1 -1 -1 -1 -1 -1 -1 -1 -1 0 1 -1 
-1 -1 -1 -1 -1 -1 -1 -1 -1 -1 -1 -1 0 1 -1 
-1 -1 -1 -1 -1 -1 -1 -1 -1 -1 -1 -1 0 1 -1 
-1 -1 -1 -1 -1 -1 -1 -1 -1 -1 -1 -1 0 -1 -1 
-1 -1 -1 -1 -1 -1 -1 -1 -1 -1 -1 -1 -1 -1 -1 
END
15 1
9 11
13 13
-1 -1 -1 -1 -1 -1 -1 -1 -1 -1 -1 0 0 1 1 
-1 -1 -1 -1 -1 -1 -1 -1 -1 -1 -1 0 0 1 1 
-1 -1 -1 -1 -1 -1 -1 -1 -1 -1 -1 0 0 1 1 
-1 -1 -1 -1 -1 -1 -1 -1 -1 -1 -1 0 0 1 1 
-1 -1 -1 -1 -1 -1 -1 -1 -1 -1 -1 0 0 1 1 
-1 -1 -1 -1 -1 -1 -1 -1 -1 -1 -1 0 0 1 1 
-1 -1 -1 -1 -1 -1 -1 -1 -1 -1 -1 0 0 1 1 
-1 -1 -1 -1 -1 -1 -1 -1 -1 -1 -1 0 0 1 1 
-1 -1 -1 -1 -1 -1 -1 -1 -1 -1 -1 0 0 1 1 
-1 -1 -1 -1 -1 -1 -1 -1 -1 -1 -1 0 0 1 1 
-1 -1 -1 -1 -1 -1 -1 -1 -1 -1 -1 -1 0 1 -1 
-1 -1 -1 -1 -1 -1 -1 -1 -1 -1 -1 -1 0 1 -1 
-1 -1 -1 -1 -1 -1 -1 -1 -1 -1 -1 -1 0 1 -1 
-1 -1 -1 -1 -1 -1 -1 -1 -1 -1 -1 -1 0 1 -1 
-1 -1 -1 -1 -1 -1 -1 -1 -1 -1 -1 -1 -1 -1 -1 
END
15 1
10 11
14 13
-1 -1 -1 -1 -1 -1 -1 -1 -1 -1 -1 0 0 1 1 
-1 -1 -1 -1 -1 -1 -1 -1 -1 -1 -1 0 0 1 1 
-1 -1 -1 -1 -1 -1 -1 -1 -1 -1 -1 0 0 1 1 
-1 -1 -1 -1 -1 -1 -1 -1 -1 -1 -1 0 0 1 1 
-1 -1 -1 -1 -1 -1 -1 -1 -1 -1 -1 0 0 1 1 
-1 -1 -1 -1 -1 -1 -1 -1 -1 -1 -1 0 0 1 1 
-1 -1 -1 -1 -1 -1 -1 -1 -1 -1 -1 0 0 1 1 
-1 -1 -1 -1 -1 -1 -1 -1 -1 -1 -1 0 0 1 1 
-1 -1 -1 -1 -1 -1 -1 -1 -1 -1 -1 0 0 1 1 
-1 -1 -1 -1 -1 -1 -1 -1 -1 -1 -1 0 0 1 1 
-1 -1 -1 -1 -1 -1 -1 -1 -1 -1 -1 0 0 1 -1 
-1 -1 -1 -1 -1 -1 -1 -1 -1 -1 -1 -1 0 1 -1 
-1 -1 -1 -1 -1 -1 -1 -1 -1 -1 -1 -1 0 1 -1 
-1 -1 -1 -1 -1 -1 -1 -1 -1 -1 -1 -1 0 1 -1 
-1 -1 -1 -1 -1 -1 -1 -1 -1 -1 -1 -1 -1 1 -1 
END
15 1
11 11
14 12
-1 -1 -1 -1 -1 -1 -1 -1 -1 -1 -1 0 0 1 1 
-1 -1 -1 -1 -1 -1 -1 -1 -1 -1 -1 0 0 1 1 
-1 -1 -1 -1 -1 -1 -1 -1 -1 -1 -1 0 0 1 1 
-1 -1 -1 -1 -1 -1 -1 -1 -1 -1 -1 0 0 1 1 
-1 -1 -1 -1 -1 -1 -1 -1 -1 -1 -1 0 0 1 1 
-1 -1 -1 -1 -1 -1 -1 -1 -1 -1 -1 0 0 1 1 
-1 -1 -1 -1 -1 -1 -1 -1 -1 -1 -1 0 0 1 1 
-1 -1 -1 -1 -1 -1 -1 -1 -1 -1 -1 0 0 1 1 
-1 -1 -1 -1 -1 -1 -1 -1 -1 -1 -1 0 0 1 1 
-1 -1 -1 -1 -1 -1 -1 -1 -1 -1 -1 0 0 1 1 
-1 -1 -1 -1 -1 -1 -1 -1 -1 -1 -1 0 0 1 -1 
-1 -1 -1 -1 -1 -1 -1 -1 -1 -1 -1 0 0 1 -1 
-1 -1 -1 -1 -1 -1 -1 -1 -1 -1 -1 -1 0 1 -1 
-1 -1 -1 -1 -1 -1 -1 -1 -1 -1 -1 -1 0 1 -1 
-1 -1 -1 -1 -1 -1 -1 -1 -1 -1 -1 -1 1 1 -1 
END
15 1
12 11
14 11
-1 -1 -1 -1 -1 -1 -1 -1 -1 -1 -1 0 0 1 1 
-1 -1 -1 -1 -1 -1 -1 -1 -1 -1 -1 0 0 1 1 
-1 -1 -1 -1 -1 -1 -1 -1 -1 -1 -1 0 0 1 1 
-1 -1 -1 -1 -1 -1 -1 -1 -1 -1 -1 0 0 1 1 
-1 -1 -1 -1 -1 -1 -1 -1 -1 -1 -1 0 0 1 1 
-1 -1 -1 -1 -1 -1 -1 -1 -1 -1 -1 0 0 1 1 
-1 -1 -1 -1 -1 -1 -1 -1 -1 -1 -1 0 0 1 1 
-1 -1 -1 -1 -1 -1 -1 -1 -1 -1 -1 0 0 1 1 
-1 -1 -1 -1 -1 -1 -1 -1 -1 -1 -1 0 0 1 1 
-1 -1 -1 -1 -1 -1 -1 -1 -1 -1 -1 0 0 1 1 
-1 -1 -1 -1 -1 -1 -1 -1 -1 -1 -1 0 0 1 -1 
-1 -1 -1 -1 -1 -1 -1 -1 -1 -1 -1 0 0 1 -1 
-1 -1 -1 -1 -1 -1 -1 -1 -1 -1 -1 0 0 1 -1 
-1 -1 -1 -1 -1 -1 -1 -1 -1 -1 -1 -1 0 1 -1 
-1 -1 -1 -1 -1 -1 -1 -1 -1 -1 -1 1 1 1 -1 
END
