15 1
7 10
4 5
-1 -1 -1 -1 -1 -1 -1 -1 -1 -1 -1 -1 -1 -1 -1 
-1 -1 -1 -1 -1 -1 -1 -1 -1 -1 -1 -1 -1 -1 -1 
-1 -1 -1 -1 -1 -1 -1 -1 -1 -1 -1 -1 -1 -1 -1 
-1 -1 -1 -1 -1 -1 -1 -1 -1 -1 -1 -1 -1 -1 -1 
-1 -1 -1 -1 -1 1 -1 -1 -1 -1 -1 -1 -1 -1 -1 
-1 -1 -1 -1 -1 -1 -1 -1 -1 -1 -1 -1 -1 -1 -1 
-1 -1 -1 -1 -1 -1 -1 -1 -1 -1 -1 -1 -1 -1 -1 
-1 -1 -1 -1 -1 -1 -1 -1 -1 -1 0 -1 -1 -1 -1 
-1 -1 -1 -1 -1 -1 -1 -1 -1 -1 -1 -1 -1 -1 -1 
-1 -1 -1 -1 -1 -1 -1 -1 -1 -1 -1 -1 -1 -1 -1 
-1 -1 -1 -1 -1 -1 -1 -1 -1 -1 -1 -1 -1 -1 -1 
-1 -1 -1 -1 -1 -1 -1 -1 -1 -1 -1 -1 -1 -1 -1 
-1 -1 -1 -1 -1 -1 -1 -1 -1 -1 -1 -1 -1 -1 -1 
-1 -1 -1 -1 -1 -1 -1 -1 -1 -1 -1 -1 -1 -1 -1 
-1 -1 -1 -1 -1 -1 -1 -1 -1 -1 -1 -1 -1 -1 -1 
END
15 1
6 10
3 5
-1 -1 -1 -1 -1 -1 -1 -1 -1 -1 -1 -1 -1 -1 -1 
-1 -1 -1 -1 -1 -1 -1 -1 -1 -1 -1 -1 -1 -1 -1 
-1 -1 -1 -1 -1 -1 -1 -1 -1 -1 -1 -1 -1 -1 -1 
-1 -1 -1 -1 -1 1 -1 -1 -1 -1 -1 -1 -1 -1 -1 
-1 -1 -1 -1 -1 1 -1 -1 -1 -1 -1 -1 -1 -1 -1 
-1 -1 -1 -1 -1 -1 -1 -1 -1 -1 -1 -1 -1 -1 -1 
-1 -1 -1 -1 -1 -1 -1 -1 -1 -1 0 -1 -1 -1 -1 
-1 -1 -1 -1 -1 -1 -1 -1 -1 -1 0 -1 -1 -1 -1 
-1 -1 -1 -1 -1 -1 -1 -1 -1 -1 -1 -1 -1 -1 -1 
-1 -1 -1 -1 -1 -1 -1 -1 -1 -1 -1 -1 -1 -1 -1 
-1 -1 -1 -1 -1 -1 -1 -1 -1 -1 -1 -1 -1 -1 -1 
-1 -1 -1 -1 -1 -1 -1 -1 -1 -1 -1 -1 -1 -1 -1 
-1 -1 -1 -1 -1 -1 -1 -1 -1 -1 -1 -1 -1 -1 -1 
-1 -1 -1 -1 -1 -1 -1 -1 -1 -1 -1 -1 -1 -1 -1 
-1 -1 -1 -1 -1 -1 -1 -1 -1 -1 -1 -1 -1 -1 -1 
END
15 1
5 10
2 5
-1 -1 -1 -1 -1 -1 -1 -1 -1 -1 -1 -1 -1 -1 -1 
-1 -1 -1 -1 -1 -1 -1 -1 -1 -1 -1 -1 -1 -1 -1 
-1 -1 -1 -1 -1 1 -1 -1 -1 -1 -1 -1 -1 -1 -1 
-1 -1 -1 -1 -1 1 -1 -1 -1 -1 -1 -1 -1 -1 -1 
-1 -1 -1 -1 -1 1 -1 -1 -1 -1 -1 -1 -1 -1 -1 
-1 -1 -1 -1 -1 -1 -1 -1 -1 -1 0 -1 -1 -1 -1 
-1 -1 -1 -1 -1 -1 -1 -1 -1 -1 0 -1 -1 -1 -1 
-1 -1 -1 -1 -1 -1 -1 -1 -1 -1 0 -1 -1 -1 -1 
-1 -1 -1 -1 -1 -1 -1 -1 -1 -1 -1 -1 -1 -1 -1 
-1 -1 -1 -1 -1 -1 -1 -1 -1 -1 -1 -1 -1 -1 -1 
-1 -1 -1 -1 -1 -1 -1 -1 -1 -1 -1 -1 -1 -1 -1 
-1 -1 -1 -1 -1 -1 -1 -1 -1 -1 -1 -1 -1 -1 -1 
-1 -1 -1 -1 -1 -1 -1 -1 -1 -1 -1 -1 -1 -1 -1 
-1 -1 -1 -1 -1 -1 -1 -1 -1 -1 -1 -1 -1 -1 -1 
-1 -1 -1 -1 -1 -1 -1 -1 -1 -1 -1 -1 -1 -1 -1 
END
15 1
4 10
1 5
-1 -1 -1 -1 -1 -1 -1 -1 -1 -1 -1 -1 -1 -1 -1 
-1 -1 -1 -1 -1 1 -1 -1 -1 -1 -1 -1 -1 -1 -1 
-1 -1 -1 -1 -1 1 -1 -1 -1 -1 -1 -1 -1 -1 -1 
-1 -1 -1 -1 -1 1 -1 -1 -1 -1 -1 -1 -1 -1 -1 
-1 -1 -1 -1 -1 1 -1 -1 -1 -1 0 -1 -1 -1 -1 
-1 -1 -1 -1 -1 -1 -1 -1 -1 -1 0 -1 -1 -1 -1 
-1 -1 -1 -1 -1 -1 -1 -1 -1 -1 0 -1 -1 -1 -1 
-1 -1 -1 -1 -1 -1 -1 -1 -1 -1 0 -1 -1 -1 -1 
-1 -1 -1 -1 -1 -1 -1 -1 -1 -1 -1 -1 -1 -1 -1 
-1 -1 -1 -1 -1 -1 -1 -1 -1 -1 -1 -1 -1 -1 -1 
-1 -1 -1 -1 -1 -1 -1 -1 -1 -1 -1 -1 -1 -1 -1 
-1 -1 -1 -1 -1 -1 -1 -1 -1 -1 -1 -1 -1 -1 -1 
-1 -1 -1 -1 -1 -1 -1 -1 -1 -1 -1 -1 -1 -1 -1 
-1 -1 -1 -1 -1 -1 -1 -1 -1 -1 -1 -1 -1 -1 -1 
-1 -1 -1 -1 -1 -1 -1 -1 -1 -1 -1 -1 -1 -1 -1 
END
15 1
3 10
0 5
-1 -1 -1 -1 -1 1 -1 -1 -1 -1 -1 -1 -1 -1 -1 
-1 -1 -1 -1 -1 1 -1 -1 -1 -1 -1 -1 -1 -1 -1 
-1 -1 -1 -1 -1 1 -1 -1 -1 -1 -1 -1 -1 -1 -1 
-1 -1 -1 -1 -1 1 -1 -1 -1 -1 0 -1 -1 -1 -1 
-1 -1 -1 -1 -1 1 -1 -1 -1 -1 0 -1 -1 -1 -1 
-1 -1 -1 -1 -1 -1 -1 -1 -1 -1 0 -1 -1 -1 -1 
-1 -1 -1 -1 -1 -1 -1 -1 -1 -1 0 -1 -1 -1 -1 
-1 -1 -1 -1 -1 -1 -1 -1 -1 -1 0 -1 -1 -1 -1 
-1 -1 -1 -1 -1 -1 -1 -1 -1 -1 -1 -1 -1 -1 -1 
-1 -1 -1 -1 -1 -1 -1 -1 -1 -1 -1 -1 -1 -1 -1 
-1 -1 -1 -1 -1 -1 -1 -1 -1 -1 -1 -1 -1 -1 -1 
-1 -1 -1 -1 -1 -1 -1 -1 -1 -1 -1 -1 -1 -1 -1 
-1 -1 -1 -1 -1 -1 -1 -1 -1 -1 -1 -1 -1 -1 -1 
-1 -1 -1 -1 -1 -1 -1 -1 -1 -1 -1 -1 -1 -1 -1 
-1 -1 -1 -1 -1 -1 -1 -1 -1 -1 -1 -1 -1 -1 -1 
END
15 1
2 10
0 4
-1 -1 -1 -1 1 1 -1 -1 -1 -1 -1 -1 -1 -1 -1 
-1 -1 -1 -1 -1 1 -1 -1 -1 -1 -1 -1 -1 -1 -1 
-1 -1 -1 -1 -1 1 -1 -1 -1 -1 0 -1 -1 -1 -1 
-1 -1 -1 -1 -1 1 -1 -1 -1 -1 0 -1 -1 -1 -1 
-1 -1 -1 -1 -1 1 -1 -1 -1 -1 0 -1 -1 -1 -1 
-1 -1 -1 -1 -1 -1 -1 -1 -1 -1 0 -1 -1 -1 -1 
-1 -1 -1 -1 -1 -1 -1 -1 -1 -1 0 -1 -1 -1 -1 
-1 -1 -1 -1 -1 -1 -1 -1 -1 -1 0 -1 -1 -1 -1 
-1 -1 -1 -1 -1 -1 -1 -1 -1 -1 -1 -1 -1 -1 -1 
-1 -1 -1 -1 -1 -1 -1 -1 -1 -1 -1 -1 -1 -1 -1 
-1 -1 -1 -1 -1 -1 -1 -1 -1 -1 -1 -1 -1 -1 -1 
-1 -1 -1 -1 -1 -1 -1 -1 -1 -1 -1 -1 -1 -1 -1 
-1 -1 -1 -1 -1 -1 -1 -1 -1 -1 -1 -1 -1 -1 -1 
-1 -1 -1 -1 -1 -1 -1 -1 -1 -1 -1 -1 -1 -1 -1 
-1 -1 -1 -1 -1 -1 -1 -1 -1 -1 -1 -1 -1 -1 -1 
END
15 1
1 10
1 4
-1 -1 -1 -1 1 1 -1 -1 -1 -1 -1 -1 -1 -1 -1 
-1 -1 -1 -1 1 1 -1 -1 -1 -1 0 -1 -1 -1 -1 
-1 -1 -1 -1 -1 1 -1 -1 -1 -1 0 -1 -1 -1 -1 
-1 -1 -1 -1 -1 1 -1 -1 -1 -1 0 -1 -1 -1 -1 
-1 -1 -1 -1 -1 1 -1 -1 -1 -1 0 -1 -1 -1 -1 
-1 -1 -1 -1 -1 -1 -1 -1 -1 -1 0 -1 -1 -1 -1 
-1 -1 -1 -1 -1 -1 -1 -1 -1 -1 0 -1 -1 -1 -1 
-1 -1 -1 -1 -1 -1 -1 -1 -1 -1 0 -1 -1 -1 -1 
-1 -1 -1 -1 -1 -1 -1 -1 -1 -1 -1 -1 -1 -1 -1 
-1 -1 -1 -1 -1 -1 -1 -1 -1 -1 -1 -1 -1 -1 -1 
-1 -1 -1 -1 -1 -1 -1 -1 -1 -1 -1 -1 -1 -1 -1 
-1 -1 -1 -1 -1 -1 -1 -1 -1 -1 -1 -1 -1 -1 -1 
-1 -1 -1 -1 -1 -1 -1 -1 -1 -1 -1 -1 -1 -1 -1 
-1 -1 -1 -1 -1 -1 -1 -1 -1 -1 -1 -1 -1 -1 -1 
-1 -1 -1 -1 -1 -1 -1 -1 -1 -1 -1 -1 -1 -1 -1 
END
15 1
0 10
2 4
-1 -1 -1 -1 1 1 -1 -1 -1 -1 0 -1 -1 -1 -1 
-1 -1 -1 -1 1 1 -1 -1 -1 -1 0 -1 -1 -1 -1 
-1 -1 -1 -1 1 1 -1 -1 -1 -1 0 -1 -1 -1 -1 
-1 -1 -1 -1 -1 1 -1 -1 -1 -1 0 -1 -1 -1 -1 
-1 -1 -1 -1 -1 1 -1 -1 -1 -1 0 -1 -1 -1 -1 
-1 -1 -1 -1 -1 -1 -1 -1 -1 -1 0 -1 -1 -1 -1 
-1 -1 -1 -1 -1 -1 -1 -1 -1 -1 0 -1 -1 -1 -1 
-1 -1 -1 -1 -1 -1 -1 -1 -1 -1 0 -1 -1 -1 -1 
-1 -1 -1 -1 -1 -1 -1 -1 -1 -1 -1 -1 -1 -1 -1 
-1 -1 -1 -1 -1 -1 -1 -1 -1 -1 -1 -1 -1 -1 -1 
-1 -1 -1 -1 -1 -1 -1 -1 -1 -1 -1 -1 -1 -1 -1 
-1 -1 -1 -1 -1 -1 -1 -1 -1 -1 -1 -1 -1 -1 -1 
-1 -1 -1 -1 -1 -1 -1 -1 -1 -1 -1 -1 -1 -1 -1 
-1 -1 -1 -1 -1 -1 -1 -1 -1 -1 -1 -1 -1 -1 -1 
-1 -1 -1 -1 -1 -1 -1 -1 -1 -1 -1 -1 -1 -1 -1 
END
15 1
0 9
3 4
-1 -1 -1 -1 1 1 -1 -1 -1 0 0 -1 -1 -1 -1 
-1 -1 -1 -1 1 1 -1 -1 -1 -1 0 -1 -1 -1 -1 
-1 -1 -1 -1 1 1 -1 -1 -1 -1 0 -1 -1 -1 -1 
-1 -1 -1 -1 1 1 -1 -1 -1 -1 0 -1 -1 -1 -1 
-1 -1 -1 -1 -1 1 -1 -1 -1 -1 0 -1 -1 -1 -1 
-1 -1 -1 -1 -1 -1 -1 -1 -1 -1 0 -1 -1 -1 -1 
-1 -1 -1 -1 -1 -1 -1 -1 -1 -1 0 -1 -1 -1 -1 
-1 -1 -1 -1 -1 -1 -1 -1 -1 -1 0 -1 -1 -1 -1 
-1 -1 -1 -1 -1 -1 -1 -1 -1 -1 -1 -1 -1 -1 -1 
-1 -1 -1 -1 -1 -1 -1 -1 -1 -1 -1 -1 -1 -1 -1 
-1 -1 -1 -1 -1 -1 -1 -1 -1 -1 -1 -1 -1 -1 -1 
-1 -1 -1 -1 -1 -1 -1 -1 -1 -1 -1 -1 -1 -1 -1 
-1 -1 -1 -1 -1 -1 -1 -1 -1 -1 -1 -1 -1 -1 -1 
-1 -1 -1 -1 -1 -1 -1 -1 -1 -1 -1 -1 -1 -1 -1 
-1 -1 -1 -1 -1 -1 -1 -1 -1 -1 -1 -1 -1 -1 -1 
END
15 1
1 9
4 4
-1 -1 -1 -1 1 1 -1 -1 -1 0 0 -1 -1 -1 -1 
-1 -1 -1 -1 1 1 -1 -1 -1 0 0 -1 -1 -1 -1 
-1 -1 -1 -1 1 1 -1 -1 -1 -1 0 -1 -1 -1 -1 
-1 -1 -1 -1 1 1 -1 -1 -1 -1 0 -1 -1 -1 -1 
-1 -1 -1 -1 1 1 -1 -1 -1 -1 0 -1 -1 -1 -1 
-1 -1 -1 -1 -1 -1 -1 -1 -1 -1 0 -1 -1 -1 -1 
-1 -1 -1 -1 -1 -1 -1 -1 -1 -1 0 -1 -1 -1 -1 
-1 -1 -1 -1 -1 -1 -1 -1 -1 -1 0 -1 -1 -1 -1 
-1 -1 -1 -1 -1 -1 -1 -1 -1 -1 -1 -1 -1 -1 -1 
-1 -1 -1 -1 -1 -1 -1 -1 -1 -1 -1 -1 -1 -1 -1 
-1 -1 -1 -1 -1 -1 -1 -1 -1 -1 -1 -1 -1 -1 -1 
-1 -1 -1 -1 -1 -1 -1 -1 -1 -1 -1 -1 -1 -1 -1 
-1 -1 -1 -1 -1 -1 -1 -1 -1 -1 -1 -1 -1 -1 -1 
-1 -1 -1 -1 -1 -1 -1 -1 -1 -1 -1 -1 -1 -1 -1 
-1 -1 -1 -1 -1 -1 -1 -1 -1 -1 -1 -1 -1 -1 -1 
END
15 1
2 9
5 4
-1 -1 -1 -1 1 1 -1 -1 -1 0 0 -1 -1 -1 -1 
-1 -1 -1 -1 1 1 -1 -1 -1 0 0 -1 -1 -1 -1 
-1 -1 -1 -1 1 1 -1 -1 -1 0 0 -1 -1 -1 -1 
-1 -1 -1 -1 1 1 -1 -1 -1 -1 0 -1 -1 -1 -1 
-1 -1 -1 -1 1 1 -1 -1 -1 -1 0 -1 -1 -1 -1 
-1 -1 -1 -1 1 -1 -1 -1 -1 -1 0 -1 -1 -1 -1 
-1 -1 -1 -1 -1 -1 -1 -1 -1 -1 0 -1 -1 -1 -1 
-1 -1 -1 -1 -1 -1 -1 -1 -1 -1 0 -1 -1 -1 -1 
-1 -1 -1 -1 -1 -1 -1 -1 -1 -1 -1 -1 -1 -1 -1 
-1 -1 -1 -1 -1 -1 -1 -1 -1 -1 -1 -1 -1 -1 -1 
-1 -1 -1 -1 -1 -1 -1 -1 -1 -1 -1 -1 -1 -1 -1 
-1 -1 -1 -1 -1 -1 -1 -1 -1 -1 -1 -1 -1 -1 -1 
-1 -1 -1 -1 -1 -1 -1 -1 -1 -1 -1 -1 -1 -1 -1 
-1 -1 -1 -1 -1 -1 -1 -1 -1 -1 -1 -1 -1 -1 -1 
-1 -1 -1 -1 -1 -1 -1 -1 -1 -1 -1 -1 -1 -1 -1 
END
15 1
3 9
6 4
-1 -1 -1 -1 1 1 -1 -1 -1 0 0 -1 -1 -1 -1 
-1 -1 -1 -1 1 1 -1 -1 -1 0 0 -1 -1 -1 -1 
-1 -1 -1 -1 1 1 -1 -1 -1 0 0 -1 -1 -1 -1 
-1 -1 -1 -1 1 1 -1 -1 -1 0 0 -1 -1 -1 -1 
-1 -1 -1 -1 1 1 -1 -1 -1 -1 0 -1 -1 -1 -1 
-1 -1 -1 -1 1 -1 -1 -1 -1 -1 0 -1 -1 -1 -1 
-1 -1 -1 -1 1 -1 -1 -1 -1 -1 0 -1 -1 -1 -1 
-1 -1 -1 -1 -1 -1 -1 -1 -1 -1 0 -1 -1 -1 -1 
-1 -1 -1 -1 -1 -1 -1 -1 -1 -1 -1 -1 -1 -1 -1 
-1 -1 -1 -1 -1 -1 -1 -1 -1 -1 -1 -1 -1 -1 -1 
-1 -1 -1 -1 -1 -1 -1 -1 -1 -1 -1 -1 -1 -1 -1 
-1 -1 -1 -1 -1 -1 -1 -1 -1 -1 -1 -1 -1 -1 -1 
-1 -1 -1 -1 -1 -1 -1 -1 -1 -1 -1 -1 -1 -1 -1 
-1 -1 -1 -1 -1 -1 -1 -1 -1 -1 -1 -1 -1 -1 -1 
-1 -1 -1 -1 -1 -1 -1 -1 -1 -1 -1 -1 -1 -1 -1 
END
15 1
4 9
7 4
-1 -1 -1 -1 1 1 -1 -1 -1 0 0 -1 -1 -1 -1 
-1 -1 -1 -1 1 1 -1 -1 -1 0 0 -1 -1 -1 -1 
-1 -1 -1 -1 1 1 -1 -1 -1 0 0 -1 -1 -1 -1 
-1 -1 -1 -1 1 1 -1 -1 -1 0 0 -1 -1 -1 -1 
-1 -1 -1 -1 1 1 -1 -1 -1 0 0 -1 -1 -1 -1 
-1 -1 -1 -1 1 -1 -1 -1 -1 -1 0 -1 -1 -1 -1 
-1 -1 -1 -1 1 -1 -1 -1 -1 -1 0 -1 -1 -1 -1 
-1 -1 -1 -1 1 -1 -1 -1 -1 -1 0 -1 -1 -1 -1 
-1 -1 -1 -1 -1 -1 -1 -1 -1 -1 -1 -1 -1 -1 -1 
-1 -1 -1 -1 -1 -1 -1 -1 -1 -1 -1 -1 -1 -1 -1 
-1 -1 -1 -1 -1 -1 -1 -1 -1 -1 -1 -1 -1 -1 -1 
-1 -1 -1 -1 -1 -1 -1 -1 -1 -1 -1 -1 -1 -1 -1 
-1 -1 -1 -1 -1 -1 -1 -1 -1 -1 -1 -1 -1 -1 -1 
-1 -1 -1 -1 -1 -1 -1 -1 -1 -1 -1 -1 -1 -1 -1 
-1 -1 -1 -1 -1 -1 -1 -1 -1 -1 -1 -1 -1 -1 -1 
END
15 1
5 9
8 4
-1 -1 -1 -1 1 1 -1 -1 -1 0 0 -1 -1 -1 -1 
-1 -1 -1 -1 1 1 -1 -1 -1 0 0 -1 -1 -1 -1 
-1 -1 -1 -1 1 1 -1 -1 -1 0 0 -1 -1 -1 -1 
-1 -1 -1 -1 1 1 -1 -1 -1 0 0 -1 -1 -1 -1 
-1 -1 -1 -1 1 1 -1 -1 -1 0 0 -1 -1 -1 -1 
-1 -1 -1 -1 1 -1 -1 -1 -1 0 0 -1 -1 -1 -1 
-1 -1 -1 -1 1 -1 -1 -1 -1 -1 0 -1 -1 -1 -1 
-1 -1 -1 -1 1 -1 -1 -1 -1 -1 0 -1 -1 -1 -1 
-1 -1 -1 -1 1 -1 -1 -1 -1 -1 -1 -1 -1 -1 -1 
-1 -1 -1 -1 -1 -1 -1 -1 -1 -1 -1 -1 -1 -1 -1 
-1 -1 -1 -1 -1 -1 -1 -1 -1 -1 -1 -1 -1 -1 -1 
-1 -1 -1 -1 -1 -1 -1 -1 -1 -1 -1 -1 -1 -1 -1 
-1 -1 -1 -1 -1 -1 -1 -1 -1 -1 -1 -1 -1 -1 -1 
-1 -1 -1 -1 -1 -1 -1 -1 -1 -1 -1 -1 -1 -1 -1 
-1 -1 -1 -1 -1 -1 -1 -1 -1 -1 -1 -1 -1 -1 -1 
END
15 1
6 9
9 4
-1 -1 -1 -1 1 1 -1 -1 -1 0 0 -1 -1 -1 -1 
-1 -1 -1 -1 1 1 -1 -1 -1 0 0 -1 -1 -1 -1 
-1 -1 -1 -1 1 1 -1 -1 -1 0 0 -1 -1 -1 -1 
-1 -1 -1 -1 1 1 -1 -1 -1 0 0 -1 -1 -1 -1 
-1 -1 -1 -1 1 1 -1 -1 -1 0 0 -1 -1 -1 -1 
-1 -1 -1 -1 1 -1 -1 -1 -1 0 0 -1 -1 -1 -1 
-1 -1 -1 -1 1 -1 -1 -1 -1 0 0 -1 -1 -1 -1 
-1 -1 -1 -1 1 -1 -1 -1 -1 -1 0 -1 -1 -1 -1 
-1 -1 -1 -1 1 -1 -1 -1 -1 -1 -1 -1 -1 -1 -1 
-1 -1 -1 -1 1 -1 -1 -1 -1 -1 -1 -1 -1 -1 -1 
-1 -1 -1 -1 -1 -1 -1 -1 -1 -1 -1 -1 -1 -1 -1 
-1 -1 -1 -1 -1 -1 -1 -1 -1 -1 -1 -1 -1 -1 -1 
-1 -1 -1 -1 -1 -1 -1 -1 -1 -1 -1 -1 -1 -1 -1 
-1 -1 -1 -1 -1 -1 -1 -1 -1 -1 -1 -1 -1 -1 -1 
-1 -1 -1 -1 -1 -1 -1 -1 -1 -1 -1 -1 -1 -1 -1 
END
15 1
7 9
10 4
-1 -1 -1 -1 1 1 -1 -1 -1 0 0 -1 -1 -1 -1 
-1 -1 -1 -1 1 1 -1 -1 -1 0 0 -1 -1 -1 -1 
-1 -1 -1 -1 1 1 -1 -1 -1 0 0 -1 -1 -1 -1 
-1 -1 -1 -1 1 1 -1 -1 -1 0 0 -1 -1 -1 -1 
-1 -1 -1 -1 1 1 -1 -1 -1 0 0 -1 -1 -1 -1 
-1 -1 -1 -1 1 -1 -1 -1 -1 0 0 -1 -1 -1 -1 
-1 -1 -1 -1 1 -1 -1 -1 -1 0 0 -1 -1 -1 -1 
-1 -1 -1 -1 1 -1 -1 -1 -1 0 0 -1 -1 -1 -1 
-1 -1 -1 -1 1 -1 -1 -1 -1 -1 -1 -1 -1 -1 -1 
-1 -1 -1 -1 1 -1 -1 -1 -1 -1 -1 -1 -1 -1 -1 
-1 -1 -1 -1 1 -1 -1 -1 -1 -1 -1 -1 -1 -1 -1 
-1 -1 -1 -1 -1 -1 -1 -1 -1 -1 -1 -1 -1 -1 -1 
-1 -1 -1 -1 -1 -1 -1 -1 -1 -1 -1 -1 -1 -1 -1 
-1 -1 -1 -1 -1 -1 -1 -1 -1 -1 -1 -1 -1 -1 -1 
-1 -1 -1 -1 -1 -1 -1 -1 -1 -1 -1 -1 -1 -1 -1 
END
15 1
8 9
11 4
-1 -1 -1 -1 1 1 -1 -1 -1 0 0 -1 -1 -1 -1 
-1 -1 -1 -1 1 1 -1 -1 -1 0 0 -1 -1 -1 -1 
-1 -1 -1 -1 1 1 -1 -1 -1 0 0 -1 -1 -1 -1 
-1 -1 -1 -1 1 1 -1 -1 -1 0 0 -1 -1 -1 -1 
-1 -1 -1 -1 1 1 -1 -1 -1 0 0 -1 -1 -1 -1 
-1 -1 -1 -1 1 -1 -1 -1 -1 0 0 -1 -1 -1 -1 
-1 -1 -1 -1 1 -1 -1 -1 -1 0 0 -1 -1 -1 -1 
-1 -1 -1 -1 1 -1 -1 -1 -1 0 0 -1 -1 -1 -1 
-1 -1 -1 -1 1 -1 -1 -1 -1 0 -1 -1 -1 -1 -1 
-1 -1 -1 -1 1 -1 -1 -1 -1 -1 -1 -1 -1 -1 -1 
-1 -1 -1 -1 1 -1 -1 -1 -1 -1 -1 -1 -1 -1 -1 
-1 -1 -1 -1 1 -1 -1 -1 -1 -1 -1 -1 -1 -1 -1 
-1 -1 -1 -1 -1 -1 -1 -1 -1 -1 -1 -1 -1 -1 -1 
-1 -1 -1 -1 -1 -1 -1 -1 -1 -1 -1 -1 -1 -1 -1 
-1 -1 -1 -1 -1 -1 -1 -1 -1 -1 -1 -1 -1 -1 -1 
END
15 1
9 9
12 4
-1 -1 -1 -1 1 1 -1 -1 -1 0 0 -1 -1 -1 -1 
-1 -1 -1 -1 1 1 -1 -1 -1 0 0 -1 -1 -1 -1 
-1 -1 -1 -1 1 1 -1 -1 -1 0 0 -1 -1 -1 -1 
-1 -1 -1 -1 1 1 -1 -1 -1 0 0 -1 -1 -1 -1 
-1 -1 -1 -1 1 1 -1 -1 -1 0 0 -1 -1 -1 -1 
-1 -1 -1 -1 1 -1 -1 -1 -1 0 0 -1 -1 -1 -1 
-1 -1 -1 -1 1 -1 -1 -1 -1 0 0 -1 -1 -1 -1 
-1 -1 -1 -1 1 -1 -1 -1 -1 0 0 -1 -1 -1 -1 
-1 -1 -1 -1 1 -1 -1 -1 -1 0 -1 -1 -1 -1 -1 
-1 -1 -1 -1 1 -1 -1 -1 -1 0 -1 -1 -1 -1 -1 
-1 -1 -1 -1 1 -1 -1 -1 -1 -1 -1 -1 -1 -1 -1 
-1 -1 -1 -1 1 -1 -1 -1 -1 -1 -1 -1 -1 -1 -1 
-1 -1 -1 -1 1 -1 -1 -1 -1 -1 -1 -1 -1 -1 -1 
-1 -1 -1 -1 -1 -1 -1 -1 -1 -1 -1 -1 -1 -1 -1 
-1 -1 -1 -1 -1 -1 -1 -1 -1 -1 -1 -1 -1 -1 -1 
END
15 1
10 9
13 4
-1 -1 -1 -1 1 1 -1 -1 -1 0 0 -1 -1 -1 -1 
-1 -1 -1 -1 1 1 -1 -1 -1 0 0 -1 -1 -1 -1 
-1 -1 -1 -1 1 1 -1 -1 -1 0 0 -1 -1 -1 -1 
-1 -1 -1 -1 1 1 -1 -1 -1 0 0 -1 -1 -1 -1 
-1 -1 -1 -1 1 1 -1 -1 -1 0 0 -1 -1 -1 -1 
-1 -1 -1 -1 1 -1 -1 -1 -1 0 0 -1 -1 -1 -1 
-1 -1 -1 -1 1 -1 -1 -1 -1 0 0 -1 -1 -1 -1 
-1 -1 -1 -1 1 -1 -1 -1 -1 0 0 -1 -1 -1 -1 
-1 -1 -1 -1 1 -1 -1 -1 -1 0 -1 -1 -1 -1 -1 
-1 -1 -1 -1 1 -1 -1 -1 -1 0 -1 -1 -1 -1 -1 
-1 -1 -1 -1 1 -1 -1 -1 -1 0 -1 -1 -1 -1 -1 
-1 -1 -1 -1 1 -1 -1 -1 -1 -1 -1 -1 -1 -1 -1 
-1 -1 -1 -1 1 -1 -1 -1 -1 -1 -1 -1 -1 -1 -1 
-1 -1 -1 -1 1 -1 -1 -1 -1 -1 -1 -1 -1 -1 -1 
-1 -1 -1 -1 -1 -1 -1 -1 -1 -1 -1 -1 -1 -1 -1 
END
15 1
11 9
14 4
-1 -1 -1 -1 1 1 -1 -1 -1 0 0 -1 -1 -1 -1 
-1 -1 -1 -1 1 1 -1 -1 -1 0 0 -1 -1 -1 -1 
-1 -1 -1 -1 1 1 -1 -1 -1 0 0 -1 -1 -1 -1 
-1 -1 -1 -1 1 1 -1 -1 -1 0 0 -1 -1 -1 -1 
-1 -1 -1 -1 1 1 -1 -1 -1 0 0 -1 -1 -1 -1 
-1 -1 -1 -1 1 -1 -1 -1 -1 0 0 -1 -1 -1 -1 
-1 -1 -1 -1 1 -1 -1 -1 -1 0 0 -1 -1 -1 -1 
-1 -1 -1 -1 1 -1 -1 -1 -1 0 0 -1 -1 -1 -1 
-1 -1 -1 -1 1 -1 -1 -1 -1 0 -1 -1 -1 -1 -1 
-1 -1 -1 -1 1 -1 -1 -1 -1 0 -1 -1 -1 -1 -1 
-1 -1 -1 -1 1 -1 -1 -1 -1 0 -1 -1 -1 -1 -1 
-1 -1 -1 -1 1 -1 -1 -1 -1 0 -1 -1 -1 -1 -1 
-1 -1 -1 -1 1 -1 -1 -1 -1 -1 -1 -1 -1 -1 -1 
-1 -1 -1 -1 1 -1 -1 -1 -1 -1 -1 -1 -1 -1 -1 
-1 -1 -1 -1 1 -1 -1 -1 -1 -1 -1 -1 -1 -1 -1 
END
15 1
12 9
14 3
-1 -1 -1 -1 1 1 -1 -1 -1 0 0 -1 -1 -1 -1 
-1 -1 -1 -1 1 1 -1 -1 -1 0 0 -1 -1 -1 -1 
-1 -1 -1 -1 1 1 -1 -1 -1 0 0 -1 -1 -1 -1 
-1 -1 -1 -1 1 1 -1 -1 -1 0 0 -1 -1 -1 -1 
-1 -1 -1 -1 1 1 -1 -1 -1 0 0 -1 -1 -1 -1 
-1 -1 -1 -1 1 -1 -1 -1 -1 0 0 -1 -1 -1 -1 
-1 -1 -1 -1 1 -1 -1 -1 -1 0 0 -1 -1 -1 -1 
-1 -1 -1 -1 1 -1 -1 -1 -1 0 0 -1 -1 -1 -1 
-1 -1 -1 -1 1 -1 -1 -1 -1 0 -1 -1 -1 -1 -1 
-1 -1 -1 -1 1 -1 -1 -1 -1 0 -1 -1 -1 -1 -1 
-1 -1 -1 -1 1 -1 -1 -1 -1 0 -1 -1 -1 -1 -1 
-1 -1 -1 -1 1 -1 -1 -1 -1 0 -1 -1 -1 -1 -1 
-1 -1 -1 -1 1 -1 -1 -1 -1 0 -1 -1 -1 -1 -1 
-1 -1 -1 -1 1 -1 -1 -1 -1 -1 -1 -1 -1 -1 -1 
-1 -1 -1 1 1 -1 -1 -1 -1 -1 -1 -1 -1 -1 -1 
END
15 1
13 9
13 3
-1 -1 -1 -1 1 1 -1 -1 -1 0 0 -1 -1 -1 -1 
-1 -1 -1 -1 1 1 -1 -1 -1 0 0 -1 -1 -1 -1 
-1 -1 -1 -1 1 1 -1 -1 -1 0 0 -1 -1 -1 -1 
-1 -1 -1 -1 1 1 -1 -1 -1 0 0 -1 -1 -1 -1 
-1 -1 -1 -1 1 1 -1 -1 -1 0 0 -1 -1 -1 -1 
-1 -1 -1 -1 1 -1 -1 -1 -1 0 0 -1 -1 -1 -1 
-1 -1 -1 -1 1 -1 -1 -1 -1 0 0 -1 -1 -1 -1 
-1 -1 -1 -1 1 -1 -1 -1 -1 0 0 -1 -1 -1 -1 
-1 -1 -1 -1 1 -1 -1 -1 -1 0 -1 -1 -1 -1 -1 
-1 -1 -1 -1 1 -1 -1 -1 -1 0 -1 -1 -1 -1 -1 
-1 -1 -1 -1 1 -1 -1 -1 -1 0 -1 -1 -1 -1 -1 
-1 -1 -1 -1 1 -1 -1 -1 -1 0 -1 -1 -1 -1 -1 
-1 -1 -1 -1 1 -1 -1 -1 -1 0 -1 -1 -1 -1 -1 
-1 -1 -1 1 1 -1 -1 -1 -1 0 -1 -1 -1 -1 -1 
-1 -1 -1 1 1 -1 -1 -1 -1 -1 -1 -1 -1 -1 -1 
END
15 1
14 9
12 3
-1 -1 -1 -1 1 1 -1 -1 -1 0 0 -1 -1 -1 -1 
-1 -1 -1 -1 1 1 -1 -1 -1 0 0 -1 -1 -1 -1 
-1 -1 -1 -1 1 1 -1 -1 -1 0 0 -1 -1 -1 -1 
-1 -1 -1 -1 1 1 -1 -1 -1 0 0 -1 -1 -1 -1 
-1 -1 -1 -1 1 1 -1 -1 -1 0 0 -1 -1 -1 -1 
-1 -1 -1 -1 1 -1 -1 -1 -1 0 0 -1 -1 -1 -1 
-1 -1 -1 -1 1 -1 -1 -1 -1 0 0 -1 -1 -1 -1 
-1 -1 -1 -1 1 -1 -1 -1 -1 0 0 -1 -1 -1 -1 
-1 -1 -1 -1 1 -1 -1 -1 -1 0 -1 -1 -1 -1 -1 
-1 -1 -1 -1 1 -1 -1 -1 -1 0 -1 -1 -1 -1 -1 
-1 -1 -1 -1 1 -1 -1 -1 -1 0 -1 -1 -1 -1 -1 
-1 -1 -1 -1 1 -1 -1 -1 -1 0 -1 -1 -1 -1 -1 
-1 -1 -1 1 1 -1 -1 -1 -1 0 -1 -1 -1 -1 -1 
-1 -1 -1 1 1 -1 -1 -1 -1 0 -1 -1 -1 -1 -1 
-1 -1 -1 1 1 -1 -1 -1 -1 0 -1 -1 -1 -1 -1 
END
15 1
14 8
11 3
-1 -1 -1 -1 1 1 -1 -1 -1 0 0 -1 -1 -1 -1 
-1 -1 -1 -1 1 1 -1 -1 -1 0 0 -1 -1 -1 -1 
-1 -1 -1 -1 1 1 -1 -1 -1 0 0 -1 -1 -1 -1 
-1 -1 -1 -1 1 1 -1 -1 -1 0 0 -1 -1 -1 -1 
-1 -1 -1 -1 1 1 -1 -1 -1 0 0 -1 -1 -1 -1 
-1 -1 -1 -1 1 -1 -1 -1 -1 0 0 -1 -1 -1 -1 
-1 -1 -1 -1 1 -1 -1 -1 -1 0 0 -1 -1 -1 -1 
-1 -1 -1 -1 1 -1 -1 -1 -1 0 0 -1 -1 -1 -1 
-1 -1 -1 -1 1 -1 -1 -1 -1 0 -1 -1 -1 -1 -1 
-1 -1 -1 -1 1 -1 -1 -1 -1 0 -1 -1 -1 -1 -1 
-1 -1 -1 -1 1 -1 -1 -1 -1 0 -1 -1 -1 -1 -1 
-1 -1 -1 1 1 -1 -1 -1 -1 0 -1 -1 -1 -1 -1 
-1 -1 -1 1 1 -1 -1 -1 -1 0 -1 -1 -1 -1 -1 
-1 -1 -1 1 1 -1 -1 -1 -1 0 -1 -1 -1 -1 -1 
-1 -1 -1 1 1 -1 -1 -1 0 0 -1 -1 -1 -1 -1 
END
15 1
13 8
10 3
-1 -1 -1 -1 1 1 -1 -1 -1 0 0 -1 -1 -1 -1 
-1 -1 -1 -1 1 1 -1 -1 -1 0 0 -1 -1 -1 -1 
-1 -1 -1 -1 1 1 -1 -1 -1 0 0 -1 -1 -1 -1 
-1 -1 -1 -1 1 1 -1 -1 -1 0 0 -1 -1 -1 -1 
-1 -1 -1 -1 1 1 -1 -1 -1 0 0 -1 -1 -1 -1 
-1 -1 -1 -1 1 -1 -1 -1 -1 0 0 -1 -1 -1 -1 
-1 -1 -1 -1 1 -1 -1 -1 -1 0 0 -1 -1 -1 -1 
-1 -1 -1 -1 1 -1 -1 -1 -1 0 0 -1 -1 -1 -1 
-1 -1 -1 -1 1 -1 -1 -1 -1 0 -1 -1 -1 -1 -1 
-1 -1 -1 -1 1 -1 -1 -1 -1 0 -1 -1 -1 -1 -1 
-1 -1 -1 1 1 -1 -1 -1 -1 0 -1 -1 -1 -1 -1 
-1 -1 -1 1 1 -1 -1 -1 -1 0 -1 -1 -1 -1 -1 
-1 -1 -1 1 1 -1 -1 -1 -1 0 -1 -1 -1 -1 -1 
-1 -1 -1 1 1 -1 -1 -1 0 0 -1 -1 -1 -1 -1 
-1 -1 -1 1 1 -1 -1 -1 0 0 -1 -1 -1 -1 -1 
END
15 1
12 8
9 3
-1 -1 -1 -1 1 1 -1 -1 -1 0 0 -1 -1 -1 -1 
-1 -1 -1 -1 1 1 -1 -1 -1 0 0 -1 -1 -1 -1 
-1 -1 -1 -1 1 1 -1 -1 -1 0 0 -1 -1 -1 -1 
-1 -1 -1 -1 1 1 -1 -1 -1 0 0 -1 -1 -1 -1 
-1 -1 -1 -1 1 1 -1 -1 -1 0 0 -1 -1 -1 -1 
-1 -1 -1 -1 1 -1 -1 -1 -1 0 0 -1 -1 -1 -1 
-1 -1 -1 -1 1 -1 -1 -1 -1 0 0 -1 -1 -1 -1 
-1 -1 -1 -1 1 -1 -1 -1 -1 0 0 -1 -1 -1 -1 
-1 -1 -1 -1 1 -1 -1 -1 -1 0 -1 -1 -1 -1 -1 
-1 -1 -1 1 1 -1 -1 -1 -1 0 -1 -1 -1 -1 -1 
-1 -1 -1 1 1 -1 -1 -1 -1 0 -1 -1 -1 -1 -1 
-1 -1 -1 1 1 -1 -1 -1 -1 0 -1 -1 -1 -1 -1 
-1 -1 -1 1 1 -1 -1 -1 0 0 -1 -1 -1 -1 -1 
-1 -1 -1 1 1 -1 -1 -1 0 0 -1 -1 -1 -1 -1 
-1 -1 -1 1 1 -1 -1 -1 0 0 -1 -1 -1 -1 -1 
END
15 1
11 8
8 3
-1 -1 -1 -1 1 1 -1 -1 -1 0 0 -1 -1 -1 -1 
-1 -1 -1 -1 1 1 -1 -1 -1 0 0 -1 -1 -1 -1 
-1 -1 -1 -1 1 1 -1 -1 -1 0 0 -1 -1 -1 -1 
-1 -1 -1 -1 1 1 -1 -1 -1 0 0 -1 -1 -1 -1 
-1 -1 -1 -1 1 1 -1 -1 -1 0 0 -1 -1 -1 -1 
-1 -1 -1 -1 1 -1 -1 -1 -1 0 0 -1 -1 -1 -1 
-1 -1 -1 -1 1 -1 -1 -1 -1 0 0 -1 -1 -1 -1 
-1 -1 -1 -1 1 -1 -1 -1 -1 0 0 -1 -1 -1 -1 
-1 -1 -1 1 1 -1 -1 -1 -1 0 -1 -1 -1 -1 -1 
-1 -1 -1 1 1 -1 -1 -1 -1 0 -1 -1 -1 -1 -1 
-1 -1 -1 1 1 -1 -1 -1 -1 0 -1 -1 -1 -1 -1 
-1 -1 -1 1 1 -1 -1 -1 0 0 -1 -1 -1 -1 -1 
-1 -1 -1 1 1 -1 -1 -1 0 0 -1 -1 -1 -1 -1 
-1 -1 -1 1 1 -1 -1 -1 0 0 -1 -1 -1 -1 -1 
-1 -1 -1 1 1 -1 -1 -1 0 0 -1 -1 -1 -1 -1 
END
15 1
10 8
7 3
-1 -1 -1 -1 1 1 -1 -1 -1 0 0 -1 -1 -1 -1 
-1 -1 -1 -1 1 1 -1 -1 -1 0 0 -1 -1 -1 -1 
-1 -1 -1 -1 1 1 -1 -1 -1 0 0 -1 -1 -1 -1 
-1 -1 -1 -1 1 1 -1 -1 -1 0 0 -1 -1 -1 -1 
-1 -1 -1 -1 1 1 -1 -1 -1 0 0 -1 -1 -1 -1 
-1 -1 -1 -1 1 -1 -1 -1 -1 0 0 -1 -1 -1 -1 
-1 -1 -1 -1 1 -1 -1 -1 -1 0 0 -1 -1 -1 -1 
-1 -1 -1 1 1 -1 -1 -1 -1 0 0 -1 -1 -1 -1 
-1 -1 -1 1 1 -1 -1 -1 -1 0 -1 -1 -1 -1 -1 
-1 -1 -1 1 1 -1 -1 -1 -1 0 -1 -1 -1 -1 -1 
-1 -1 -1 1 1 -1 -1 -1 0 0 -1 -1 -1 -1 -1 
-1 -1 -1 1 1 -1 -1 -1 0 0 -1 -1 -1 -1 -1 
-1 -1 -1 1 1 -1 -1 -1 0 0 -1 -1 -1 -1 -1 
-1 -1 -1 1 1 -1 -1 -1 0 0 -1 -1 -1 -1 -1 
-1 -1 -1 1 1 -1 -1 -1 0 0 -1 -1 -1 -1 -1 
END
15 1
9 8
6 3
-1 -1 -1 -1 1 1 -1 -1 -1 0 0 -1 -1 -1 -1 
-1 -1 -1 -1 1 1 -1 -1 -1 0 0 -1 -1 -1 -1 
-1 -1 -1 -1 1 1 -1 -1 -1 0 0 -1 -1 -1 -1 
-1 -1 -1 -1 1 1 -1 -1 -1 0 0 -1 -1 -1 -1 
-1 -1 -1 -1 1 1 -1 -1 -1 0 0 -1 -1 -1 -1 
-1 -1 -1 -1 1 -1 -1 -1 -1 0 0 -1 -1 -1 -1 
-1 -1 -1 1 1 -1 -1 -1 -1 0 0 -1 -1 -1 -1 
-1 -1 -1 1 1 -1 -1 -1 -1 0 0 -1 -1 -1 -1 
-1 -1 -1 1 1 -1 -1 -1 -1 0 -1 -1 -1 -1 -1 
-1 -1 -1 1 1 -1 -1 -1 0 0 -1 -1 -1 -1 -1 
-1 -1 -1 1 1 -1 -1 -1 0 0 -1 -1 -1 -1 -1 
-1 -1 -1 1 1 -1 -1 -1 0 0 -1 -1 -1 -1 -1 
-1 -1 -1 1 1 -1 -1 -1 0 0 -1 -1 -1 -1 -1 
-1 -1 -1 1 1 -1 -1 -1 0 0 -1 -1 -1 -1 -1 
-1 -1 -1 1 1 -1 -1 -1 0 0 -1 -1 -1 -1 -1 
END
15 1
8 8
5 3
-1 -1 -1 -1 1 1 -1 -1 -1 0 0 -1 -1 -1 -1 
-1 -1 -1 -1 1 1 -1 -1 -1 0 0 -1 -1 -1 -1 
-1 -1 -1 -1 1 1 -1 -1 -1 0 0 -1 -1 -1 -1 
-1 -1 -1 -1 1 1 -1 -1 -1 0 0 -1 -1 -1 -1 
-1 -1 -1 -1 1 1 -1 -1 -1 0 0 -1 -1 -1 -1 
-1 -1 -1 1 1 -1 -1 -1 -1 0 0 -1 -1 -1 -1 
-1 -1 -1 1 1 -1 -1 -1 -1 0 0 -1 -1 -1 -1 
-1 -1 -1 1 1 -1 -1 -1 -1 0 0 -1 -1 -1 -1 
-1 -1 -1 1 1 -1 -1 -1 0 0 -1 -1 -1 -1 -1 
-1 -1 -1 1 1 -1 -1 -1 0 0 -1 -1 -1 -1 -1 
-1 -1 -1 1 1 -1 -1 -1 0 0 -1 -1 -1 -1 -1 
-1 -1 -1 1 1 -1 -1 -1 0 0 -1 -1 -1 -1 -1 
-1 -1 -1 1 1 -1 -1 -1 0 0 -1 -1 -1 -1 -1 
-1 -1 -1 1 1 -1 -1 -1 0 0 -1 -1 -1 -1 -1 
-1 -1 -1 1 1 -1 -1 -1 0 0 -1 -1 -1 -1 -1 
END
15 1
7 8
4 3
-1 -1 -1 -1 1 1 -1 -1 -1 0 0 -1 -1 -1 -1 
-1 -1 -1 -1 1 1 -1 -1 -1 0 0 -1 -1 -1 -1 
-1 -1 -1 -1 1 1 -1 -1 -1 0 0 -1 -1 -1 -1 
-1 -1 -1 -1 1 1 -1 -1 -1 0 0 -1 -1 -1 -1 
-1 -1 -1 1 1 1 -1 -1 -1 0 0 -1 -1 -1 -1 
-1 -1 -1 1 1 -1 -1 -1 -1 0 0 -1 -1 -1 -1 
-1 -1 -1 1 1 -1 -1 -1 -1 0 0 -1 -1 -1 -1 
-1 -1 -1 1 1 -1 -1 -1 0 0 0 -1 -1 -1 -1 
-1 -1 -1 1 1 -1 -1 -1 0 0 -1 -1 -1 -1 -1 
-1 -1 -1 1 1 -1 -1 -1 0 0 -1 -1 -1 -1 -1 
-1 -1 -1 1 1 -1 -1 -1 0 0 -1 -1 -1 -1 -1 
-1 -1 -1 1 1 -1 -1 -1 0 0 -1 -1 -1 -1 -1 
-1 -1 -1 1 1 -1 -1 -1 0 0 -1 -1 -1 -1 -1 
-1 -1 -1 1 1 -1 -1 -1 0 0 -1 -1 -1 -1 -1 
-1 -1 -1 1 1 -1 -1 -1 0 0 -1 -1 -1 -1 -1 
END
15 1
6 8
3 3
-1 -1 -1 -1 1 1 -1 -1 -1 0 0 -1 -1 -1 -1 
-1 -1 -1 -1 1 1 -1 -1 -1 0 0 -1 -1 -1 -1 
-1 -1 -1 -1 1 1 -1 -1 -1 0 0 -1 -1 -1 -1 
-1 -1 -1 1 1 1 -1 -1 -1 0 0 -1 -1 -1 -1 
-1 -1 -1 1 1 1 -1 -1 -1 0 0 -1 -1 -1 -1 
-1 -1 -1 1 1 -1 -1 -1 -1 0 0 -1 -1 -1 -1 
-1 -1 -1 1 1 -1 -1 -1 0 0 0 -1 -1 -1 -1 
-1 -1 -1 1 1 -1 -1 -1 0 0 0 -1 -1 -1 -1 
-1 -1 -1 1 1 -1 -1 -1 0 0 -1 -1 -1 -1 -1 
-1 -1 -1 1 1 -1 -1 -1 0 0 -1 -1 -1 -1 -1 
-1 -1 -1 1 1 -1 -1 -1 0 0 -1 -1 -1 -1 -1 
-1 -1 -1 1 1 -1 -1 -1 0 0 -1 -1 -1 -1 -1 
-1 -1 -1 1 1 -1 -1 -1 0 0 -1 -1 -1 -1 -1 
-1 -1 -1 1 1 -1 -1 -1 0 0 -1 -1 -1 -1 -1 
-1 -1 -1 1 1 -1 -1 -1 0 0 -1 -1 -1 -1 -1 
END
15 1
5 8
2 3
-1 -1 -1 -1 1 1 -1 -1 -1 0 0 -1 -1 -1 -1 
-1 -1 -1 -1 1 1 -1 -1 -1 0 0 -1 -1 -1 -1 
-1 -1 -1 1 1 1 -1 -1 -1 0 0 -1 -1 -1 -1 
-1 -1 -1 1 1 1 -1 -1 -1 0 0 -1 -1 -1 -1 
-1 -1 -1 1 1 1 -1 -1 -1 0 0 -1 -1 -1 -1 
-1 -1 -1 1 1 -1 -1 -1 0 0 0 -1 -1 -1 -1 
-1 -1 -1 1 1 -1 -1 -1 0 0 0 -1 -1 -1 -1 
-1 -1 -1 1 1 -1 -1 -1 0 0 0 -1 -1 -1 -1 
-1 -1 -1 1 1 -1 -1 -1 0 0 -1 -1 -1 -1 -1 
-1 -1 -1 1 1 -1 -1 -1 0 0 -1 -1 -1 -1 -1 
-1 -1 -1 1 1 -1 -1 -1 0 0 -1 -1 -1 -1 -1 
-1 -1 -1 1 1 -1 -1 -1 0 0 -1 -1 -1 -1 -1 
-1 -1 -1 1 1 -1 -1 -1 0 0 -1 -1 -1 -1 -1 
-1 -1 -1 1 1 -1 -1 -1 0 0 -1 -1 -1 -1 -1 
-1 -1 -1 1 1 -1 -1 -1 0 0 -1 -1 -1 -1 -1 
END
15 1
4 8
1 3
-1 -1 -1 -1 1 1 -1 -1 -1 0 0 -1 -1 -1 -1 
-1 -1 -1 1 1 1 -1 -1 -1 0 0 -1 -1 -1 -1 
-1 -1 -1 1 1 1 -1 -1 -1 0 0 -1 -1 -1 -1 
-1 -1 -1 1 1 1 -1 -1 -1 0 0 -1 -1 -1 -1 
-1 -1 -1 1 1 1 -1 -1 0 0 0 -1 -1 -1 -1 
-1 -1 -1 1 1 -1 -1 -1 0 0 0 -1 -1 -1 -1 
-1 -1 -1 1 1 -1 -1 -1 0 0 0 -1 -1 -1 -1 
-1 -1 -1 1 1 -1 -1 -1 0 0 0 -1 -1 -1 -1 
-1 -1 -1 1 1 -1 -1 -1 0 0 -1 -1 -1 -1 -1 
-1 -1 -1 1 1 -1 -1 -1 0 0 -1 -1 -1 -1 -1 
-1 -1 -1 1 1 -1 -1 -1 0 0 -1 -1 -1 -1 -1 
-1 -1 -1 1 1 -1 -1 -1 0 0 -1 -1 -1 -1 -1 
-1 -1 -1 1 1 -1 -1 -1 0 0 -1 -1 -1 -1 -1 
-1 -1 -1 1 1 -1 -1 -1 0 0 -1 -1 -1 -1 -1 
-1 -1 -1 1 1 -1 -1 -1 0 0 -1 -1 -1 -1 -1 
END
15 1
3 8
0 3
-1 -1 -1 1 1 1 -1 -1 -1 0 0 -1 -1 -1 -1 
-1 -1 -1 1 1 1 -1 -1 -1 0 0 -1 -1 -1 -1 
-1 -1 -1 1 1 1 -1 -1 -1 0 0 -1 -1 -1 -1 
-1 -1 -1 1 1 1 -1 -1 0 0 0 -1 -1 -1 -1 
-1 -1 -1 1 1 1 -1 -1 0 0 0 -1 -1 -1 -1 
-1 -1 -1 1 1 -1 -1 -1 0 0 0 -1 -1 -1 -1 
-1 -1 -1 1 1 -1 -1 -1 0 0 0 -1 -1 -1 -1 
-1 -1 -1 1 1 -1 -1 -1 0 0 0 -1 -1 -1 -1 
-1 -1 -1 1 1 -1 -1 -1 0 0 -1 -1 -1 -1 -1 
-1 -1 -1 1 1 -1 -1 -1 0 0 -1 -1 -1 -1 -1 
-1 -1 -1 1 1 -1 -1 -1 0 0 -1 -1 -1 -1 -1 
-1 -1 -1 1 1 -1 -1 -1 0 0 -1 -1 -1 -1 -1 
-1 -1 -1 1 1 -1 -1 -1 0 0 -1 -1 -1 -1 -1 
-1 -1 -1 1 1 -1 -1 -1 0 0 -1 -1 -1 -1 -1 
-1 -1 -1 1 1 -1 -1 -1 0 0 -1 -1 -1 -1 -1 
END
15 1
2 8
0 2
-1 -1 1 1 1 1 -1 -1 -1 0 0 -1 -1 -1 -1 
-1 -1 -1 1 1 1 -1 -1 -1 0 0 -1 -1 -1 -1 
-1 -1 -1 1 1 1 -1 -1 0 0 0 -1 -1 -1 -1 
-1 -1 -1 1 1 1 -1 -1 0 0 0 -1 -1 -1 -1 
-1 -1 -1 1 1 1 -1 -1 0 0 0 -1 -1 -1 -1 
-1 -1 -1 1 1 -1 -1 -1 0 0 0 -1 -1 -1 -1 
-1 -1 -1 1 1 -1 -1 -1 0 0 0 -1 -1 -1 -1 
-1 -1 -1 1 1 -1 -1 -1 0 0 0 -1 -1 -1 -1 
-1 -1 -1 1 1 -1 -1 -1 0 0 -1 -1 -1 -1 -1 
-1 -1 -1 1 1 -1 -1 -1 0 0 -1 -1 -1 -1 -1 
-1 -1 -1 1 1 -1 -1 -1 0 0 -1 -1 -1 -1 -1 
-1 -1 -1 1 1 -1 -1 -1 0 0 -1 -1 -1 -1 -1 
-1 -1 -1 1 1 -1 -1 -1 0 0 -1 -1 -1 -1 -1 
-1 -1 -1 1 1 -1 -1 -1 0 0 -1 -1 -1 -1 -1 
-1 -1 -1 1 1 -1 -1 -1 0 0 -1 -1 -1 -1 -1 
END
15 1
1 8
1 2
-1 -1 1 1 1 1 -1 -1 -1 0 0 -1 -1 -1 -1 
-1 -1 1 1 1 1 -1 -1 0 0 0 -1 -1 -1 -1 
-1 -1 -1 1 1 1 -1 -1 0 0 0 -1 -1 -1 -1 
-1 -1 -1 1 1 1 -1 -1 0 0 0 -1 -1 -1 -1 
-1 -1 -1 1 1 1 -1 -1 0 0 0 -1 -1 -1 -1 
-1 -1 -1 1 1 -1 -1 -1 0 0 0 -1 -1 -1 -1 
-1 -1 -1 1 1 -1 -1 -1 0 0 0 -1 -1 -1 -1 
-1 -1 -1 1 1 -1 -1 -1 0 0 0 -1 -1 -1 -1 
-1 -1 -1 1 1 -1 -1 -1 0 0 -1 -1 -1 -1 -1 
-1 -1 -1 1 1 -1 -1 -1 0 0 -1 -1 -1 -1 -1 
-1 -1 -1 1 1 -1 -1 -1 0 0 -1 -1 -1 -1 -1 
-1 -1 -1 1 1 -1 -1 -1 0 0 -1 -1 -1 -1 -1 
-1 -1 -1 1 1 -1 -1 -1 0 0 -1 -1 -1 -1 -1 
-1 -1 -1 1 1 -1 -1 -1 0 0 -1 -1 -1 -1 -1 
-1 -1 -1 1 1 -1 -1 -1 0 0 -1 -1 -1 -1 -1 
END
15 1
0 8
2 2
-1 -1 1 1 1 1 -1 -1 0 0 0 -1 -1 -1 -1 
-1 -1 1 1 1 1 -1 -1 0 0 0 -1 -1 -1 -1 
-1 -1 1 1 1 1 -1 -1 0 0 0 -1 -1 -1 -1 
-1 -1 -1 1 1 1 -1 -1 0 0 0 -1 -1 -1 -1 
-1 -1 -1 1 1 1 -1 -1 0 0 0 -1 -1 -1 -1 
-1 -1 -1 1 1 -1 -1 -1 0 0 0 -1 -1 -1 -1 
-1 -1 -1 1 1 -1 -1 -1 0 0 0 -1 -1 -1 -1 
-1 -1 -1 1 1 -1 -1 -1 0 0 0 -1 -1 -1 -1 
-1 -1 -1 1 1 -1 -1 -1 0 0 -1 -1 -1 -1 -1 
-1 -1 -1 1 1 -1 -1 -1 0 0 -1 -1 -1 -1 -1 
-1 -1 -1 1 1 -1 -1 -1 0 0 -1 -1 -1 -1 -1 
-1 -1 -1 1 1 -1 -1 -1 0 0 -1 -1 -1 -1 -1 
-1 -1 -1 1 1 -1 -1 -1 0 0 -1 -1 -1 -1 -1 
-1 -1 -1 1 1 -1 -1 -1 0 0 -1 -1 -1 -1 -1 
-1 -1 -1 1 1 -1 -1 -1 0 0 -1 -1 -1 -1 -1 
END
15 1
0 7
3 2
-1 -1 1 1 1 1 -1 0 0 0 0 -1 -1 -1 -1 
-1 -1 1 1 1 1 -1 -1 0 0 0 -1 -1 -1 -1 
-1 -1 1 1 1 1 -1 -1 0 0 0 -1 -1 -1 -1 
-1 -1 1 1 1 1 -1 -1 0 0 0 -1 -1 -1 -1 
-1 -1 -1 1 1 1 -1 -1 0 0 0 -1 -1 -1 -1 
-1 -1 -1 1 1 -1 -1 -1 0 0 0 -1 -1 -1 -1 
-1 -1 -1 1 1 -1 -1 -1 0 0 0 -1 -1 -1 -1 
-1 -1 -1 1 1 -1 -1 -1 0 0 0 -1 -1 -1 -1 
-1 -1 -1 1 1 -1 -1 -1 0 0 -1 -1 -1 -1 -1 
-1 -1 -1 1 1 -1 -1 -1 0 0 -1 -1 -1 -1 -1 
-1 -1 -1 1 1 -1 -1 -1 0 0 -1 -1 -1 -1 -1 
-1 -1 -1 1 1 -1 -1 -1 0 0 -1 -1 -1 -1 -1 
-1 -1 -1 1 1 -1 -1 -1 0 0 -1 -1 -1 -1 -1 
-1 -1 -1 1 1 -1 -1 -1 0 0 -1 -1 -1 -1 -1 
-1 -1 -1 1 1 -1 -1 -1 0 0 -1 -1 -1 -1 -1 
END
15 1
1 7
4 2
-1 -1 1 1 1 1 -1 0 0 0 0 -1 -1 -1 -1 
-1 -1 1 1 1 1 -1 0 0 0 0 -1 -1 -1 -1 
-1 -1 1 1 1 1 -1 -1 0 0 0 -1 -1 -1 -1 
-1 -1 1 1 1 1 -1 -1 0 0 0 -1 -1 -1 -1 
-1 -1 1 1 1 1 -1 -1 0 0 0 -1 -1 -1 -1 
-1 -1 -1 1 1 -1 -1 -1 0 0 0 -1 -1 -1 -1 
-1 -1 -1 1 1 -1 -1 -1 0 0 0 -1 -1 -1 -1 
-1 -1 -1 1 1 -1 -1 -1 0 0 0 -1 -1 -1 -1 
-1 -1 -1 1 1 -1 -1 -1 0 0 -1 -1 -1 -1 -1 
-1 -1 -1 1 1 -1 -1 -1 0 0 -1 -1 -1 -1 -1 
-1 -1 -1 1 1 -1 -1 -1 0 0 -1 -1 -1 -1 -1 
-1 -1 -1 1 1 -1 -1 -1 0 0 -1 -1 -1 -1 -1 
-1 -1 -1 1 1 -1 -1 -1 0 0 -1 -1 -1 -1 -1 
-1 -1 -1 1 1 -1 -1 -1 0 0 -1 -1 -1 -1 -1 
-1 -1 -1 1 1 -1 -1 -1 0 0 -1 -1 -1 -1 -1 
END
15 1
2 7
5 2
-1 -1 1 1 1 1 -1 0 0 0 0 -1 -1 -1 -1 
-1 -1 1 1 1 1 -1 0 0 0 0 -1 -1 -1 -1 
-1 -1 1 1 1 1 -1 0 0 0 0 -1 -1 -1 -1 
-1 -1 1 1 1 1 -1 -1 0 0 0 -1 -1 -1 -1 
-1 -1 1 1 1 1 -1 -1 0 0 0 -1 -1 -1 -1 
-1 -1 1 1 1 -1 -1 -1 0 0 0 -1 -1 -1 -1 
-1 -1 -1 1 1 -1 -1 -1 0 0 0 -1 -1 -1 -1 
-1 -1 -1 1 1 -1 -1 -1 0 0 0 -1 -1 -1 -1 
-1 -1 -1 1 1 -1 -1 -1 0 0 -1 -1 -1 -1 -1 
-1 -1 -1 1 1 -1 -1 -1 0 0 -1 -1 -1 -1 -1 
-1 -1 -1 1 1 -1 -1 -1 0 0 -1 -1 -1 -1 -1 
-1 -1 -1 1 1 -1 -1 -1 0 0 -1 -1 -1 -1 -1 
-1 -1 -1 1 1 -1 -1 -1 0 0 -1 -1 -1 -1 -1 
-1 -1 -1 1 1 -1 -1 -1 0 0 -1 -1 -1 -1 -1 
-1 -1 -1 1 1 -1 -1 -1 0 0 -1 -1 -1 -1 -1 
END
15 1
3 7
6 2
-1 -1 1 1 1 1 -1 0 0 0 0 -1 -1 -1 -1 
-1 -1 1 1 1 1 -1 0 0 0 0 -1 -1 -1 -1 
-1 -1 1 1 1 1 -1 0 0 0 0 -1 -1 -1 -1 
-1 -1 1 1 1 1 -1 0 0 0 0 -1 -1 -1 -1 
-1 -1 1 1 1 1 -1 -1 0 0 0 -1 -1 -1 -1 
-1 -1 1 1 1 -1 -1 -1 0 0 0 -1 -1 -1 -1 
-1 -1 1 1 1 -1 -1 -1 0 0 0 -1 -1 -1 -1 
-1 -1 -1 1 1 -1 -1 -1 0 0 0 -1 -1 -1 -1 
-1 -1 -1 1 1 -1 -1 -1 0 0 -1 -1 -1 -1 -1 
-1 -1 -1 1 1 -1 -1 -1 0 0 -1 -1 -1 -1 -1 
-1 -1 -1 1 1 -1 -1 -1 0 0 -1 -1 -1 -1 -1 
-1 -1 -1 1 1 -1 -1 -1 0 0 -1 -1 -1 -1 -1 
-1 -1 -1 1 1 -1 -1 -1 0 0 -1 -1 -1 -1 -1 
-1 -1 -1 1 1 -1 -1 -1 0 0 -1 -1 -1 -1 -1 
-1 -1 -1 1 1 -1 -1 -1 0 0 -1 -1 -1 -1 -1 
END
15 1
4 7
7 2
-1 -1 1 1 1 1 -1 0 0 0 0 -1 -1 -1 -1 
-1 -1 1 1 1 1 -1 0 0 0 0 -1 -1 -1 -1 
-1 -1 1 1 1 1 -1 0 0 0 0 -1 -1 -1 -1 
-1 -1 1 1 1 1 -1 0 0 0 0 -1 -1 -1 -1 
-1 -1 1 1 1 1 -1 0 0 0 0 -1 -1 -1 -1 
-1 -1 1 1 1 -1 -1 -1 0 0 0 -1 -1 -1 -1 
-1 -1 1 1 1 -1 -1 -1 0 0 0 -1 -1 -1 -1 
-1 -1 1 1 1 -1 -1 -1 0 0 0 -1 -1 -1 -1 
-1 -1 -1 1 1 -1 -1 -1 0 0 -1 -1 -1 -1 -1 
-1 -1 -1 1 1 -1 -1 -1 0 0 -1 -1 -1 -1 -1 
-1 -1 -1 1 1 -1 -1 -1 0 0 -1 -1 -1 -1 -1 
-1 -1 -1 1 1 -1 -1 -1 0 0 -1 -1 -1 -1 -1 
-1 -1 -1 1 1 -1 -1 -1 0 0 -1 -1 -1 -1 -1 
-1 -1 -1 1 1 -1 -1 -1 0 0 -1 -1 -1 -1 -1 
-1 -1 -1 1 1 -1 -1 -1 0 0 -1 -1 -1 -1 -1 
END
15 1
5 7
8 2
-1 -1 1 1 1 1 -1 0 0 0 0 -1 -1 -1 -1 
-1 -1 1 1 1 1 -1 0 0 0 0 -1 -1 -1 -1 
-1 -1 1 1 1 1 -1 0 0 0 0 -1 -1 -1 -1 
-1 -1 1 1 1 1 -1 0 0 0 0 -1 -1 -1 -1 
-1 -1 1 1 1 1 -1 0 0 0 0 -1 -1 -1 -1 
-1 -1 1 1 1 -1 -1 0 0 0 0 -1 -1 -1 -1 
-1 -1 1 1 1 -1 -1 -1 0 0 0 -1 -1 -1 -1 
-1 -1 1 1 1 -1 -1 -1 0 0 0 -1 -1 -1 -1 
-1 -1 1 1 1 -1 -1 -1 0 0 -1 -1 -1 -1 -1 
-1 -1 -1 1 1 -1 -1 -1 0 0 -1 -1 -1 -1 -1 
-1 -1 -1 1 1 -1 -1 -1 0 0 -1 -1 -1 -1 -1 
-1 -1 -1 1 1 -1 -1 -1 0 0 -1 -1 -1 -1 -1 
-1 -1 -1 1 1 -1 -1 -1 0 0 -1 -1 -1 -1 -1 
-1 -1 -1 1 1 -1 -1 -1 0 0 -1 -1 -1 -1 -1 
-1 -1 -1 1 1 -1 -1 -1 0 0 -1 -1 -1 -1 -1 
END
15 1
6 7
9 2
-1 -1 1 1 1 1 -1 0 0 0 0 -1 -1 -1 -1 
-1 -1 1 1 1 1 -1 0 0 0 0 -1 -1 -1 -1 
-1 -1 1 1 1 1 -1 0 0 0 0 -1 -1 -1 -1 
-1 -1 1 1 1 1 -1 0 0 0 0 -1 -1 -1 -1 
-1 -1 1 1 1 1 -1 0 0 0 0 -1 -1 -1 -1 
-1 -1 1 1 1 -1 -1 0 0 0 0 -1 -1 -1 -1 
-1 -1 1 1 1 -1 -1 0 0 0 0 -1 -1 -1 -1 
-1 -1 1 1 1 -1 -1 -1 0 0 0 -1 -1 -1 -1 
-1 -1 1 1 1 -1 -1 -1 0 0 -1 -1 -1 -1 -1 
-1 -1 1 1 1 -1 -1 -1 0 0 -1 -1 -1 -1 -1 
-1 -1 -1 1 1 -1 -1 -1 0 0 -1 -1 -1 -1 -1 
-1 -1 -1 1 1 -1 -1 -1 0 0 -1 -1 -1 -1 -1 
-1 -1 -1 1 1 -1 -1 -1 0 0 -1 -1 -1 -1 -1 
-1 -1 -1 1 1 -1 -1 -1 0 0 -1 -1 -1 -1 -1 
-1 -1 -1 1 1 -1 -1 -1 0 0 -1 -1 -1 -1 -1 
END
15 1
7 7
10 2
-1 -1 1 1 1 1 -1 0 0 0 0 -1 -1 -1 -1 
-1 -1 1 1 1 1 -1 0 0 0 0 -1 -1 -1 -1 
-1 -1 1 1 1 1 -1 0 0 0 0 -1 -1 -1 -1 
-1 -1 1 1 1 1 -1 0 0 0 0 -1 -1 -1 -1 
-1 -1 1 1 1 1 -1 0 0 0 0 -1 -1 -1 -1 
-1 -1 1 1 1 -1 -1 0 0 0 0 -1 -1 -1 -1 
-1 -1 1 1 1 -1 -1 0 0 0 0 -1 -1 -1 -1 
-1 -1 1 1 1 -1 -1 0 0 0 0 -1 -1 -1 -1 
-1 -1 1 1 1 -1 -1 -1 0 0 -1 -1 -1 -1 -1 
-1 -1 1 1 1 -1 -1 -1 0 0 -1 -1 -1 -1 -1 
-1 -1 1 1 1 -1 -1 -1 0 0 -1 -1 -1 -1 -1 
-1 -1 -1 1 1 -1 -1 -1 0 0 -1 -1 -1 -1 -1 
-1 -1 -1 1 1 -1 -1 -1 0 0 -1 -1 -1 -1 -1 
-1 -1 -1 1 1 -1 -1 -1 0 0 -1 -1 -1 -1 -1 
-1 -1 -1 1 1 -1 -1 -1 0 0 -1 -1 -1 -1 -1 
END
15 1
8 7
11 2
-1 -1 1 1 1 1 -1 0 0 0 0 -1 -1 -1 -1 
-1 -1 1 1 1 1 -1 0 0 0 0 -1 -1 -1 -1 
-1 -1 1 1 1 1 -1 0 0 0 0 -1 -1 -1 -1 
-1 -1 1 1 1 1 -1 0 0 0 0 -1 -1 -1 -1 
-1 -1 1 1 1 1 -1 0 0 0 0 -1 -1 -1 -1 
-1 -1 1 1 1 -1 -1 0 0 0 0 -1 -1 -1 -1 
-1 -1 1 1 1 -1 -1 0 0 0 0 -1 -1 -1 -1 
-1 -1 1 1 1 -1 -1 0 0 0 0 -1 -1 -1 -1 
-1 -1 1 1 1 -1 -1 0 0 0 -1 -1 -1 -1 -1 
-1 -1 1 1 1 -1 -1 -1 0 0 -1 -1 -1 -1 -1 
-1 -1 1 1 1 -1 -1 -1 0 0 -1 -1 -1 -1 -1 
-1 -1 1 1 1 -1 -1 -1 0 0 -1 -1 -1 -1 -1 
-1 -1 -1 1 1 -1 -1 -1 0 0 -1 -1 -1 -1 -1 
-1 -1 -1 1 1 -1 -1 -1 0 0 -1 -1 -1 -1 -1 
-1 -1 -1 1 1 -1 -1 -1 0 0 -1 -1 -1 -1 -1 
END
15 1
9 7
12 2
-1 -1 1 1 1 1 -1 0 0 0 0 -1 -1 -1 -1 
-1 -1 1 1 1 1 -1 0 0 0 0 -1 -1 -1 -1 
-1 -1 1 1 1 1 -1 0 0 0 0 -1 -1 -1 -1 
-1 -1 1 1 1 1 -1 0 0 0 0 -1 -1 -1 -1 
-1 -1 1 1 1 1 -1 0 0 0 0 -1 -1 -1 -1 
-1 -1 1 1 1 -1 -1 0 0 0 0 -1 -1 -1 -1 
-1 -1 1 1 1 -1 -1 0 0 0 0 -1 -1 -1 -1 
-1 -1 1 1 1 -1 -1 0 0 0 0 -1 -1 -1 -1 
-1 -1 1 1 1 -1 -1 0 0 0 -1 -1 -1 -1 -1 
-1 -1 1 1 1 -1 -1 0 0 0 -1 -1 -1 -1 -1 
-1 -1 1 1 1 -1 -1 -1 0 0 -1 -1 -1 -1 -1 
-1 -1 1 1 1 -1 -1 -1 0 0 -1 -1 -1 -1 -1 
-1 -1 1 1 1 -1 -1 -1 0 0 -1 -1 -1 -1 -1 
-1 -1 -1 1 1 -1 -1 -1 0 0 -1 -1 -1 -1 -1 
-1 -1 -1 1 1 -1 -1 -1 0 0 -1 -1 -1 -1 -1 
END
15 1
10 7
13 2
-1 -1 1 1 1 1 -1 0 0 0 0 -1 -1 -1 -1 
-1 -1 1 1 1 1 -1 0 0 0 0 -1 -1 -1 -1 
-1 -1 1 1 1 1 -1 0 0 0 0 -1 -1 -1 -1 
-1 -1 1 1 1 1 -1 0 0 0 0 -1 -1 -1 -1 
-1 -1 1 1 1 1 -1 0 0 0 0 -1 -1 -1 -1 
-1 -1 1 1 1 -1 -1 0 0 0 0 -1 -1 -1 -1 
-1 -1 1 1 1 -1 -1 0 0 0 0 -1 -1 -1 -1 
-1 -1 1 1 1 -1 -1 0 0 0 0 -1 -1 -1 -1 
-1 -1 1 1 1 -1 -1 0 0 0 -1 -1 -1 -1 -1 
-1 -1 1 1 1 -1 -1 0 0 0 -1 -1 -1 -1 -1 
-1 -1 1 1 1 -1 -1 0 0 0 -1 -1 -1 -1 -1 
-1 -1 1 1 1 -1 -1 -1 0 0 -1 -1 -1 -1 -1 
-1 -1 1 1 1 -1 -1 -1 0 0 -1 -1 -1 -1 -1 
-1 -1 1 1 1 -1 -1 -1 0 0 -1 -1 -1 -1 -1 
-1 -1 -1 1 1 -1 -1 -1 0 0 -1 -1 -1 -1 -1 
END
15 1
11 7
14 2
-1 -1 1 1 1 1 -1 0 0 0 0 -1 -1 -1 -1 
-1 -1 1 1 1 1 -1 0 0 0 0 -1 -1 -1 -1 
-1 -1 1 1 1 1 -1 0 0 0 0 -1 -1 -1 -1 
-1 -1 1 1 1 1 -1 0 0 0 0 -1 -1 -1 -1 
-1 -1 1 1 1 1 -1 0 0 0 0 -1 -1 -1 -1 
-1 -1 1 1 1 -1 -1 0 0 0 0 -1 -1 -1 -1 
-1 -1 1 1 1 -1 -1 0 0 0 0 -1 -1 -1 -1 
-1 -1 1 1 1 -1 -1 0 0 0 0 -1 -1 -1 -1 
-1 -1 1 1 1 -1 -1 0 0 0 -1 -1 -1 -1 -1 
-1 -1 1 1 1 -1 -1 0 0 0 -1 -1 -1 -1 -1 
-1 -1 1 1 1 -1 -1 0 0 0 -1 -1 -1 -1 -1 
-1 -1 1 1 1 -1 -1 0 0 0 -1 -1 -1 -1 -1 
-1 -1 1 1 1 -1 -1 -1 0 0 -1 -1 -1 -1 -1 
-1 -1 1 1 1 -1 -1 -1 0 0 -1 -1 -1 -1 -1 
-1 -1 1 1 1 -1 -1 -1 0 0 -1 -1 -1 -1 -1 
END
15 1
12 7
14 1
-1 -1 1 1 1 1 -1 0 0 0 0 -1 -1 -1 -1 
-1 -1 1 1 1 1 -1 0 0 0 0 -1 -1 -1 -1 
-1 -1 1 1 1 1 -1 0 0 0 0 -1 -1 -1 -1 
-1 -1 1 1 1 1 -1 0 0 0 0 -1 -1 -1 -1 
-1 -1 1 1 1 1 -1 0 0 0 0 -1 -1 -1 -1 
-1 -1 1 1 1 -1 -1 0 0 0 0 -1 -1 -1 -1 
-1 -1 1 1 1 -1 -1 0 0 0 0 -1 -1 -1 -1 
-1 -1 1 1 1 -1 -1 0 0 0 0 -1 -1 -1 -1 
-1 -1 1 1 1 -1 -1 0 0 0 -1 -1 -1 -1 -1 
-1 -1 1 1 1 -1 -1 0 0 0 -1 -1 -1 -1 -1 
-1 -1 1 1 1 -1 -1 0 0 0 -1 -1 -1 -1 -1 
-1 -1 1 1 1 -1 -1 0 0 0 -1 -1 -1 -1 -1 
-1 -1 1 1 1 -1 -1 0 0 0 -1 -1 -1 -1 -1 
-1 -1 1 1 1 -1 -1 -1 0 0 -1 -1 -1 -1 -1 
-1 1 1 1 1 -1 -1 -1 0 0 -1 -1 -1 -1 -1 
END
15 1
13 7
13 1
-1 -1 1 1 1 1 -1 0 0 0 0 -1 -1 -1 -1 
-1 -1 1 1 1 1 -1 0 0 0 0 -1 -1 -1 -1 
-1 -1 1 1 1 1 -1 0 0 0 0 -1 -1 -1 -1 
-1 -1 1 1 1 1 -1 0 0 0 0 -1 -1 -1 -1 
-1 -1 1 1 1 1 -1 0 0 0 0 -1 -1 -1 -1 
-1 -1 1 1 1 -1 -1 0 0 0 0 -1 -1 -1 -1 
-1 -1 1 1 1 -1 -1 0 0 0 0 -1 -1 -1 -1 
-1 -1 1 1 1 -1 -1 0 0 0 0 -1 -1 -1 -1 
-1 -1 1 1 1 -1 -1 0 0 0 -1 -1 -1 -1 -1 
-1 -1 1 1 1 -1 -1 0 0 0 -1 -1 -1 -1 -1 
-1 -1 1 1 1 -1 -1 0 0 0 -1 -1 -1 -1 -1 
-1 -1 1 1 1 -1 -1 0 0 0 -1 -1 -1 -1 -1 
-1 -1 1 1 1 -1 -1 0 0 0 -1 -1 -1 -1 -1 
-1 1 1 1 1 -1 -1 0 0 0 -1 -1 -1 -1 -1 
-1 1 1 1 1 -1 -1 -1 0 0 -1 -1 -1 -1 -1 
END
15 1
14 7
12 1
-1 -1 1 1 1 1 -1 0 0 0 0 -1 -1 -1 -1 
-1 -1 1 1 1 1 -1 0 0 0 0 -1 -1 -1 -1 
-1 -1 1 1 1 1 -1 0 0 0 0 -1 -1 -1 -1 
-1 -1 1 1 1 1 -1 0 0 0 0 -1 -1 -1 -1 
-1 -1 1 1 1 1 -1 0 0 0 0 -1 -1 -1 -1 
-1 -1 1 1 1 -1 -1 0 0 0 0 -1 -1 -1 -1 
-1 -1 1 1 1 -1 -1 0 0 0 0 -1 -1 -1 -1 
-1 -1 1 1 1 -1 -1 0 0 0 0 -1 -1 -1 -1 
-1 -1 1 1 1 -1 -1 0 0 0 -1 -1 -1 -1 -1 
-1 -1 1 1 1 -1 -1 0 0 0 -1 -1 -1 -1 -1 
-1 -1 1 1 1 -1 -1 0 0 0 -1 -1 -1 -1 -1 
-1 -1 1 1 1 -1 -1 0 0 0 -1 -1 -1 -1 -1 
-1 1 1 1 1 -1 -1 0 0 0 -1 -1 -1 -1 -1 
-1 1 1 1 1 -1 -1 0 0 0 -1 -1 -1 -1 -1 
-1 1 1 1 1 -1 -1 0 0 0 -1 -1 -1 -1 -1 
END
15 1
14 6
11 1
-1 -1 1 1 1 1 -1 0 0 0 0 -1 -1 -1 -1 
-1 -1 1 1 1 1 -1 0 0 0 0 -1 -1 -1 -1 
-1 -1 1 1 1 1 -1 0 0 0 0 -1 -1 -1 -1 
-1 -1 1 1 1 1 -1 0 0 0 0 -1 -1 -1 -1 
-1 -1 1 1 1 1 -1 0 0 0 0 -1 -1 -1 -1 
-1 -1 1 1 1 -1 -1 0 0 0 0 -1 -1 -1 -1 
-1 -1 1 1 1 -1 -1 0 0 0 0 -1 -1 -1 -1 
-1 -1 1 1 1 -1 -1 0 0 0 0 -1 -1 -1 -1 
-1 -1 1 1 1 -1 -1 0 0 0 -1 -1 -1 -1 -1 
-1 -1 1 1 1 -1 -1 0 0 0 -1 -1 -1 -1 -1 
-1 -1 1 1 1 -1 -1 0 0 0 -1 -1 -1 -1 -1 
-1 1 1 1 1 -1 -1 0 0 0 -1 -1 -1 -1 -1 
-1 1 1 1 1 -1 -1 0 0 0 -1 -1 -1 -1 -1 
-1 1 1 1 1 -1 -1 0 0 0 -1 -1 -1 -1 -1 
-1 1 1 1 1 -1 0 0 0 0 -1 -1 -1 -1 -1 
END
15 1
13 6
10 1
-1 -1 1 1 1 1 -1 0 0 0 0 -1 -1 -1 -1 
-1 -1 1 1 1 1 -1 0 0 0 0 -1 -1 -1 -1 
-1 -1 1 1 1 1 -1 0 0 0 0 -1 -1 -1 -1 
-1 -1 1 1 1 1 -1 0 0 0 0 -1 -1 -1 -1 
-1 -1 1 1 1 1 -1 0 0 0 0 -1 -1 -1 -1 
-1 -1 1 1 1 -1 -1 0 0 0 0 -1 -1 -1 -1 
-1 -1 1 1 1 -1 -1 0 0 0 0 -1 -1 -1 -1 
-1 -1 1 1 1 -1 -1 0 0 0 0 -1 -1 -1 -1 
-1 -1 1 1 1 -1 -1 0 0 0 -1 -1 -1 -1 -1 
-1 -1 1 1 1 -1 -1 0 0 0 -1 -1 -1 -1 -1 
-1 1 1 1 1 -1 -1 0 0 0 -1 -1 -1 -1 -1 
-1 1 1 1 1 -1 -1 0 0 0 -1 -1 -1 -1 -1 
-1 1 1 1 1 -1 -1 0 0 0 -1 -1 -1 -1 -1 
-1 1 1 1 1 -1 0 0 0 0 -1 -1 -1 -1 -1 
-1 1 1 1 1 -1 0 0 0 0 -1 -1 -1 -1 -1 
END
15 1
12 6
9 1
-1 -1 1 1 1 1 -1 0 0 0 0 -1 -1 -1 -1 
-1 -1 1 1 1 1 -1 0 0 0 0 -1 -1 -1 -1 
-1 -1 1 1 1 1 -1 0 0 0 0 -1 -1 -1 -1 
-1 -1 1 1 1 1 -1 0 0 0 0 -1 -1 -1 -1 
-1 -1 1 1 1 1 -1 0 0 0 0 -1 -1 -1 -1 
-1 -1 1 1 1 -1 -1 0 0 0 0 -1 -1 -1 -1 
-1 -1 1 1 1 -1 -1 0 0 0 0 -1 -1 -1 -1 
-1 -1 1 1 1 -1 -1 0 0 0 0 -1 -1 -1 -1 
-1 -1 1 1 1 -1 -1 0 0 0 -1 -1 -1 -1 -1 
-1 1 1 1 1 -1 -1 0 0 0 -1 -1 -1 -1 -1 
-1 1 1 1 1 -1 -1 0 0 0 -1 -1 -1 -1 -1 
-1 1 1 1 1 -1 -1 0 0 0 -1 -1 -1 -1 -1 
-1 1 1 1 1 -1 0 0 0 0 -1 -1 -1 -1 -1 
-1 1 1 1 1 -1 0 0 0 0 -1 -1 -1 -1 -1 
-1 1 1 1 1 -1 0 0 0 0 -1 -1 -1 -1 -1 
END
15 1
11 6
8 1
-1 -1 1 1 1 1 -1 0 0 0 0 -1 -1 -1 -1 
-1 -1 1 1 1 1 -1 0 0 0 0 -1 -1 -1 -1 
-1 -1 1 1 1 1 -1 0 0 0 0 -1 -1 -1 -1 
-1 -1 1 1 1 1 -1 0 0 0 0 -1 -1 -1 -1 
-1 -1 1 1 1 1 -1 0 0 0 0 -1 -1 -1 -1 
-1 -1 1 1 1 -1 -1 0 0 0 0 -1 -1 -1 -1 
-1 -1 1 1 1 -1 -1 0 0 0 0 -1 -1 -1 -1 
-1 -1 1 1 1 -1 -1 0 0 0 0 -1 -1 -1 -1 
-1 1 1 1 1 -1 -1 0 0 0 -1 -1 -1 -1 -1 
-1 1 1 1 1 -1 -1 0 0 0 -1 -1 -1 -1 -1 
-1 1 1 1 1 -1 -1 0 0 0 -1 -1 -1 -1 -1 
-1 1 1 1 1 -1 0 0 0 0 -1 -1 -1 -1 -1 
-1 1 1 1 1 -1 0 0 0 0 -1 -1 -1 -1 -1 
-1 1 1 1 1 -1 0 0 0 0 -1 -1 -1 -1 -1 
-1 1 1 1 1 -1 0 0 0 0 -1 -1 -1 -1 -1 
END
15 1
10 6
7 1
-1 -1 1 1 1 1 -1 0 0 0 0 -1 -1 -1 -1 
-1 -1 1 1 1 1 -1 0 0 0 0 -1 -1 -1 -1 
-1 -1 1 1 1 1 -1 0 0 0 0 -1 -1 -1 -1 
-1 -1 1 1 1 1 -1 0 0 0 0 -1 -1 -1 -1 
-1 -1 1 1 1 1 -1 0 0 0 0 -1 -1 -1 -1 
-1 -1 1 1 1 -1 -1 0 0 0 0 -1 -1 -1 -1 
-1 -1 1 1 1 -1 -1 0 0 0 0 -1 -1 -1 -1 
-1 1 1 1 1 -1 -1 0 0 0 0 -1 -1 -1 -1 
-1 1 1 1 1 -1 -1 0 0 0 -1 -1 -1 -1 -1 
-1 1 1 1 1 -1 -1 0 0 0 -1 -1 -1 -1 -1 
-1 1 1 1 1 -1 0 0 0 0 -1 -1 -1 -1 -1 
-1 1 1 1 1 -1 0 0 0 0 -1 -1 -1 -1 -1 
-1 1 1 1 1 -1 0 0 0 0 -1 -1 -1 -1 -1 
-1 1 1 1 1 -1 0 0 0 0 -1 -1 -1 -1 -1 
-1 1 1 1 1 -1 0 0 0 0 -1 -1 -1 -1 -1 
END
15 1
9 6
6 1
-1 -1 1 1 1 1 -1 0 0 0 0 -1 -1 -1 -1 
-1 -1 1 1 1 1 -1 0 0 0 0 -1 -1 -1 -1 
-1 -1 1 1 1 1 -1 0 0 0 0 -1 -1 -1 -1 
-1 -1 1 1 1 1 -1 0 0 0 0 -1 -1 -1 -1 
-1 -1 1 1 1 1 -1 0 0 0 0 -1 -1 -1 -1 
-1 -1 1 1 1 -1 -1 0 0 0 0 -1 -1 -1 -1 
-1 1 1 1 1 -1 -1 0 0 0 0 -1 -1 -1 -1 
-1 1 1 1 1 -1 -1 0 0 0 0 -1 -1 -1 -1 
-1 1 1 1 1 -1 -1 0 0 0 -1 -1 -1 -1 -1 
-1 1 1 1 1 -1 0 0 0 0 -1 -1 -1 -1 -1 
-1 1 1 1 1 -1 0 0 0 0 -1 -1 -1 -1 -1 
-1 1 1 1 1 -1 0 0 0 0 -1 -1 -1 -1 -1 
-1 1 1 1 1 -1 0 0 0 0 -1 -1 -1 -1 -1 
-1 1 1 1 1 -1 0 0 0 0 -1 -1 -1 -1 -1 
-1 1 1 1 1 -1 0 0 0 0 -1 -1 -1 -1 -1 
END
15 1
8 6
5 1
-1 -1 1 1 1 1 -1 0 0 0 0 -1 -1 -1 -1 
-1 -1 1 1 1 1 -1 0 0 0 0 -1 -1 -1 -1 
-1 -1 1 1 1 1 -1 0 0 0 0 -1 -1 -1 -1 
-1 -1 1 1 1 1 -1 0 0 0 0 -1 -1 -1 -1 
-1 -1 1 1 1 1 -1 0 0 0 0 -1 -1 -1 -1 
-1 1 1 1 1 -1 -1 0 0 0 0 -1 -1 -1 -1 
-1 1 1 1 1 -1 -1 0 0 0 0 -1 -1 -1 -1 
-1 1 1 1 1 -1 -1 0 0 0 0 -1 -1 -1 -1 
-1 1 1 1 1 -1 0 0 0 0 -1 -1 -1 -1 -1 
-1 1 1 1 1 -1 0 0 0 0 -1 -1 -1 -1 -1 
-1 1 1 1 1 -1 0 0 0 0 -1 -1 -1 -1 -1 
-1 1 1 1 1 -1 0 0 0 0 -1 -1 -1 -1 -1 
-1 1 1 1 1 -1 0 0 0 0 -1 -1 -1 -1 -1 
-1 1 1 1 1 -1 0 0 0 0 -1 -1 -1 -1 -1 
-1 1 1 1 1 -1 0 0 0 0 -1 -1 -1 -1 -1 
END
15 1
7 6
4 1
-1 -1 1 1 1 1 -1 0 0 0 0 -1 -1 -1 -1 
-1 -1 1 1 1 1 -1 0 0 0 0 -1 -1 -1 -1 
-1 -1 1 1 1 1 -1 0 0 0 0 -1 -1 -1 -1 
-1 -1 1 1 1 1 -1 0 0 0 0 -1 -1 -1 -1 
-1 1 1 1 1 1 -1 0 0 0 0 -1 -1 -1 -1 
-1 1 1 1 1 -1 -1 0 0 0 0 -1 -1 -1 -1 
-1 1 1 1 1 -1 -1 0 0 0 0 -1 -1 -1 -1 
-1 1 1 1 1 -1 0 0 0 0 0 -1 -1 -1 -1 
-1 1 1 1 1 -1 0 0 0 0 -1 -1 -1 -1 -1 
-1 1 1 1 1 -1 0 0 0 0 -1 -1 -1 -1 -1 
-1 1 1 1 1 -1 0 0 0 0 -1 -1 -1 -1 -1 
-1 1 1 1 1 -1 0 0 0 0 -1 -1 -1 -1 -1 
-1 1 1 1 1 -1 0 0 0 0 -1 -1 -1 -1 -1 
-1 1 1 1 1 -1 0 0 0 0 -1 -1 -1 -1 -1 
-1 1 1 1 1 -1 0 0 0 0 -1 -1 -1 -1 -1 
END
15 1
6 6
3 1
-1 -1 1 1 1 1 -1 0 0 0 0 -1 -1 -1 -1 
-1 -1 1 1 1 1 -1 0 0 0 0 -1 -1 -1 -1 
-1 -1 1 1 1 1 -1 0 0 0 0 -1 -1 -1 -1 
-1 1 1 1 1 1 -1 0 0 0 0 -1 -1 -1 -1 
-1 1 1 1 1 1 -1 0 0 0 0 -1 -1 -1 -1 
-1 1 1 1 1 -1 -1 0 0 0 0 -1 -1 -1 -1 
-1 1 1 1 1 -1 0 0 0 0 0 -1 -1 -1 -1 
-1 1 1 1 1 -1 0 0 0 0 0 -1 -1 -1 -1 
-1 1 1 1 1 -1 0 0 0 0 -1 -1 -1 -1 -1 
-1 1 1 1 1 -1 0 0 0 0 -1 -1 -1 -1 -1 
-1 1 1 1 1 -1 0 0 0 0 -1 -1 -1 -1 -1 
-1 1 1 1 1 -1 0 0 0 0 -1 -1 -1 -1 -1 
-1 1 1 1 1 -1 0 0 0 0 -1 -1 -1 -1 -1 
-1 1 1 1 1 -1 0 0 0 0 -1 -1 -1 -1 -1 
-1 1 1 1 1 -1 0 0 0 0 -1 -1 -1 -1 -1 
END
15 1
5 6
2 1
-1 -1 1 1 1 1 -1 0 0 0 0 -1 -1 -1 -1 
-1 -1 1 1 1 1 -1 0 0 0 0 -1 -1 -1 -1 
-1 1 1 1 1 1 -1 0 0 0 0 -1 -1 -1 -1 
-1 1 1 1 1 1 -1 0 0 0 0 -1 -1 -1 -1 
-1 1 1 1 1 1 -1 0 0 0 0 -1 -1 -1 -1 
-1 1 1 1 1 -1 0 0 0 0 0 -1 -1 -1 -1 
-1 1 1 1 1 -1 0 0 0 0 0 -1 -1 -1 -1 
-1 1 1 1 1 -1 0 0 0 0 0 -1 -1 -1 -1 
-1 1 1 1 1 -1 0 0 0 0 -1 -1 -1 -1 -1 
-1 1 1 1 1 -1 0 0 0 0 -1 -1 -1 -1 -1 
-1 1 1 1 1 -1 0 0 0 0 -1 -1 -1 -1 -1 
-1 1 1 1 1 -1 0 0 0 0 -1 -1 -1 -1 -1 
-1 1 1 1 1 -1 0 0 0 0 -1 -1 -1 -1 -1 
-1 1 1 1 1 -1 0 0 0 0 -1 -1 -1 -1 -1 
-1 1 1 1 1 -1 0 0 0 0 -1 -1 -1 -1 -1 
END
15 1
4 6
1 1
-1 -1 1 1 1 1 -1 0 0 0 0 -1 -1 -1 -1 
-1 1 1 1 1 1 -1 0 0 0 0 -1 -1 -1 -1 
-1 1 1 1 1 1 -1 0 0 0 0 -1 -1 -1 -1 
-1 1 1 1 1 1 -1 0 0 0 0 -1 -1 -1 -1 
-1 1 1 1 1 1 0 0 0 0 0 -1 -1 -1 -1 
-1 1 1 1 1 -1 0 0 0 0 0 -1 -1 -1 -1 
-1 1 1 1 1 -1 0 0 0 0 0 -1 -1 -1 -1 
-1 1 1 1 1 -1 0 0 0 0 0 -1 -1 -1 -1 
-1 1 1 1 1 -1 0 0 0 0 -1 -1 -1 -1 -1 
-1 1 1 1 1 -1 0 0 0 0 -1 -1 -1 -1 -1 
-1 1 1 1 1 -1 0 0 0 0 -1 -1 -1 -1 -1 
-1 1 1 1 1 -1 0 0 0 0 -1 -1 -1 -1 -1 
-1 1 1 1 1 -1 0 0 0 0 -1 -1 -1 -1 -1 
-1 1 1 1 1 -1 0 0 0 0 -1 -1 -1 -1 -1 
-1 1 1 1 1 -1 0 0 0 0 -1 -1 -1 -1 -1 
END
15 1
3 6
0 1
-1 1 1 1 1 1 -1 0 0 0 0 -1 -1 -1 -1 
-1 1 1 1 1 1 -1 0 0 0 0 -1 -1 -1 -1 
-1 1 1 1 1 1 -1 0 0 0 0 -1 -1 -1 -1 
-1 1 1 1 1 1 0 0 0 0 0 -1 -1 -1 -1 
-1 1 1 1 1 1 0 0 0 0 0 -1 -1 -1 -1 
-1 1 1 1 1 -1 0 0 0 0 0 -1 -1 -1 -1 
-1 1 1 1 1 -1 0 0 0 0 0 -1 -1 -1 -1 
-1 1 1 1 1 -1 0 0 0 0 0 -1 -1 -1 -1 
-1 1 1 1 1 -1 0 0 0 0 -1 -1 -1 -1 -1 
-1 1 1 1 1 -1 0 0 0 0 -1 -1 -1 -1 -1 
-1 1 1 1 1 -1 0 0 0 0 -1 -1 -1 -1 -1 
-1 1 1 1 1 -1 0 0 0 0 -1 -1 -1 -1 -1 
-1 1 1 1 1 -1 0 0 0 0 -1 -1 -1 -1 -1 
-1 1 1 1 1 -1 0 0 0 0 -1 -1 -1 -1 -1 
-1 1 1 1 1 -1 0 0 0 0 -1 -1 -1 -1 -1 
END
15 1
2 6
0 0
1 1 1 1 1 1 -1 0 0 0 0 -1 -1 -1 -1 
-1 1 1 1 1 1 -1 0 0 0 0 -1 -1 -1 -1 
-1 1 1 1 1 1 0 0 0 0 0 -1 -1 -1 -1 
-1 1 1 1 1 1 0 0 0 0 0 -1 -1 -1 -1 
-1 1 1 1 1 1 0 0 0 0 0 -1 -1 -1 -1 
-1 1 1 1 1 -1 0 0 0 0 0 -1 -1 -1 -1 
-1 1 1 1 1 -1 0 0 0 0 0 -1 -1 -1 -1 
-1 1 1 1 1 -1 0 0 0 0 0 -1 -1 -1 -1 
-1 1 1 1 1 -1 0 0 0 0 -1 -1 -1 -1 -1 
-1 1 1 1 1 -1 0 0 0 0 -1 -1 -1 -1 -1 
-1 1 1 1 1 -1 0 0 0 0 -1 -1 -1 -1 -1 
-1 1 1 1 1 -1 0 0 0 0 -1 -1 -1 -1 -1 
-1 1 1 1 1 -1 0 0 0 0 -1 -1 -1 -1 -1 
-1 1 1 1 1 -1 0 0 0 0 -1 -1 -1 -1 -1 
-1 1 1 1 1 -1 0 0 0 0 -1 -1 -1 -1 -1 
END
15 1
1 6
1 0
1 1 1 1 1 1 -1 0 0 0 0 -1 -1 -1 -1 
1 1 1 1 1 1 0 0 0 0 0 -1 -1 -1 -1 
-1 1 1 1 1 1 0 0 0 0 0 -1 -1 -1 -1 
-1 1 1 1 1 1 0 0 0 0 0 -1 -1 -1 -1 
-1 1 1 1 1 1 0 0 0 0 0 -1 -1 -1 -1 
-1 1 1 1 1 -1 0 0 0 0 0 -1 -1 -1 -1 
-1 1 1 1 1 -1 0 0 0 0 0 -1 -1 -1 -1 
-1 1 1 1 1 -1 0 0 0 0 0 -1 -1 -1 -1 
-1 1 1 1 1 -1 0 0 0 0 -1 -1 -1 -1 -1 
-1 1 1 1 1 -1 0 0 0 0 -1 -1 -1 -1 -1 
-1 1 1 1 1 -1 0 0 0 0 -1 -1 -1 -1 -1 
-1 1 1 1 1 -1 0 0 0 0 -1 -1 -1 -1 -1 
-1 1 1 1 1 -1 0 0 0 0 -1 -1 -1 -1 -1 
-1 1 1 1 1 -1 0 0 0 0 -1 -1 -1 -1 -1 
-1 1 1 1 1 -1 0 0 0 0 -1 -1 -1 -1 -1 
END
15 1
0 6
2 0
1 1 1 1 1 1 0 0 0 0 0 -1 -1 -1 -1 
1 1 1 1 1 1 0 0 0 0 0 -1 -1 -1 -1 
1 1 1 1 1 1 0 0 0 0 0 -1 -1 -1 -1 
-1 1 1 1 1 1 0 0 0 0 0 -1 -1 -1 -1 
-1 1 1 1 1 1 0 0 0 0 0 -1 -1 -1 -1 
-1 1 1 1 1 -1 0 0 0 0 0 -1 -1 -1 -1 
-1 1 1 1 1 -1 0 0 0 0 0 -1 -1 -1 -1 
-1 1 1 1 1 -1 0 0 0 0 0 -1 -1 -1 -1 
-1 1 1 1 1 -1 0 0 0 0 -1 -1 -1 -1 -1 
-1 1 1 1 1 -1 0 0 0 0 -1 -1 -1 -1 -1 
-1 1 1 1 1 -1 0 0 0 0 -1 -1 -1 -1 -1 
-1 1 1 1 1 -1 0 0 0 0 -1 -1 -1 -1 -1 
-1 1 1 1 1 -1 0 0 0 0 -1 -1 -1 -1 -1 
-1 1 1 1 1 -1 0 0 0 0 -1 -1 -1 -1 -1 
-1 1 1 1 1 -1 0 0 0 0 -1 -1 -1 -1 -1 
END
