15 1
9 4
3 14
-1 -1 -1 -1 -1 -1 -1 -1 -1 -1 -1 -1 -1 -1 -1 
-1 -1 -1 -1 -1 -1 -1 -1 -1 -1 -1 -1 -1 -1 -1 
-1 -1 -1 -1 -1 -1 -1 -1 -1 -1 -1 -1 -1 -1 -1 
-1 -1 -1 -1 -1 -1 -1 -1 -1 -1 -1 -1 -1 -1 1 
-1 -1 -1 -1 -1 -1 -1 -1 -1 -1 -1 -1 -1 -1 -1 
-1 -1 -1 -1 -1 -1 -1 -1 -1 -1 -1 -1 -1 -1 -1 
-1 -1 -1 -1 -1 -1 -1 -1 -1 -1 -1 -1 -1 -1 -1 
-1 -1 -1 -1 -1 -1 -1 -1 -1 -1 -1 -1 -1 -1 -1 
-1 -1 -1 -1 -1 -1 -1 -1 -1 -1 -1 -1 -1 -1 -1 
-1 -1 -1 -1 0 -1 -1 -1 -1 -1 -1 -1 -1 -1 -1 
-1 -1 -1 -1 -1 -1 -1 -1 -1 -1 -1 -1 -1 -1 -1 
-1 -1 -1 -1 -1 -1 -1 -1 -1 -1 -1 -1 -1 -1 -1 
-1 -1 -1 -1 -1 -1 -1 -1 -1 -1 -1 -1 -1 -1 -1 
-1 -1 -1 -1 -1 -1 -1 -1 -1 -1 -1 -1 -1 -1 -1 
-1 -1 -1 -1 -1 -1 -1 -1 -1 -1 -1 -1 -1 -1 -1 
END
15 1
8 4
2 14
-1 -1 -1 -1 -1 -1 -1 -1 -1 -1 -1 -1 -1 -1 -1 
-1 -1 -1 -1 -1 -1 -1 -1 -1 -1 -1 -1 -1 -1 -1 
-1 -1 -1 -1 -1 -1 -1 -1 -1 -1 -1 -1 -1 -1 1 
-1 -1 -1 -1 -1 -1 -1 -1 -1 -1 -1 -1 -1 -1 1 
-1 -1 -1 -1 -1 -1 -1 -1 -1 -1 -1 -1 -1 -1 -1 
-1 -1 -1 -1 -1 -1 -1 -1 -1 -1 -1 -1 -1 -1 -1 
-1 -1 -1 -1 -1 -1 -1 -1 -1 -1 -1 -1 -1 -1 -1 
-1 -1 -1 -1 -1 -1 -1 -1 -1 -1 -1 -1 -1 -1 -1 
-1 -1 -1 -1 0 -1 -1 -1 -1 -1 -1 -1 -1 -1 -1 
-1 -1 -1 -1 0 -1 -1 -1 -1 -1 -1 -1 -1 -1 -1 
-1 -1 -1 -1 -1 -1 -1 -1 -1 -1 -1 -1 -1 -1 -1 
-1 -1 -1 -1 -1 -1 -1 -1 -1 -1 -1 -1 -1 -1 -1 
-1 -1 -1 -1 -1 -1 -1 -1 -1 -1 -1 -1 -1 -1 -1 
-1 -1 -1 -1 -1 -1 -1 -1 -1 -1 -1 -1 -1 -1 -1 
-1 -1 -1 -1 -1 -1 -1 -1 -1 -1 -1 -1 -1 -1 -1 
END
15 1
7 4
1 14
-1 -1 -1 -1 -1 -1 -1 -1 -1 -1 -1 -1 -1 -1 -1 
-1 -1 -1 -1 -1 -1 -1 -1 -1 -1 -1 -1 -1 -1 1 
-1 -1 -1 -1 -1 -1 -1 -1 -1 -1 -1 -1 -1 -1 1 
-1 -1 -1 -1 -1 -1 -1 -1 -1 -1 -1 -1 -1 -1 1 
-1 -1 -1 -1 -1 -1 -1 -1 -1 -1 -1 -1 -1 -1 -1 
-1 -1 -1 -1 -1 -1 -1 -1 -1 -1 -1 -1 -1 -1 -1 
-1 -1 -1 -1 -1 -1 -1 -1 -1 -1 -1 -1 -1 -1 -1 
-1 -1 -1 -1 0 -1 -1 -1 -1 -1 -1 -1 -1 -1 -1 
-1 -1 -1 -1 0 -1 -1 -1 -1 -1 -1 -1 -1 -1 -1 
-1 -1 -1 -1 0 -1 -1 -1 -1 -1 -1 -1 -1 -1 -1 
-1 -1 -1 -1 -1 -1 -1 -1 -1 -1 -1 -1 -1 -1 -1 
-1 -1 -1 -1 -1 -1 -1 -1 -1 -1 -1 -1 -1 -1 -1 
-1 -1 -1 -1 -1 -1 -1 -1 -1 -1 -1 -1 -1 -1 -1 
-1 -1 -1 -1 -1 -1 -1 -1 -1 -1 -1 -1 -1 -1 -1 
-1 -1 -1 -1 -1 -1 -1 -1 -1 -1 -1 -1 -1 -1 -1 
END
15 1
6 4
0 14
-1 -1 -1 -1 -1 -1 -1 -1 -1 -1 -1 -1 -1 -1 1 
-1 -1 -1 -1 -1 -1 -1 -1 -1 -1 -1 -1 -1 -1 1 
-1 -1 -1 -1 -1 -1 -1 -1 -1 -1 -1 -1 -1 -1 1 
-1 -1 -1 -1 -1 -1 -1 -1 -1 -1 -1 -1 -1 -1 1 
-1 -1 -1 -1 -1 -1 -1 -1 -1 -1 -1 -1 -1 -1 -1 
-1 -1 -1 -1 -1 -1 -1 -1 -1 -1 -1 -1 -1 -1 -1 
-1 -1 -1 -1 0 -1 -1 -1 -1 -1 -1 -1 -1 -1 -1 
-1 -1 -1 -1 0 -1 -1 -1 -1 -1 -1 -1 -1 -1 -1 
-1 -1 -1 -1 0 -1 -1 -1 -1 -1 -1 -1 -1 -1 -1 
-1 -1 -1 -1 0 -1 -1 -1 -1 -1 -1 -1 -1 -1 -1 
-1 -1 -1 -1 -1 -1 -1 -1 -1 -1 -1 -1 -1 -1 -1 
-1 -1 -1 -1 -1 -1 -1 -1 -1 -1 -1 -1 -1 -1 -1 
-1 -1 -1 -1 -1 -1 -1 -1 -1 -1 -1 -1 -1 -1 -1 
-1 -1 -1 -1 -1 -1 -1 -1 -1 -1 -1 -1 -1 -1 -1 
-1 -1 -1 -1 -1 -1 -1 -1 -1 -1 -1 -1 -1 -1 -1 
END
15 1
5 4
0 13
-1 -1 -1 -1 -1 -1 -1 -1 -1 -1 -1 -1 -1 1 1 
-1 -1 -1 -1 -1 -1 -1 -1 -1 -1 -1 -1 -1 -1 1 
-1 -1 -1 -1 -1 -1 -1 -1 -1 -1 -1 -1 -1 -1 1 
-1 -1 -1 -1 -1 -1 -1 -1 -1 -1 -1 -1 -1 -1 1 
-1 -1 -1 -1 -1 -1 -1 -1 -1 -1 -1 -1 -1 -1 -1 
-1 -1 -1 -1 0 -1 -1 -1 -1 -1 -1 -1 -1 -1 -1 
-1 -1 -1 -1 0 -1 -1 -1 -1 -1 -1 -1 -1 -1 -1 
-1 -1 -1 -1 0 -1 -1 -1 -1 -1 -1 -1 -1 -1 -1 
-1 -1 -1 -1 0 -1 -1 -1 -1 -1 -1 -1 -1 -1 -1 
-1 -1 -1 -1 0 -1 -1 -1 -1 -1 -1 -1 -1 -1 -1 
-1 -1 -1 -1 -1 -1 -1 -1 -1 -1 -1 -1 -1 -1 -1 
-1 -1 -1 -1 -1 -1 -1 -1 -1 -1 -1 -1 -1 -1 -1 
-1 -1 -1 -1 -1 -1 -1 -1 -1 -1 -1 -1 -1 -1 -1 
-1 -1 -1 -1 -1 -1 -1 -1 -1 -1 -1 -1 -1 -1 -1 
-1 -1 -1 -1 -1 -1 -1 -1 -1 -1 -1 -1 -1 -1 -1 
END
15 1
4 4
1 13
-1 -1 -1 -1 -1 -1 -1 -1 -1 -1 -1 -1 -1 1 1 
-1 -1 -1 -1 -1 -1 -1 -1 -1 -1 -1 -1 -1 1 1 
-1 -1 -1 -1 -1 -1 -1 -1 -1 -1 -1 -1 -1 -1 1 
-1 -1 -1 -1 -1 -1 -1 -1 -1 -1 -1 -1 -1 -1 1 
-1 -1 -1 -1 0 -1 -1 -1 -1 -1 -1 -1 -1 -1 -1 
-1 -1 -1 -1 0 -1 -1 -1 -1 -1 -1 -1 -1 -1 -1 
-1 -1 -1 -1 0 -1 -1 -1 -1 -1 -1 -1 -1 -1 -1 
-1 -1 -1 -1 0 -1 -1 -1 -1 -1 -1 -1 -1 -1 -1 
-1 -1 -1 -1 0 -1 -1 -1 -1 -1 -1 -1 -1 -1 -1 
-1 -1 -1 -1 0 -1 -1 -1 -1 -1 -1 -1 -1 -1 -1 
-1 -1 -1 -1 -1 -1 -1 -1 -1 -1 -1 -1 -1 -1 -1 
-1 -1 -1 -1 -1 -1 -1 -1 -1 -1 -1 -1 -1 -1 -1 
-1 -1 -1 -1 -1 -1 -1 -1 -1 -1 -1 -1 -1 -1 -1 
-1 -1 -1 -1 -1 -1 -1 -1 -1 -1 -1 -1 -1 -1 -1 
-1 -1 -1 -1 -1 -1 -1 -1 -1 -1 -1 -1 -1 -1 -1 
END
15 1
3 4
2 13
-1 -1 -1 -1 -1 -1 -1 -1 -1 -1 -1 -1 -1 1 1 
-1 -1 -1 -1 -1 -1 -1 -1 -1 -1 -1 -1 -1 1 1 
-1 -1 -1 -1 -1 -1 -1 -1 -1 -1 -1 -1 -1 1 1 
-1 -1 -1 -1 0 -1 -1 -1 -1 -1 -1 -1 -1 -1 1 
-1 -1 -1 -1 0 -1 -1 -1 -1 -1 -1 -1 -1 -1 -1 
-1 -1 -1 -1 0 -1 -1 -1 -1 -1 -1 -1 -1 -1 -1 
-1 -1 -1 -1 0 -1 -1 -1 -1 -1 -1 -1 -1 -1 -1 
-1 -1 -1 -1 0 -1 -1 -1 -1 -1 -1 -1 -1 -1 -1 
-1 -1 -1 -1 0 -1 -1 -1 -1 -1 -1 -1 -1 -1 -1 
-1 -1 -1 -1 0 -1 -1 -1 -1 -1 -1 -1 -1 -1 -1 
-1 -1 -1 -1 -1 -1 -1 -1 -1 -1 -1 -1 -1 -1 -1 
-1 -1 -1 -1 -1 -1 -1 -1 -1 -1 -1 -1 -1 -1 -1 
-1 -1 -1 -1 -1 -1 -1 -1 -1 -1 -1 -1 -1 -1 -1 
-1 -1 -1 -1 -1 -1 -1 -1 -1 -1 -1 -1 -1 -1 -1 
-1 -1 -1 -1 -1 -1 -1 -1 -1 -1 -1 -1 -1 -1 -1 
END
15 1
2 4
3 13
-1 -1 -1 -1 -1 -1 -1 -1 -1 -1 -1 -1 -1 1 1 
-1 -1 -1 -1 -1 -1 -1 -1 -1 -1 -1 -1 -1 1 1 
-1 -1 -1 -1 0 -1 -1 -1 -1 -1 -1 -1 -1 1 1 
-1 -1 -1 -1 0 -1 -1 -1 -1 -1 -1 -1 -1 1 1 
-1 -1 -1 -1 0 -1 -1 -1 -1 -1 -1 -1 -1 -1 -1 
-1 -1 -1 -1 0 -1 -1 -1 -1 -1 -1 -1 -1 -1 -1 
-1 -1 -1 -1 0 -1 -1 -1 -1 -1 -1 -1 -1 -1 -1 
-1 -1 -1 -1 0 -1 -1 -1 -1 -1 -1 -1 -1 -1 -1 
-1 -1 -1 -1 0 -1 -1 -1 -1 -1 -1 -1 -1 -1 -1 
-1 -1 -1 -1 0 -1 -1 -1 -1 -1 -1 -1 -1 -1 -1 
-1 -1 -1 -1 -1 -1 -1 -1 -1 -1 -1 -1 -1 -1 -1 
-1 -1 -1 -1 -1 -1 -1 -1 -1 -1 -1 -1 -1 -1 -1 
-1 -1 -1 -1 -1 -1 -1 -1 -1 -1 -1 -1 -1 -1 -1 
-1 -1 -1 -1 -1 -1 -1 -1 -1 -1 -1 -1 -1 -1 -1 
-1 -1 -1 -1 -1 -1 -1 -1 -1 -1 -1 -1 -1 -1 -1 
END
15 1
1 4
4 13
-1 -1 -1 -1 -1 -1 -1 -1 -1 -1 -1 -1 -1 1 1 
-1 -1 -1 -1 0 -1 -1 -1 -1 -1 -1 -1 -1 1 1 
-1 -1 -1 -1 0 -1 -1 -1 -1 -1 -1 -1 -1 1 1 
-1 -1 -1 -1 0 -1 -1 -1 -1 -1 -1 -1 -1 1 1 
-1 -1 -1 -1 0 -1 -1 -1 -1 -1 -1 -1 -1 1 -1 
-1 -1 -1 -1 0 -1 -1 -1 -1 -1 -1 -1 -1 -1 -1 
-1 -1 -1 -1 0 -1 -1 -1 -1 -1 -1 -1 -1 -1 -1 
-1 -1 -1 -1 0 -1 -1 -1 -1 -1 -1 -1 -1 -1 -1 
-1 -1 -1 -1 0 -1 -1 -1 -1 -1 -1 -1 -1 -1 -1 
-1 -1 -1 -1 0 -1 -1 -1 -1 -1 -1 -1 -1 -1 -1 
-1 -1 -1 -1 -1 -1 -1 -1 -1 -1 -1 -1 -1 -1 -1 
-1 -1 -1 -1 -1 -1 -1 -1 -1 -1 -1 -1 -1 -1 -1 
-1 -1 -1 -1 -1 -1 -1 -1 -1 -1 -1 -1 -1 -1 -1 
-1 -1 -1 -1 -1 -1 -1 -1 -1 -1 -1 -1 -1 -1 -1 
-1 -1 -1 -1 -1 -1 -1 -1 -1 -1 -1 -1 -1 -1 -1 
END
15 1
0 4
5 13
-1 -1 -1 -1 0 -1 -1 -1 -1 -1 -1 -1 -1 1 1 
-1 -1 -1 -1 0 -1 -1 -1 -1 -1 -1 -1 -1 1 1 
-1 -1 -1 -1 0 -1 -1 -1 -1 -1 -1 -1 -1 1 1 
-1 -1 -1 -1 0 -1 -1 -1 -1 -1 -1 -1 -1 1 1 
-1 -1 -1 -1 0 -1 -1 -1 -1 -1 -1 -1 -1 1 -1 
-1 -1 -1 -1 0 -1 -1 -1 -1 -1 -1 -1 -1 1 -1 
-1 -1 -1 -1 0 -1 -1 -1 -1 -1 -1 -1 -1 -1 -1 
-1 -1 -1 -1 0 -1 -1 -1 -1 -1 -1 -1 -1 -1 -1 
-1 -1 -1 -1 0 -1 -1 -1 -1 -1 -1 -1 -1 -1 -1 
-1 -1 -1 -1 0 -1 -1 -1 -1 -1 -1 -1 -1 -1 -1 
-1 -1 -1 -1 -1 -1 -1 -1 -1 -1 -1 -1 -1 -1 -1 
-1 -1 -1 -1 -1 -1 -1 -1 -1 -1 -1 -1 -1 -1 -1 
-1 -1 -1 -1 -1 -1 -1 -1 -1 -1 -1 -1 -1 -1 -1 
-1 -1 -1 -1 -1 -1 -1 -1 -1 -1 -1 -1 -1 -1 -1 
-1 -1 -1 -1 -1 -1 -1 -1 -1 -1 -1 -1 -1 -1 -1 
END
15 1
0 3
6 13
-1 -1 -1 0 0 -1 -1 -1 -1 -1 -1 -1 -1 1 1 
-1 -1 -1 -1 0 -1 -1 -1 -1 -1 -1 -1 -1 1 1 
-1 -1 -1 -1 0 -1 -1 -1 -1 -1 -1 -1 -1 1 1 
-1 -1 -1 -1 0 -1 -1 -1 -1 -1 -1 -1 -1 1 1 
-1 -1 -1 -1 0 -1 -1 -1 -1 -1 -1 -1 -1 1 -1 
-1 -1 -1 -1 0 -1 -1 -1 -1 -1 -1 -1 -1 1 -1 
-1 -1 -1 -1 0 -1 -1 -1 -1 -1 -1 -1 -1 1 -1 
-1 -1 -1 -1 0 -1 -1 -1 -1 -1 -1 -1 -1 -1 -1 
-1 -1 -1 -1 0 -1 -1 -1 -1 -1 -1 -1 -1 -1 -1 
-1 -1 -1 -1 0 -1 -1 -1 -1 -1 -1 -1 -1 -1 -1 
-1 -1 -1 -1 -1 -1 -1 -1 -1 -1 -1 -1 -1 -1 -1 
-1 -1 -1 -1 -1 -1 -1 -1 -1 -1 -1 -1 -1 -1 -1 
-1 -1 -1 -1 -1 -1 -1 -1 -1 -1 -1 -1 -1 -1 -1 
-1 -1 -1 -1 -1 -1 -1 -1 -1 -1 -1 -1 -1 -1 -1 
-1 -1 -1 -1 -1 -1 -1 -1 -1 -1 -1 -1 -1 -1 -1 
END
15 1
1 3
7 13
-1 -1 -1 0 0 -1 -1 -1 -1 -1 -1 -1 -1 1 1 
-1 -1 -1 0 0 -1 -1 -1 -1 -1 -1 -1 -1 1 1 
-1 -1 -1 -1 0 -1 -1 -1 -1 -1 -1 -1 -1 1 1 
-1 -1 -1 -1 0 -1 -1 -1 -1 -1 -1 -1 -1 1 1 
-1 -1 -1 -1 0 -1 -1 -1 -1 -1 -1 -1 -1 1 -1 
-1 -1 -1 -1 0 -1 -1 -1 -1 -1 -1 -1 -1 1 -1 
-1 -1 -1 -1 0 -1 -1 -1 -1 -1 -1 -1 -1 1 -1 
-1 -1 -1 -1 0 -1 -1 -1 -1 -1 -1 -1 -1 1 -1 
-1 -1 -1 -1 0 -1 -1 -1 -1 -1 -1 -1 -1 -1 -1 
-1 -1 -1 -1 0 -1 -1 -1 -1 -1 -1 -1 -1 -1 -1 
-1 -1 -1 -1 -1 -1 -1 -1 -1 -1 -1 -1 -1 -1 -1 
-1 -1 -1 -1 -1 -1 -1 -1 -1 -1 -1 -1 -1 -1 -1 
-1 -1 -1 -1 -1 -1 -1 -1 -1 -1 -1 -1 -1 -1 -1 
-1 -1 -1 -1 -1 -1 -1 -1 -1 -1 -1 -1 -1 -1 -1 
-1 -1 -1 -1 -1 -1 -1 -1 -1 -1 -1 -1 -1 -1 -1 
END
15 1
2 3
8 13
-1 -1 -1 0 0 -1 -1 -1 -1 -1 -1 -1 -1 1 1 
-1 -1 -1 0 0 -1 -1 -1 -1 -1 -1 -1 -1 1 1 
-1 -1 -1 0 0 -1 -1 -1 -1 -1 -1 -1 -1 1 1 
-1 -1 -1 -1 0 -1 -1 -1 -1 -1 -1 -1 -1 1 1 
-1 -1 -1 -1 0 -1 -1 -1 -1 -1 -1 -1 -1 1 -1 
-1 -1 -1 -1 0 -1 -1 -1 -1 -1 -1 -1 -1 1 -1 
-1 -1 -1 -1 0 -1 -1 -1 -1 -1 -1 -1 -1 1 -1 
-1 -1 -1 -1 0 -1 -1 -1 -1 -1 -1 -1 -1 1 -1 
-1 -1 -1 -1 0 -1 -1 -1 -1 -1 -1 -1 -1 1 -1 
-1 -1 -1 -1 0 -1 -1 -1 -1 -1 -1 -1 -1 -1 -1 
-1 -1 -1 -1 -1 -1 -1 -1 -1 -1 -1 -1 -1 -1 -1 
-1 -1 -1 -1 -1 -1 -1 -1 -1 -1 -1 -1 -1 -1 -1 
-1 -1 -1 -1 -1 -1 -1 -1 -1 -1 -1 -1 -1 -1 -1 
-1 -1 -1 -1 -1 -1 -1 -1 -1 -1 -1 -1 -1 -1 -1 
-1 -1 -1 -1 -1 -1 -1 -1 -1 -1 -1 -1 -1 -1 -1 
END
15 1
3 3
9 13
-1 -1 -1 0 0 -1 -1 -1 -1 -1 -1 -1 -1 1 1 
-1 -1 -1 0 0 -1 -1 -1 -1 -1 -1 -1 -1 1 1 
-1 -1 -1 0 0 -1 -1 -1 -1 -1 -1 -1 -1 1 1 
-1 -1 -1 0 0 -1 -1 -1 -1 -1 -1 -1 -1 1 1 
-1 -1 -1 -1 0 -1 -1 -1 -1 -1 -1 -1 -1 1 -1 
-1 -1 -1 -1 0 -1 -1 -1 -1 -1 -1 -1 -1 1 -1 
-1 -1 -1 -1 0 -1 -1 -1 -1 -1 -1 -1 -1 1 -1 
-1 -1 -1 -1 0 -1 -1 -1 -1 -1 -1 -1 -1 1 -1 
-1 -1 -1 -1 0 -1 -1 -1 -1 -1 -1 -1 -1 1 -1 
-1 -1 -1 -1 0 -1 -1 -1 -1 -1 -1 -1 -1 1 -1 
-1 -1 -1 -1 -1 -1 -1 -1 -1 -1 -1 -1 -1 -1 -1 
-1 -1 -1 -1 -1 -1 -1 -1 -1 -1 -1 -1 -1 -1 -1 
-1 -1 -1 -1 -1 -1 -1 -1 -1 -1 -1 -1 -1 -1 -1 
-1 -1 -1 -1 -1 -1 -1 -1 -1 -1 -1 -1 -1 -1 -1 
-1 -1 -1 -1 -1 -1 -1 -1 -1 -1 -1 -1 -1 -1 -1 
END
15 1
4 3
10 13
-1 -1 -1 0 0 -1 -1 -1 -1 -1 -1 -1 -1 1 1 
-1 -1 -1 0 0 -1 -1 -1 -1 -1 -1 -1 -1 1 1 
-1 -1 -1 0 0 -1 -1 -1 -1 -1 -1 -1 -1 1 1 
-1 -1 -1 0 0 -1 -1 -1 -1 -1 -1 -1 -1 1 1 
-1 -1 -1 0 0 -1 -1 -1 -1 -1 -1 -1 -1 1 -1 
-1 -1 -1 -1 0 -1 -1 -1 -1 -1 -1 -1 -1 1 -1 
-1 -1 -1 -1 0 -1 -1 -1 -1 -1 -1 -1 -1 1 -1 
-1 -1 -1 -1 0 -1 -1 -1 -1 -1 -1 -1 -1 1 -1 
-1 -1 -1 -1 0 -1 -1 -1 -1 -1 -1 -1 -1 1 -1 
-1 -1 -1 -1 0 -1 -1 -1 -1 -1 -1 -1 -1 1 -1 
-1 -1 -1 -1 -1 -1 -1 -1 -1 -1 -1 -1 -1 1 -1 
-1 -1 -1 -1 -1 -1 -1 -1 -1 -1 -1 -1 -1 -1 -1 
-1 -1 -1 -1 -1 -1 -1 -1 -1 -1 -1 -1 -1 -1 -1 
-1 -1 -1 -1 -1 -1 -1 -1 -1 -1 -1 -1 -1 -1 -1 
-1 -1 -1 -1 -1 -1 -1 -1 -1 -1 -1 -1 -1 -1 -1 
END
15 1
5 3
11 13
-1 -1 -1 0 0 -1 -1 -1 -1 -1 -1 -1 -1 1 1 
-1 -1 -1 0 0 -1 -1 -1 -1 -1 -1 -1 -1 1 1 
-1 -1 -1 0 0 -1 -1 -1 -1 -1 -1 -1 -1 1 1 
-1 -1 -1 0 0 -1 -1 -1 -1 -1 -1 -1 -1 1 1 
-1 -1 -1 0 0 -1 -1 -1 -1 -1 -1 -1 -1 1 -1 
-1 -1 -1 0 0 -1 -1 -1 -1 -1 -1 -1 -1 1 -1 
-1 -1 -1 -1 0 -1 -1 -1 -1 -1 -1 -1 -1 1 -1 
-1 -1 -1 -1 0 -1 -1 -1 -1 -1 -1 -1 -1 1 -1 
-1 -1 -1 -1 0 -1 -1 -1 -1 -1 -1 -1 -1 1 -1 
-1 -1 -1 -1 0 -1 -1 -1 -1 -1 -1 -1 -1 1 -1 
-1 -1 -1 -1 -1 -1 -1 -1 -1 -1 -1 -1 -1 1 -1 
-1 -1 -1 -1 -1 -1 -1 -1 -1 -1 -1 -1 -1 1 -1 
-1 -1 -1 -1 -1 -1 -1 -1 -1 -1 -1 -1 -1 -1 -1 
-1 -1 -1 -1 -1 -1 -1 -1 -1 -1 -1 -1 -1 -1 -1 
-1 -1 -1 -1 -1 -1 -1 -1 -1 -1 -1 -1 -1 -1 -1 
END
15 1
6 3
12 13
-1 -1 -1 0 0 -1 -1 -1 -1 -1 -1 -1 -1 1 1 
-1 -1 -1 0 0 -1 -1 -1 -1 -1 -1 -1 -1 1 1 
-1 -1 -1 0 0 -1 -1 -1 -1 -1 -1 -1 -1 1 1 
-1 -1 -1 0 0 -1 -1 -1 -1 -1 -1 -1 -1 1 1 
-1 -1 -1 0 0 -1 -1 -1 -1 -1 -1 -1 -1 1 -1 
-1 -1 -1 0 0 -1 -1 -1 -1 -1 -1 -1 -1 1 -1 
-1 -1 -1 0 0 -1 -1 -1 -1 -1 -1 -1 -1 1 -1 
-1 -1 -1 -1 0 -1 -1 -1 -1 -1 -1 -1 -1 1 -1 
-1 -1 -1 -1 0 -1 -1 -1 -1 -1 -1 -1 -1 1 -1 
-1 -1 -1 -1 0 -1 -1 -1 -1 -1 -1 -1 -1 1 -1 
-1 -1 -1 -1 -1 -1 -1 -1 -1 -1 -1 -1 -1 1 -1 
-1 -1 -1 -1 -1 -1 -1 -1 -1 -1 -1 -1 -1 1 -1 
-1 -1 -1 -1 -1 -1 -1 -1 -1 -1 -1 -1 -1 1 -1 
-1 -1 -1 -1 -1 -1 -1 -1 -1 -1 -1 -1 -1 -1 -1 
-1 -1 -1 -1 -1 -1 -1 -1 -1 -1 -1 -1 -1 -1 -1 
END
15 1
7 3
13 13
-1 -1 -1 0 0 -1 -1 -1 -1 -1 -1 -1 -1 1 1 
-1 -1 -1 0 0 -1 -1 -1 -1 -1 -1 -1 -1 1 1 
-1 -1 -1 0 0 -1 -1 -1 -1 -1 -1 -1 -1 1 1 
-1 -1 -1 0 0 -1 -1 -1 -1 -1 -1 -1 -1 1 1 
-1 -1 -1 0 0 -1 -1 -1 -1 -1 -1 -1 -1 1 -1 
-1 -1 -1 0 0 -1 -1 -1 -1 -1 -1 -1 -1 1 -1 
-1 -1 -1 0 0 -1 -1 -1 -1 -1 -1 -1 -1 1 -1 
-1 -1 -1 0 0 -1 -1 -1 -1 -1 -1 -1 -1 1 -1 
-1 -1 -1 -1 0 -1 -1 -1 -1 -1 -1 -1 -1 1 -1 
-1 -1 -1 -1 0 -1 -1 -1 -1 -1 -1 -1 -1 1 -1 
-1 -1 -1 -1 -1 -1 -1 -1 -1 -1 -1 -1 -1 1 -1 
-1 -1 -1 -1 -1 -1 -1 -1 -1 -1 -1 -1 -1 1 -1 
-1 -1 -1 -1 -1 -1 -1 -1 -1 -1 -1 -1 -1 1 -1 
-1 -1 -1 -1 -1 -1 -1 -1 -1 -1 -1 -1 -1 1 -1 
-1 -1 -1 -1 -1 -1 -1 -1 -1 -1 -1 -1 -1 -1 -1 
END
15 1
8 3
14 13
-1 -1 -1 0 0 -1 -1 -1 -1 -1 -1 -1 -1 1 1 
-1 -1 -1 0 0 -1 -1 -1 -1 -1 -1 -1 -1 1 1 
-1 -1 -1 0 0 -1 -1 -1 -1 -1 -1 -1 -1 1 1 
-1 -1 -1 0 0 -1 -1 -1 -1 -1 -1 -1 -1 1 1 
-1 -1 -1 0 0 -1 -1 -1 -1 -1 -1 -1 -1 1 -1 
-1 -1 -1 0 0 -1 -1 -1 -1 -1 -1 -1 -1 1 -1 
-1 -1 -1 0 0 -1 -1 -1 -1 -1 -1 -1 -1 1 -1 
-1 -1 -1 0 0 -1 -1 -1 -1 -1 -1 -1 -1 1 -1 
-1 -1 -1 0 0 -1 -1 -1 -1 -1 -1 -1 -1 1 -1 
-1 -1 -1 -1 0 -1 -1 -1 -1 -1 -1 -1 -1 1 -1 
-1 -1 -1 -1 -1 -1 -1 -1 -1 -1 -1 -1 -1 1 -1 
-1 -1 -1 -1 -1 -1 -1 -1 -1 -1 -1 -1 -1 1 -1 
-1 -1 -1 -1 -1 -1 -1 -1 -1 -1 -1 -1 -1 1 -1 
-1 -1 -1 -1 -1 -1 -1 -1 -1 -1 -1 -1 -1 1 -1 
-1 -1 -1 -1 -1 -1 -1 -1 -1 -1 -1 -1 -1 1 -1 
END
15 1
9 3
14 12
-1 -1 -1 0 0 -1 -1 -1 -1 -1 -1 -1 -1 1 1 
-1 -1 -1 0 0 -1 -1 -1 -1 -1 -1 -1 -1 1 1 
-1 -1 -1 0 0 -1 -1 -1 -1 -1 -1 -1 -1 1 1 
-1 -1 -1 0 0 -1 -1 -1 -1 -1 -1 -1 -1 1 1 
-1 -1 -1 0 0 -1 -1 -1 -1 -1 -1 -1 -1 1 -1 
-1 -1 -1 0 0 -1 -1 -1 -1 -1 -1 -1 -1 1 -1 
-1 -1 -1 0 0 -1 -1 -1 -1 -1 -1 -1 -1 1 -1 
-1 -1 -1 0 0 -1 -1 -1 -1 -1 -1 -1 -1 1 -1 
-1 -1 -1 0 0 -1 -1 -1 -1 -1 -1 -1 -1 1 -1 
-1 -1 -1 0 0 -1 -1 -1 -1 -1 -1 -1 -1 1 -1 
-1 -1 -1 -1 -1 -1 -1 -1 -1 -1 -1 -1 -1 1 -1 
-1 -1 -1 -1 -1 -1 -1 -1 -1 -1 -1 -1 -1 1 -1 
-1 -1 -1 -1 -1 -1 -1 -1 -1 -1 -1 -1 -1 1 -1 
-1 -1 -1 -1 -1 -1 -1 -1 -1 -1 -1 -1 -1 1 -1 
-1 -1 -1 -1 -1 -1 -1 -1 -1 -1 -1 -1 1 1 -1 
END
15 1
10 3
13 12
-1 -1 -1 0 0 -1 -1 -1 -1 -1 -1 -1 -1 1 1 
-1 -1 -1 0 0 -1 -1 -1 -1 -1 -1 -1 -1 1 1 
-1 -1 -1 0 0 -1 -1 -1 -1 -1 -1 -1 -1 1 1 
-1 -1 -1 0 0 -1 -1 -1 -1 -1 -1 -1 -1 1 1 
-1 -1 -1 0 0 -1 -1 -1 -1 -1 -1 -1 -1 1 -1 
-1 -1 -1 0 0 -1 -1 -1 -1 -1 -1 -1 -1 1 -1 
-1 -1 -1 0 0 -1 -1 -1 -1 -1 -1 -1 -1 1 -1 
-1 -1 -1 0 0 -1 -1 -1 -1 -1 -1 -1 -1 1 -1 
-1 -1 -1 0 0 -1 -1 -1 -1 -1 -1 -1 -1 1 -1 
-1 -1 -1 0 0 -1 -1 -1 -1 -1 -1 -1 -1 1 -1 
-1 -1 -1 0 -1 -1 -1 -1 -1 -1 -1 -1 -1 1 -1 
-1 -1 -1 -1 -1 -1 -1 -1 -1 -1 -1 -1 -1 1 -1 
-1 -1 -1 -1 -1 -1 -1 -1 -1 -1 -1 -1 -1 1 -1 
-1 -1 -1 -1 -1 -1 -1 -1 -1 -1 -1 -1 1 1 -1 
-1 -1 -1 -1 -1 -1 -1 -1 -1 -1 -1 -1 1 1 -1 
END
15 1
11 3
12 12
-1 -1 -1 0 0 -1 -1 -1 -1 -1 -1 -1 -1 1 1 
-1 -1 -1 0 0 -1 -1 -1 -1 -1 -1 -1 -1 1 1 
-1 -1 -1 0 0 -1 -1 -1 -1 -1 -1 -1 -1 1 1 
-1 -1 -1 0 0 -1 -1 -1 -1 -1 -1 -1 -1 1 1 
-1 -1 -1 0 0 -1 -1 -1 -1 -1 -1 -1 -1 1 -1 
-1 -1 -1 0 0 -1 -1 -1 -1 -1 -1 -1 -1 1 -1 
-1 -1 -1 0 0 -1 -1 -1 -1 -1 -1 -1 -1 1 -1 
-1 -1 -1 0 0 -1 -1 -1 -1 -1 -1 -1 -1 1 -1 
-1 -1 -1 0 0 -1 -1 -1 -1 -1 -1 -1 -1 1 -1 
-1 -1 -1 0 0 -1 -1 -1 -1 -1 -1 -1 -1 1 -1 
-1 -1 -1 0 -1 -1 -1 -1 -1 -1 -1 -1 -1 1 -1 
-1 -1 -1 0 -1 -1 -1 -1 -1 -1 -1 -1 -1 1 -1 
-1 -1 -1 -1 -1 -1 -1 -1 -1 -1 -1 -1 1 1 -1 
-1 -1 -1 -1 -1 -1 -1 -1 -1 -1 -1 -1 1 1 -1 
-1 -1 -1 -1 -1 -1 -1 -1 -1 -1 -1 -1 1 1 -1 
END
15 1
12 3
11 12
-1 -1 -1 0 0 -1 -1 -1 -1 -1 -1 -1 -1 1 1 
-1 -1 -1 0 0 -1 -1 -1 -1 -1 -1 -1 -1 1 1 
-1 -1 -1 0 0 -1 -1 -1 -1 -1 -1 -1 -1 1 1 
-1 -1 -1 0 0 -1 -1 -1 -1 -1 -1 -1 -1 1 1 
-1 -1 -1 0 0 -1 -1 -1 -1 -1 -1 -1 -1 1 -1 
-1 -1 -1 0 0 -1 -1 -1 -1 -1 -1 -1 -1 1 -1 
-1 -1 -1 0 0 -1 -1 -1 -1 -1 -1 -1 -1 1 -1 
-1 -1 -1 0 0 -1 -1 -1 -1 -1 -1 -1 -1 1 -1 
-1 -1 -1 0 0 -1 -1 -1 -1 -1 -1 -1 -1 1 -1 
-1 -1 -1 0 0 -1 -1 -1 -1 -1 -1 -1 -1 1 -1 
-1 -1 -1 0 -1 -1 -1 -1 -1 -1 -1 -1 -1 1 -1 
-1 -1 -1 0 -1 -1 -1 -1 -1 -1 -1 -1 1 1 -1 
-1 -1 -1 0 -1 -1 -1 -1 -1 -1 -1 -1 1 1 -1 
-1 -1 -1 -1 -1 -1 -1 -1 -1 -1 -1 -1 1 1 -1 
-1 -1 -1 -1 -1 -1 -1 -1 -1 -1 -1 -1 1 1 -1 
END
15 1
13 3
10 12
-1 -1 -1 0 0 -1 -1 -1 -1 -1 -1 -1 -1 1 1 
-1 -1 -1 0 0 -1 -1 -1 -1 -1 -1 -1 -1 1 1 
-1 -1 -1 0 0 -1 -1 -1 -1 -1 -1 -1 -1 1 1 
-1 -1 -1 0 0 -1 -1 -1 -1 -1 -1 -1 -1 1 1 
-1 -1 -1 0 0 -1 -1 -1 -1 -1 -1 -1 -1 1 -1 
-1 -1 -1 0 0 -1 -1 -1 -1 -1 -1 -1 -1 1 -1 
-1 -1 -1 0 0 -1 -1 -1 -1 -1 -1 -1 -1 1 -1 
-1 -1 -1 0 0 -1 -1 -1 -1 -1 -1 -1 -1 1 -1 
-1 -1 -1 0 0 -1 -1 -1 -1 -1 -1 -1 -1 1 -1 
-1 -1 -1 0 0 -1 -1 -1 -1 -1 -1 -1 -1 1 -1 
-1 -1 -1 0 -1 -1 -1 -1 -1 -1 -1 -1 1 1 -1 
-1 -1 -1 0 -1 -1 -1 -1 -1 -1 -1 -1 1 1 -1 
-1 -1 -1 0 -1 -1 -1 -1 -1 -1 -1 -1 1 1 -1 
-1 -1 -1 0 -1 -1 -1 -1 -1 -1 -1 -1 1 1 -1 
-1 -1 -1 -1 -1 -1 -1 -1 -1 -1 -1 -1 1 1 -1 
END
15 1
14 3
9 12
-1 -1 -1 0 0 -1 -1 -1 -1 -1 -1 -1 -1 1 1 
-1 -1 -1 0 0 -1 -1 -1 -1 -1 -1 -1 -1 1 1 
-1 -1 -1 0 0 -1 -1 -1 -1 -1 -1 -1 -1 1 1 
-1 -1 -1 0 0 -1 -1 -1 -1 -1 -1 -1 -1 1 1 
-1 -1 -1 0 0 -1 -1 -1 -1 -1 -1 -1 -1 1 -1 
-1 -1 -1 0 0 -1 -1 -1 -1 -1 -1 -1 -1 1 -1 
-1 -1 -1 0 0 -1 -1 -1 -1 -1 -1 -1 -1 1 -1 
-1 -1 -1 0 0 -1 -1 -1 -1 -1 -1 -1 -1 1 -1 
-1 -1 -1 0 0 -1 -1 -1 -1 -1 -1 -1 -1 1 -1 
-1 -1 -1 0 0 -1 -1 -1 -1 -1 -1 -1 1 1 -1 
-1 -1 -1 0 -1 -1 -1 -1 -1 -1 -1 -1 1 1 -1 
-1 -1 -1 0 -1 -1 -1 -1 -1 -1 -1 -1 1 1 -1 
-1 -1 -1 0 -1 -1 -1 -1 -1 -1 -1 -1 1 1 -1 
-1 -1 -1 0 -1 -1 -1 -1 -1 -1 -1 -1 1 1 -1 
-1 -1 -1 0 -1 -1 -1 -1 -1 -1 -1 -1 1 1 -1 
END
15 1
14 2
8 12
-1 -1 -1 0 0 -1 -1 -1 -1 -1 -1 -1 -1 1 1 
-1 -1 -1 0 0 -1 -1 -1 -1 -1 -1 -1 -1 1 1 
-1 -1 -1 0 0 -1 -1 -1 -1 -1 -1 -1 -1 1 1 
-1 -1 -1 0 0 -1 -1 -1 -1 -1 -1 -1 -1 1 1 
-1 -1 -1 0 0 -1 -1 -1 -1 -1 -1 -1 -1 1 -1 
-1 -1 -1 0 0 -1 -1 -1 -1 -1 -1 -1 -1 1 -1 
-1 -1 -1 0 0 -1 -1 -1 -1 -1 -1 -1 -1 1 -1 
-1 -1 -1 0 0 -1 -1 -1 -1 -1 -1 -1 -1 1 -1 
-1 -1 -1 0 0 -1 -1 -1 -1 -1 -1 -1 1 1 -1 
-1 -1 -1 0 0 -1 -1 -1 -1 -1 -1 -1 1 1 -1 
-1 -1 -1 0 -1 -1 -1 -1 -1 -1 -1 -1 1 1 -1 
-1 -1 -1 0 -1 -1 -1 -1 -1 -1 -1 -1 1 1 -1 
-1 -1 -1 0 -1 -1 -1 -1 -1 -1 -1 -1 1 1 -1 
-1 -1 -1 0 -1 -1 -1 -1 -1 -1 -1 -1 1 1 -1 
-1 -1 0 0 -1 -1 -1 -1 -1 -1 -1 -1 1 1 -1 
END
15 1
13 2
7 12
-1 -1 -1 0 0 -1 -1 -1 -1 -1 -1 -1 -1 1 1 
-1 -1 -1 0 0 -1 -1 -1 -1 -1 -1 -1 -1 1 1 
-1 -1 -1 0 0 -1 -1 -1 -1 -1 -1 -1 -1 1 1 
-1 -1 -1 0 0 -1 -1 -1 -1 -1 -1 -1 -1 1 1 
-1 -1 -1 0 0 -1 -1 -1 -1 -1 -1 -1 -1 1 -1 
-1 -1 -1 0 0 -1 -1 -1 -1 -1 -1 -1 -1 1 -1 
-1 -1 -1 0 0 -1 -1 -1 -1 -1 -1 -1 -1 1 -1 
-1 -1 -1 0 0 -1 -1 -1 -1 -1 -1 -1 1 1 -1 
-1 -1 -1 0 0 -1 -1 -1 -1 -1 -1 -1 1 1 -1 
-1 -1 -1 0 0 -1 -1 -1 -1 -1 -1 -1 1 1 -1 
-1 -1 -1 0 -1 -1 -1 -1 -1 -1 -1 -1 1 1 -1 
-1 -1 -1 0 -1 -1 -1 -1 -1 -1 -1 -1 1 1 -1 
-1 -1 -1 0 -1 -1 -1 -1 -1 -1 -1 -1 1 1 -1 
-1 -1 0 0 -1 -1 -1 -1 -1 -1 -1 -1 1 1 -1 
-1 -1 0 0 -1 -1 -1 -1 -1 -1 -1 -1 1 1 -1 
END
15 1
12 2
6 12
-1 -1 -1 0 0 -1 -1 -1 -1 -1 -1 -1 -1 1 1 
-1 -1 -1 0 0 -1 -1 -1 -1 -1 -1 -1 -1 1 1 
-1 -1 -1 0 0 -1 -1 -1 -1 -1 -1 -1 -1 1 1 
-1 -1 -1 0 0 -1 -1 -1 -1 -1 -1 -1 -1 1 1 
-1 -1 -1 0 0 -1 -1 -1 -1 -1 -1 -1 -1 1 -1 
-1 -1 -1 0 0 -1 -1 -1 -1 -1 -1 -1 -1 1 -1 
-1 -1 -1 0 0 -1 -1 -1 -1 -1 -1 -1 1 1 -1 
-1 -1 -1 0 0 -1 -1 -1 -1 -1 -1 -1 1 1 -1 
-1 -1 -1 0 0 -1 -1 -1 -1 -1 -1 -1 1 1 -1 
-1 -1 -1 0 0 -1 -1 -1 -1 -1 -1 -1 1 1 -1 
-1 -1 -1 0 -1 -1 -1 -1 -1 -1 -1 -1 1 1 -1 
-1 -1 -1 0 -1 -1 -1 -1 -1 -1 -1 -1 1 1 -1 
-1 -1 0 0 -1 -1 -1 -1 -1 -1 -1 -1 1 1 -1 
-1 -1 0 0 -1 -1 -1 -1 -1 -1 -1 -1 1 1 -1 
-1 -1 0 0 -1 -1 -1 -1 -1 -1 -1 -1 1 1 -1 
END
15 1
11 2
5 12
-1 -1 -1 0 0 -1 -1 -1 -1 -1 -1 -1 -1 1 1 
-1 -1 -1 0 0 -1 -1 -1 -1 -1 -1 -1 -1 1 1 
-1 -1 -1 0 0 -1 -1 -1 -1 -1 -1 -1 -1 1 1 
-1 -1 -1 0 0 -1 -1 -1 -1 -1 -1 -1 -1 1 1 
-1 -1 -1 0 0 -1 -1 -1 -1 -1 -1 -1 -1 1 -1 
-1 -1 -1 0 0 -1 -1 -1 -1 -1 -1 -1 1 1 -1 
-1 -1 -1 0 0 -1 -1 -1 -1 -1 -1 -1 1 1 -1 
-1 -1 -1 0 0 -1 -1 -1 -1 -1 -1 -1 1 1 -1 
-1 -1 -1 0 0 -1 -1 -1 -1 -1 -1 -1 1 1 -1 
-1 -1 -1 0 0 -1 -1 -1 -1 -1 -1 -1 1 1 -1 
-1 -1 -1 0 -1 -1 -1 -1 -1 -1 -1 -1 1 1 -1 
-1 -1 0 0 -1 -1 -1 -1 -1 -1 -1 -1 1 1 -1 
-1 -1 0 0 -1 -1 -1 -1 -1 -1 -1 -1 1 1 -1 
-1 -1 0 0 -1 -1 -1 -1 -1 -1 -1 -1 1 1 -1 
-1 -1 0 0 -1 -1 -1 -1 -1 -1 -1 -1 1 1 -1 
END
15 1
10 2
4 12
-1 -1 -1 0 0 -1 -1 -1 -1 -1 -1 -1 -1 1 1 
-1 -1 -1 0 0 -1 -1 -1 -1 -1 -1 -1 -1 1 1 
-1 -1 -1 0 0 -1 -1 -1 -1 -1 -1 -1 -1 1 1 
-1 -1 -1 0 0 -1 -1 -1 -1 -1 -1 -1 -1 1 1 
-1 -1 -1 0 0 -1 -1 -1 -1 -1 -1 -1 1 1 -1 
-1 -1 -1 0 0 -1 -1 -1 -1 -1 -1 -1 1 1 -1 
-1 -1 -1 0 0 -1 -1 -1 -1 -1 -1 -1 1 1 -1 
-1 -1 -1 0 0 -1 -1 -1 -1 -1 -1 -1 1 1 -1 
-1 -1 -1 0 0 -1 -1 -1 -1 -1 -1 -1 1 1 -1 
-1 -1 -1 0 0 -1 -1 -1 -1 -1 -1 -1 1 1 -1 
-1 -1 0 0 -1 -1 -1 -1 -1 -1 -1 -1 1 1 -1 
-1 -1 0 0 -1 -1 -1 -1 -1 -1 -1 -1 1 1 -1 
-1 -1 0 0 -1 -1 -1 -1 -1 -1 -1 -1 1 1 -1 
-1 -1 0 0 -1 -1 -1 -1 -1 -1 -1 -1 1 1 -1 
-1 -1 0 0 -1 -1 -1 -1 -1 -1 -1 -1 1 1 -1 
END
15 1
9 2
3 12
-1 -1 -1 0 0 -1 -1 -1 -1 -1 -1 -1 -1 1 1 
-1 -1 -1 0 0 -1 -1 -1 -1 -1 -1 -1 -1 1 1 
-1 -1 -1 0 0 -1 -1 -1 -1 -1 -1 -1 -1 1 1 
-1 -1 -1 0 0 -1 -1 -1 -1 -1 -1 -1 1 1 1 
-1 -1 -1 0 0 -1 -1 -1 -1 -1 -1 -1 1 1 -1 
-1 -1 -1 0 0 -1 -1 -1 -1 -1 -1 -1 1 1 -1 
-1 -1 -1 0 0 -1 -1 -1 -1 -1 -1 -1 1 1 -1 
-1 -1 -1 0 0 -1 -1 -1 -1 -1 -1 -1 1 1 -1 
-1 -1 -1 0 0 -1 -1 -1 -1 -1 -1 -1 1 1 -1 
-1 -1 0 0 0 -1 -1 -1 -1 -1 -1 -1 1 1 -1 
-1 -1 0 0 -1 -1 -1 -1 -1 -1 -1 -1 1 1 -1 
-1 -1 0 0 -1 -1 -1 -1 -1 -1 -1 -1 1 1 -1 
-1 -1 0 0 -1 -1 -1 -1 -1 -1 -1 -1 1 1 -1 
-1 -1 0 0 -1 -1 -1 -1 -1 -1 -1 -1 1 1 -1 
-1 -1 0 0 -1 -1 -1 -1 -1 -1 -1 -1 1 1 -1 
END
15 1
8 2
2 12
-1 -1 -1 0 0 -1 -1 -1 -1 -1 -1 -1 -1 1 1 
-1 -1 -1 0 0 -1 -1 -1 -1 -1 -1 -1 -1 1 1 
-1 -1 -1 0 0 -1 -1 -1 -1 -1 -1 -1 1 1 1 
-1 -1 -1 0 0 -1 -1 -1 -1 -1 -1 -1 1 1 1 
-1 -1 -1 0 0 -1 -1 -1 -1 -1 -1 -1 1 1 -1 
-1 -1 -1 0 0 -1 -1 -1 -1 -1 -1 -1 1 1 -1 
-1 -1 -1 0 0 -1 -1 -1 -1 -1 -1 -1 1 1 -1 
-1 -1 -1 0 0 -1 -1 -1 -1 -1 -1 -1 1 1 -1 
-1 -1 0 0 0 -1 -1 -1 -1 -1 -1 -1 1 1 -1 
-1 -1 0 0 0 -1 -1 -1 -1 -1 -1 -1 1 1 -1 
-1 -1 0 0 -1 -1 -1 -1 -1 -1 -1 -1 1 1 -1 
-1 -1 0 0 -1 -1 -1 -1 -1 -1 -1 -1 1 1 -1 
-1 -1 0 0 -1 -1 -1 -1 -1 -1 -1 -1 1 1 -1 
-1 -1 0 0 -1 -1 -1 -1 -1 -1 -1 -1 1 1 -1 
-1 -1 0 0 -1 -1 -1 -1 -1 -1 -1 -1 1 1 -1 
END
15 1
7 2
1 12
-1 -1 -1 0 0 -1 -1 -1 -1 -1 -1 -1 -1 1 1 
-1 -1 -1 0 0 -1 -1 -1 -1 -1 -1 -1 1 1 1 
-1 -1 -1 0 0 -1 -1 -1 -1 -1 -1 -1 1 1 1 
-1 -1 -1 0 0 -1 -1 -1 -1 -1 -1 -1 1 1 1 
-1 -1 -1 0 0 -1 -1 -1 -1 -1 -1 -1 1 1 -1 
-1 -1 -1 0 0 -1 -1 -1 -1 -1 -1 -1 1 1 -1 
-1 -1 -1 0 0 -1 -1 -1 -1 -1 -1 -1 1 1 -1 
-1 -1 0 0 0 -1 -1 -1 -1 -1 -1 -1 1 1 -1 
-1 -1 0 0 0 -1 -1 -1 -1 -1 -1 -1 1 1 -1 
-1 -1 0 0 0 -1 -1 -1 -1 -1 -1 -1 1 1 -1 
-1 -1 0 0 -1 -1 -1 -1 -1 -1 -1 -1 1 1 -1 
-1 -1 0 0 -1 -1 -1 -1 -1 -1 -1 -1 1 1 -1 
-1 -1 0 0 -1 -1 -1 -1 -1 -1 -1 -1 1 1 -1 
-1 -1 0 0 -1 -1 -1 -1 -1 -1 -1 -1 1 1 -1 
-1 -1 0 0 -1 -1 -1 -1 -1 -1 -1 -1 1 1 -1 
END
15 1
6 2
0 12
-1 -1 -1 0 0 -1 -1 -1 -1 -1 -1 -1 1 1 1 
-1 -1 -1 0 0 -1 -1 -1 -1 -1 -1 -1 1 1 1 
-1 -1 -1 0 0 -1 -1 -1 -1 -1 -1 -1 1 1 1 
-1 -1 -1 0 0 -1 -1 -1 -1 -1 -1 -1 1 1 1 
-1 -1 -1 0 0 -1 -1 -1 -1 -1 -1 -1 1 1 -1 
-1 -1 -1 0 0 -1 -1 -1 -1 -1 -1 -1 1 1 -1 
-1 -1 0 0 0 -1 -1 -1 -1 -1 -1 -1 1 1 -1 
-1 -1 0 0 0 -1 -1 -1 -1 -1 -1 -1 1 1 -1 
-1 -1 0 0 0 -1 -1 -1 -1 -1 -1 -1 1 1 -1 
-1 -1 0 0 0 -1 -1 -1 -1 -1 -1 -1 1 1 -1 
-1 -1 0 0 -1 -1 -1 -1 -1 -1 -1 -1 1 1 -1 
-1 -1 0 0 -1 -1 -1 -1 -1 -1 -1 -1 1 1 -1 
-1 -1 0 0 -1 -1 -1 -1 -1 -1 -1 -1 1 1 -1 
-1 -1 0 0 -1 -1 -1 -1 -1 -1 -1 -1 1 1 -1 
-1 -1 0 0 -1 -1 -1 -1 -1 -1 -1 -1 1 1 -1 
END
15 1
5 2
0 11
-1 -1 -1 0 0 -1 -1 -1 -1 -1 -1 1 1 1 1 
-1 -1 -1 0 0 -1 -1 -1 -1 -1 -1 -1 1 1 1 
-1 -1 -1 0 0 -1 -1 -1 -1 -1 -1 -1 1 1 1 
-1 -1 -1 0 0 -1 -1 -1 -1 -1 -1 -1 1 1 1 
-1 -1 -1 0 0 -1 -1 -1 -1 -1 -1 -1 1 1 -1 
-1 -1 0 0 0 -1 -1 -1 -1 -1 -1 -1 1 1 -1 
-1 -1 0 0 0 -1 -1 -1 -1 -1 -1 -1 1 1 -1 
-1 -1 0 0 0 -1 -1 -1 -1 -1 -1 -1 1 1 -1 
-1 -1 0 0 0 -1 -1 -1 -1 -1 -1 -1 1 1 -1 
-1 -1 0 0 0 -1 -1 -1 -1 -1 -1 -1 1 1 -1 
-1 -1 0 0 -1 -1 -1 -1 -1 -1 -1 -1 1 1 -1 
-1 -1 0 0 -1 -1 -1 -1 -1 -1 -1 -1 1 1 -1 
-1 -1 0 0 -1 -1 -1 -1 -1 -1 -1 -1 1 1 -1 
-1 -1 0 0 -1 -1 -1 -1 -1 -1 -1 -1 1 1 -1 
-1 -1 0 0 -1 -1 -1 -1 -1 -1 -1 -1 1 1 -1 
END
15 1
4 2
1 11
-1 -1 -1 0 0 -1 -1 -1 -1 -1 -1 1 1 1 1 
-1 -1 -1 0 0 -1 -1 -1 -1 -1 -1 1 1 1 1 
-1 -1 -1 0 0 -1 -1 -1 -1 -1 -1 -1 1 1 1 
-1 -1 -1 0 0 -1 -1 -1 -1 -1 -1 -1 1 1 1 
-1 -1 0 0 0 -1 -1 -1 -1 -1 -1 -1 1 1 -1 
-1 -1 0 0 0 -1 -1 -1 -1 -1 -1 -1 1 1 -1 
-1 -1 0 0 0 -1 -1 -1 -1 -1 -1 -1 1 1 -1 
-1 -1 0 0 0 -1 -1 -1 -1 -1 -1 -1 1 1 -1 
-1 -1 0 0 0 -1 -1 -1 -1 -1 -1 -1 1 1 -1 
-1 -1 0 0 0 -1 -1 -1 -1 -1 -1 -1 1 1 -1 
-1 -1 0 0 -1 -1 -1 -1 -1 -1 -1 -1 1 1 -1 
-1 -1 0 0 -1 -1 -1 -1 -1 -1 -1 -1 1 1 -1 
-1 -1 0 0 -1 -1 -1 -1 -1 -1 -1 -1 1 1 -1 
-1 -1 0 0 -1 -1 -1 -1 -1 -1 -1 -1 1 1 -1 
-1 -1 0 0 -1 -1 -1 -1 -1 -1 -1 -1 1 1 -1 
END
15 1
3 2
2 11
-1 -1 -1 0 0 -1 -1 -1 -1 -1 -1 1 1 1 1 
-1 -1 -1 0 0 -1 -1 -1 -1 -1 -1 1 1 1 1 
-1 -1 -1 0 0 -1 -1 -1 -1 -1 -1 1 1 1 1 
-1 -1 0 0 0 -1 -1 -1 -1 -1 -1 -1 1 1 1 
-1 -1 0 0 0 -1 -1 -1 -1 -1 -1 -1 1 1 -1 
-1 -1 0 0 0 -1 -1 -1 -1 -1 -1 -1 1 1 -1 
-1 -1 0 0 0 -1 -1 -1 -1 -1 -1 -1 1 1 -1 
-1 -1 0 0 0 -1 -1 -1 -1 -1 -1 -1 1 1 -1 
-1 -1 0 0 0 -1 -1 -1 -1 -1 -1 -1 1 1 -1 
-1 -1 0 0 0 -1 -1 -1 -1 -1 -1 -1 1 1 -1 
-1 -1 0 0 -1 -1 -1 -1 -1 -1 -1 -1 1 1 -1 
-1 -1 0 0 -1 -1 -1 -1 -1 -1 -1 -1 1 1 -1 
-1 -1 0 0 -1 -1 -1 -1 -1 -1 -1 -1 1 1 -1 
-1 -1 0 0 -1 -1 -1 -1 -1 -1 -1 -1 1 1 -1 
-1 -1 0 0 -1 -1 -1 -1 -1 -1 -1 -1 1 1 -1 
END
15 1
2 2
3 11
-1 -1 -1 0 0 -1 -1 -1 -1 -1 -1 1 1 1 1 
-1 -1 -1 0 0 -1 -1 -1 -1 -1 -1 1 1 1 1 
-1 -1 0 0 0 -1 -1 -1 -1 -1 -1 1 1 1 1 
-1 -1 0 0 0 -1 -1 -1 -1 -1 -1 1 1 1 1 
-1 -1 0 0 0 -1 -1 -1 -1 -1 -1 -1 1 1 -1 
-1 -1 0 0 0 -1 -1 -1 -1 -1 -1 -1 1 1 -1 
-1 -1 0 0 0 -1 -1 -1 -1 -1 -1 -1 1 1 -1 
-1 -1 0 0 0 -1 -1 -1 -1 -1 -1 -1 1 1 -1 
-1 -1 0 0 0 -1 -1 -1 -1 -1 -1 -1 1 1 -1 
-1 -1 0 0 0 -1 -1 -1 -1 -1 -1 -1 1 1 -1 
-1 -1 0 0 -1 -1 -1 -1 -1 -1 -1 -1 1 1 -1 
-1 -1 0 0 -1 -1 -1 -1 -1 -1 -1 -1 1 1 -1 
-1 -1 0 0 -1 -1 -1 -1 -1 -1 -1 -1 1 1 -1 
-1 -1 0 0 -1 -1 -1 -1 -1 -1 -1 -1 1 1 -1 
-1 -1 0 0 -1 -1 -1 -1 -1 -1 -1 -1 1 1 -1 
END
15 1
1 2
4 11
-1 -1 -1 0 0 -1 -1 -1 -1 -1 -1 1 1 1 1 
-1 -1 0 0 0 -1 -1 -1 -1 -1 -1 1 1 1 1 
-1 -1 0 0 0 -1 -1 -1 -1 -1 -1 1 1 1 1 
-1 -1 0 0 0 -1 -1 -1 -1 -1 -1 1 1 1 1 
-1 -1 0 0 0 -1 -1 -1 -1 -1 -1 1 1 1 -1 
-1 -1 0 0 0 -1 -1 -1 -1 -1 -1 -1 1 1 -1 
-1 -1 0 0 0 -1 -1 -1 -1 -1 -1 -1 1 1 -1 
-1 -1 0 0 0 -1 -1 -1 -1 -1 -1 -1 1 1 -1 
-1 -1 0 0 0 -1 -1 -1 -1 -1 -1 -1 1 1 -1 
-1 -1 0 0 0 -1 -1 -1 -1 -1 -1 -1 1 1 -1 
-1 -1 0 0 -1 -1 -1 -1 -1 -1 -1 -1 1 1 -1 
-1 -1 0 0 -1 -1 -1 -1 -1 -1 -1 -1 1 1 -1 
-1 -1 0 0 -1 -1 -1 -1 -1 -1 -1 -1 1 1 -1 
-1 -1 0 0 -1 -1 -1 -1 -1 -1 -1 -1 1 1 -1 
-1 -1 0 0 -1 -1 -1 -1 -1 -1 -1 -1 1 1 -1 
END
15 1
0 2
5 11
-1 -1 0 0 0 -1 -1 -1 -1 -1 -1 1 1 1 1 
-1 -1 0 0 0 -1 -1 -1 -1 -1 -1 1 1 1 1 
-1 -1 0 0 0 -1 -1 -1 -1 -1 -1 1 1 1 1 
-1 -1 0 0 0 -1 -1 -1 -1 -1 -1 1 1 1 1 
-1 -1 0 0 0 -1 -1 -1 -1 -1 -1 1 1 1 -1 
-1 -1 0 0 0 -1 -1 -1 -1 -1 -1 1 1 1 -1 
-1 -1 0 0 0 -1 -1 -1 -1 -1 -1 -1 1 1 -1 
-1 -1 0 0 0 -1 -1 -1 -1 -1 -1 -1 1 1 -1 
-1 -1 0 0 0 -1 -1 -1 -1 -1 -1 -1 1 1 -1 
-1 -1 0 0 0 -1 -1 -1 -1 -1 -1 -1 1 1 -1 
-1 -1 0 0 -1 -1 -1 -1 -1 -1 -1 -1 1 1 -1 
-1 -1 0 0 -1 -1 -1 -1 -1 -1 -1 -1 1 1 -1 
-1 -1 0 0 -1 -1 -1 -1 -1 -1 -1 -1 1 1 -1 
-1 -1 0 0 -1 -1 -1 -1 -1 -1 -1 -1 1 1 -1 
-1 -1 0 0 -1 -1 -1 -1 -1 -1 -1 -1 1 1 -1 
END
15 1
0 1
6 11
-1 0 0 0 0 -1 -1 -1 -1 -1 -1 1 1 1 1 
-1 -1 0 0 0 -1 -1 -1 -1 -1 -1 1 1 1 1 
-1 -1 0 0 0 -1 -1 -1 -1 -1 -1 1 1 1 1 
-1 -1 0 0 0 -1 -1 -1 -1 -1 -1 1 1 1 1 
-1 -1 0 0 0 -1 -1 -1 -1 -1 -1 1 1 1 -1 
-1 -1 0 0 0 -1 -1 -1 -1 -1 -1 1 1 1 -1 
-1 -1 0 0 0 -1 -1 -1 -1 -1 -1 1 1 1 -1 
-1 -1 0 0 0 -1 -1 -1 -1 -1 -1 -1 1 1 -1 
-1 -1 0 0 0 -1 -1 -1 -1 -1 -1 -1 1 1 -1 
-1 -1 0 0 0 -1 -1 -1 -1 -1 -1 -1 1 1 -1 
-1 -1 0 0 -1 -1 -1 -1 -1 -1 -1 -1 1 1 -1 
-1 -1 0 0 -1 -1 -1 -1 -1 -1 -1 -1 1 1 -1 
-1 -1 0 0 -1 -1 -1 -1 -1 -1 -1 -1 1 1 -1 
-1 -1 0 0 -1 -1 -1 -1 -1 -1 -1 -1 1 1 -1 
-1 -1 0 0 -1 -1 -1 -1 -1 -1 -1 -1 1 1 -1 
END
15 1
1 1
7 11
-1 0 0 0 0 -1 -1 -1 -1 -1 -1 1 1 1 1 
-1 0 0 0 0 -1 -1 -1 -1 -1 -1 1 1 1 1 
-1 -1 0 0 0 -1 -1 -1 -1 -1 -1 1 1 1 1 
-1 -1 0 0 0 -1 -1 -1 -1 -1 -1 1 1 1 1 
-1 -1 0 0 0 -1 -1 -1 -1 -1 -1 1 1 1 -1 
-1 -1 0 0 0 -1 -1 -1 -1 -1 -1 1 1 1 -1 
-1 -1 0 0 0 -1 -1 -1 -1 -1 -1 1 1 1 -1 
-1 -1 0 0 0 -1 -1 -1 -1 -1 -1 1 1 1 -1 
-1 -1 0 0 0 -1 -1 -1 -1 -1 -1 -1 1 1 -1 
-1 -1 0 0 0 -1 -1 -1 -1 -1 -1 -1 1 1 -1 
-1 -1 0 0 -1 -1 -1 -1 -1 -1 -1 -1 1 1 -1 
-1 -1 0 0 -1 -1 -1 -1 -1 -1 -1 -1 1 1 -1 
-1 -1 0 0 -1 -1 -1 -1 -1 -1 -1 -1 1 1 -1 
-1 -1 0 0 -1 -1 -1 -1 -1 -1 -1 -1 1 1 -1 
-1 -1 0 0 -1 -1 -1 -1 -1 -1 -1 -1 1 1 -1 
END
15 1
2 1
8 11
-1 0 0 0 0 -1 -1 -1 -1 -1 -1 1 1 1 1 
-1 0 0 0 0 -1 -1 -1 -1 -1 -1 1 1 1 1 
-1 0 0 0 0 -1 -1 -1 -1 -1 -1 1 1 1 1 
-1 -1 0 0 0 -1 -1 -1 -1 -1 -1 1 1 1 1 
-1 -1 0 0 0 -1 -1 -1 -1 -1 -1 1 1 1 -1 
-1 -1 0 0 0 -1 -1 -1 -1 -1 -1 1 1 1 -1 
-1 -1 0 0 0 -1 -1 -1 -1 -1 -1 1 1 1 -1 
-1 -1 0 0 0 -1 -1 -1 -1 -1 -1 1 1 1 -1 
-1 -1 0 0 0 -1 -1 -1 -1 -1 -1 1 1 1 -1 
-1 -1 0 0 0 -1 -1 -1 -1 -1 -1 -1 1 1 -1 
-1 -1 0 0 -1 -1 -1 -1 -1 -1 -1 -1 1 1 -1 
-1 -1 0 0 -1 -1 -1 -1 -1 -1 -1 -1 1 1 -1 
-1 -1 0 0 -1 -1 -1 -1 -1 -1 -1 -1 1 1 -1 
-1 -1 0 0 -1 -1 -1 -1 -1 -1 -1 -1 1 1 -1 
-1 -1 0 0 -1 -1 -1 -1 -1 -1 -1 -1 1 1 -1 
END
15 1
3 1
9 11
-1 0 0 0 0 -1 -1 -1 -1 -1 -1 1 1 1 1 
-1 0 0 0 0 -1 -1 -1 -1 -1 -1 1 1 1 1 
-1 0 0 0 0 -1 -1 -1 -1 -1 -1 1 1 1 1 
-1 0 0 0 0 -1 -1 -1 -1 -1 -1 1 1 1 1 
-1 -1 0 0 0 -1 -1 -1 -1 -1 -1 1 1 1 -1 
-1 -1 0 0 0 -1 -1 -1 -1 -1 -1 1 1 1 -1 
-1 -1 0 0 0 -1 -1 -1 -1 -1 -1 1 1 1 -1 
-1 -1 0 0 0 -1 -1 -1 -1 -1 -1 1 1 1 -1 
-1 -1 0 0 0 -1 -1 -1 -1 -1 -1 1 1 1 -1 
-1 -1 0 0 0 -1 -1 -1 -1 -1 -1 1 1 1 -1 
-1 -1 0 0 -1 -1 -1 -1 -1 -1 -1 -1 1 1 -1 
-1 -1 0 0 -1 -1 -1 -1 -1 -1 -1 -1 1 1 -1 
-1 -1 0 0 -1 -1 -1 -1 -1 -1 -1 -1 1 1 -1 
-1 -1 0 0 -1 -1 -1 -1 -1 -1 -1 -1 1 1 -1 
-1 -1 0 0 -1 -1 -1 -1 -1 -1 -1 -1 1 1 -1 
END
15 1
4 1
10 11
-1 0 0 0 0 -1 -1 -1 -1 -1 -1 1 1 1 1 
-1 0 0 0 0 -1 -1 -1 -1 -1 -1 1 1 1 1 
-1 0 0 0 0 -1 -1 -1 -1 -1 -1 1 1 1 1 
-1 0 0 0 0 -1 -1 -1 -1 -1 -1 1 1 1 1 
-1 0 0 0 0 -1 -1 -1 -1 -1 -1 1 1 1 -1 
-1 -1 0 0 0 -1 -1 -1 -1 -1 -1 1 1 1 -1 
-1 -1 0 0 0 -1 -1 -1 -1 -1 -1 1 1 1 -1 
-1 -1 0 0 0 -1 -1 -1 -1 -1 -1 1 1 1 -1 
-1 -1 0 0 0 -1 -1 -1 -1 -1 -1 1 1 1 -1 
-1 -1 0 0 0 -1 -1 -1 -1 -1 -1 1 1 1 -1 
-1 -1 0 0 -1 -1 -1 -1 -1 -1 -1 1 1 1 -1 
-1 -1 0 0 -1 -1 -1 -1 -1 -1 -1 -1 1 1 -1 
-1 -1 0 0 -1 -1 -1 -1 -1 -1 -1 -1 1 1 -1 
-1 -1 0 0 -1 -1 -1 -1 -1 -1 -1 -1 1 1 -1 
-1 -1 0 0 -1 -1 -1 -1 -1 -1 -1 -1 1 1 -1 
END
15 1
5 1
11 11
-1 0 0 0 0 -1 -1 -1 -1 -1 -1 1 1 1 1 
-1 0 0 0 0 -1 -1 -1 -1 -1 -1 1 1 1 1 
-1 0 0 0 0 -1 -1 -1 -1 -1 -1 1 1 1 1 
-1 0 0 0 0 -1 -1 -1 -1 -1 -1 1 1 1 1 
-1 0 0 0 0 -1 -1 -1 -1 -1 -1 1 1 1 -1 
-1 0 0 0 0 -1 -1 -1 -1 -1 -1 1 1 1 -1 
-1 -1 0 0 0 -1 -1 -1 -1 -1 -1 1 1 1 -1 
-1 -1 0 0 0 -1 -1 -1 -1 -1 -1 1 1 1 -1 
-1 -1 0 0 0 -1 -1 -1 -1 -1 -1 1 1 1 -1 
-1 -1 0 0 0 -1 -1 -1 -1 -1 -1 1 1 1 -1 
-1 -1 0 0 -1 -1 -1 -1 -1 -1 -1 1 1 1 -1 
-1 -1 0 0 -1 -1 -1 -1 -1 -1 -1 1 1 1 -1 
-1 -1 0 0 -1 -1 -1 -1 -1 -1 -1 -1 1 1 -1 
-1 -1 0 0 -1 -1 -1 -1 -1 -1 -1 -1 1 1 -1 
-1 -1 0 0 -1 -1 -1 -1 -1 -1 -1 -1 1 1 -1 
END
15 1
6 1
12 11
-1 0 0 0 0 -1 -1 -1 -1 -1 -1 1 1 1 1 
-1 0 0 0 0 -1 -1 -1 -1 -1 -1 1 1 1 1 
-1 0 0 0 0 -1 -1 -1 -1 -1 -1 1 1 1 1 
-1 0 0 0 0 -1 -1 -1 -1 -1 -1 1 1 1 1 
-1 0 0 0 0 -1 -1 -1 -1 -1 -1 1 1 1 -1 
-1 0 0 0 0 -1 -1 -1 -1 -1 -1 1 1 1 -1 
-1 0 0 0 0 -1 -1 -1 -1 -1 -1 1 1 1 -1 
-1 -1 0 0 0 -1 -1 -1 -1 -1 -1 1 1 1 -1 
-1 -1 0 0 0 -1 -1 -1 -1 -1 -1 1 1 1 -1 
-1 -1 0 0 0 -1 -1 -1 -1 -1 -1 1 1 1 -1 
-1 -1 0 0 -1 -1 -1 -1 -1 -1 -1 1 1 1 -1 
-1 -1 0 0 -1 -1 -1 -1 -1 -1 -1 1 1 1 -1 
-1 -1 0 0 -1 -1 -1 -1 -1 -1 -1 1 1 1 -1 
-1 -1 0 0 -1 -1 -1 -1 -1 -1 -1 -1 1 1 -1 
-1 -1 0 0 -1 -1 -1 -1 -1 -1 -1 -1 1 1 -1 
END
15 1
7 1
13 11
-1 0 0 0 0 -1 -1 -1 -1 -1 -1 1 1 1 1 
-1 0 0 0 0 -1 -1 -1 -1 -1 -1 1 1 1 1 
-1 0 0 0 0 -1 -1 -1 -1 -1 -1 1 1 1 1 
-1 0 0 0 0 -1 -1 -1 -1 -1 -1 1 1 1 1 
-1 0 0 0 0 -1 -1 -1 -1 -1 -1 1 1 1 -1 
-1 0 0 0 0 -1 -1 -1 -1 -1 -1 1 1 1 -1 
-1 0 0 0 0 -1 -1 -1 -1 -1 -1 1 1 1 -1 
-1 0 0 0 0 -1 -1 -1 -1 -1 -1 1 1 1 -1 
-1 -1 0 0 0 -1 -1 -1 -1 -1 -1 1 1 1 -1 
-1 -1 0 0 0 -1 -1 -1 -1 -1 -1 1 1 1 -1 
-1 -1 0 0 -1 -1 -1 -1 -1 -1 -1 1 1 1 -1 
-1 -1 0 0 -1 -1 -1 -1 -1 -1 -1 1 1 1 -1 
-1 -1 0 0 -1 -1 -1 -1 -1 -1 -1 1 1 1 -1 
-1 -1 0 0 -1 -1 -1 -1 -1 -1 -1 1 1 1 -1 
-1 -1 0 0 -1 -1 -1 -1 -1 -1 -1 -1 1 1 -1 
END
15 1
8 1
14 11
-1 0 0 0 0 -1 -1 -1 -1 -1 -1 1 1 1 1 
-1 0 0 0 0 -1 -1 -1 -1 -1 -1 1 1 1 1 
-1 0 0 0 0 -1 -1 -1 -1 -1 -1 1 1 1 1 
-1 0 0 0 0 -1 -1 -1 -1 -1 -1 1 1 1 1 
-1 0 0 0 0 -1 -1 -1 -1 -1 -1 1 1 1 -1 
-1 0 0 0 0 -1 -1 -1 -1 -1 -1 1 1 1 -1 
-1 0 0 0 0 -1 -1 -1 -1 -1 -1 1 1 1 -1 
-1 0 0 0 0 -1 -1 -1 -1 -1 -1 1 1 1 -1 
-1 0 0 0 0 -1 -1 -1 -1 -1 -1 1 1 1 -1 
-1 -1 0 0 0 -1 -1 -1 -1 -1 -1 1 1 1 -1 
-1 -1 0 0 -1 -1 -1 -1 -1 -1 -1 1 1 1 -1 
-1 -1 0 0 -1 -1 -1 -1 -1 -1 -1 1 1 1 -1 
-1 -1 0 0 -1 -1 -1 -1 -1 -1 -1 1 1 1 -1 
-1 -1 0 0 -1 -1 -1 -1 -1 -1 -1 1 1 1 -1 
-1 -1 0 0 -1 -1 -1 -1 -1 -1 -1 1 1 1 -1 
END
15 1
9 1
14 10
-1 0 0 0 0 -1 -1 -1 -1 -1 -1 1 1 1 1 
-1 0 0 0 0 -1 -1 -1 -1 -1 -1 1 1 1 1 
-1 0 0 0 0 -1 -1 -1 -1 -1 -1 1 1 1 1 
-1 0 0 0 0 -1 -1 -1 -1 -1 -1 1 1 1 1 
-1 0 0 0 0 -1 -1 -1 -1 -1 -1 1 1 1 -1 
-1 0 0 0 0 -1 -1 -1 -1 -1 -1 1 1 1 -1 
-1 0 0 0 0 -1 -1 -1 -1 -1 -1 1 1 1 -1 
-1 0 0 0 0 -1 -1 -1 -1 -1 -1 1 1 1 -1 
-1 0 0 0 0 -1 -1 -1 -1 -1 -1 1 1 1 -1 
-1 0 0 0 0 -1 -1 -1 -1 -1 -1 1 1 1 -1 
-1 -1 0 0 -1 -1 -1 -1 -1 -1 -1 1 1 1 -1 
-1 -1 0 0 -1 -1 -1 -1 -1 -1 -1 1 1 1 -1 
-1 -1 0 0 -1 -1 -1 -1 -1 -1 -1 1 1 1 -1 
-1 -1 0 0 -1 -1 -1 -1 -1 -1 -1 1 1 1 -1 
-1 -1 0 0 -1 -1 -1 -1 -1 -1 1 1 1 1 -1 
END
15 1
10 1
13 10
-1 0 0 0 0 -1 -1 -1 -1 -1 -1 1 1 1 1 
-1 0 0 0 0 -1 -1 -1 -1 -1 -1 1 1 1 1 
-1 0 0 0 0 -1 -1 -1 -1 -1 -1 1 1 1 1 
-1 0 0 0 0 -1 -1 -1 -1 -1 -1 1 1 1 1 
-1 0 0 0 0 -1 -1 -1 -1 -1 -1 1 1 1 -1 
-1 0 0 0 0 -1 -1 -1 -1 -1 -1 1 1 1 -1 
-1 0 0 0 0 -1 -1 -1 -1 -1 -1 1 1 1 -1 
-1 0 0 0 0 -1 -1 -1 -1 -1 -1 1 1 1 -1 
-1 0 0 0 0 -1 -1 -1 -1 -1 -1 1 1 1 -1 
-1 0 0 0 0 -1 -1 -1 -1 -1 -1 1 1 1 -1 
-1 0 0 0 -1 -1 -1 -1 -1 -1 -1 1 1 1 -1 
-1 -1 0 0 -1 -1 -1 -1 -1 -1 -1 1 1 1 -1 
-1 -1 0 0 -1 -1 -1 -1 -1 -1 -1 1 1 1 -1 
-1 -1 0 0 -1 -1 -1 -1 -1 -1 1 1 1 1 -1 
-1 -1 0 0 -1 -1 -1 -1 -1 -1 1 1 1 1 -1 
END
15 1
11 1
12 10
-1 0 0 0 0 -1 -1 -1 -1 -1 -1 1 1 1 1 
-1 0 0 0 0 -1 -1 -1 -1 -1 -1 1 1 1 1 
-1 0 0 0 0 -1 -1 -1 -1 -1 -1 1 1 1 1 
-1 0 0 0 0 -1 -1 -1 -1 -1 -1 1 1 1 1 
-1 0 0 0 0 -1 -1 -1 -1 -1 -1 1 1 1 -1 
-1 0 0 0 0 -1 -1 -1 -1 -1 -1 1 1 1 -1 
-1 0 0 0 0 -1 -1 -1 -1 -1 -1 1 1 1 -1 
-1 0 0 0 0 -1 -1 -1 -1 -1 -1 1 1 1 -1 
-1 0 0 0 0 -1 -1 -1 -1 -1 -1 1 1 1 -1 
-1 0 0 0 0 -1 -1 -1 -1 -1 -1 1 1 1 -1 
-1 0 0 0 -1 -1 -1 -1 -1 -1 -1 1 1 1 -1 
-1 0 0 0 -1 -1 -1 -1 -1 -1 -1 1 1 1 -1 
-1 -1 0 0 -1 -1 -1 -1 -1 -1 1 1 1 1 -1 
-1 -1 0 0 -1 -1 -1 -1 -1 -1 1 1 1 1 -1 
-1 -1 0 0 -1 -1 -1 -1 -1 -1 1 1 1 1 -1 
END
15 1
12 1
11 10
-1 0 0 0 0 -1 -1 -1 -1 -1 -1 1 1 1 1 
-1 0 0 0 0 -1 -1 -1 -1 -1 -1 1 1 1 1 
-1 0 0 0 0 -1 -1 -1 -1 -1 -1 1 1 1 1 
-1 0 0 0 0 -1 -1 -1 -1 -1 -1 1 1 1 1 
-1 0 0 0 0 -1 -1 -1 -1 -1 -1 1 1 1 -1 
-1 0 0 0 0 -1 -1 -1 -1 -1 -1 1 1 1 -1 
-1 0 0 0 0 -1 -1 -1 -1 -1 -1 1 1 1 -1 
-1 0 0 0 0 -1 -1 -1 -1 -1 -1 1 1 1 -1 
-1 0 0 0 0 -1 -1 -1 -1 -1 -1 1 1 1 -1 
-1 0 0 0 0 -1 -1 -1 -1 -1 -1 1 1 1 -1 
-1 0 0 0 -1 -1 -1 -1 -1 -1 -1 1 1 1 -1 
-1 0 0 0 -1 -1 -1 -1 -1 -1 1 1 1 1 -1 
-1 0 0 0 -1 -1 -1 -1 -1 -1 1 1 1 1 -1 
-1 -1 0 0 -1 -1 -1 -1 -1 -1 1 1 1 1 -1 
-1 -1 0 0 -1 -1 -1 -1 -1 -1 1 1 1 1 -1 
END
15 1
13 1
10 10
-1 0 0 0 0 -1 -1 -1 -1 -1 -1 1 1 1 1 
-1 0 0 0 0 -1 -1 -1 -1 -1 -1 1 1 1 1 
-1 0 0 0 0 -1 -1 -1 -1 -1 -1 1 1 1 1 
-1 0 0 0 0 -1 -1 -1 -1 -1 -1 1 1 1 1 
-1 0 0 0 0 -1 -1 -1 -1 -1 -1 1 1 1 -1 
-1 0 0 0 0 -1 -1 -1 -1 -1 -1 1 1 1 -1 
-1 0 0 0 0 -1 -1 -1 -1 -1 -1 1 1 1 -1 
-1 0 0 0 0 -1 -1 -1 -1 -1 -1 1 1 1 -1 
-1 0 0 0 0 -1 -1 -1 -1 -1 -1 1 1 1 -1 
-1 0 0 0 0 -1 -1 -1 -1 -1 -1 1 1 1 -1 
-1 0 0 0 -1 -1 -1 -1 -1 -1 1 1 1 1 -1 
-1 0 0 0 -1 -1 -1 -1 -1 -1 1 1 1 1 -1 
-1 0 0 0 -1 -1 -1 -1 -1 -1 1 1 1 1 -1 
-1 0 0 0 -1 -1 -1 -1 -1 -1 1 1 1 1 -1 
-1 -1 0 0 -1 -1 -1 -1 -1 -1 1 1 1 1 -1 
END
15 1
14 1
9 10
-1 0 0 0 0 -1 -1 -1 -1 -1 -1 1 1 1 1 
-1 0 0 0 0 -1 -1 -1 -1 -1 -1 1 1 1 1 
-1 0 0 0 0 -1 -1 -1 -1 -1 -1 1 1 1 1 
-1 0 0 0 0 -1 -1 -1 -1 -1 -1 1 1 1 1 
-1 0 0 0 0 -1 -1 -1 -1 -1 -1 1 1 1 -1 
-1 0 0 0 0 -1 -1 -1 -1 -1 -1 1 1 1 -1 
-1 0 0 0 0 -1 -1 -1 -1 -1 -1 1 1 1 -1 
-1 0 0 0 0 -1 -1 -1 -1 -1 -1 1 1 1 -1 
-1 0 0 0 0 -1 -1 -1 -1 -1 -1 1 1 1 -1 
-1 0 0 0 0 -1 -1 -1 -1 -1 1 1 1 1 -1 
-1 0 0 0 -1 -1 -1 -1 -1 -1 1 1 1 1 -1 
-1 0 0 0 -1 -1 -1 -1 -1 -1 1 1 1 1 -1 
-1 0 0 0 -1 -1 -1 -1 -1 -1 1 1 1 1 -1 
-1 0 0 0 -1 -1 -1 -1 -1 -1 1 1 1 1 -1 
-1 0 0 0 -1 -1 -1 -1 -1 -1 1 1 1 1 -1 
END
15 1
14 0
8 10
-1 0 0 0 0 -1 -1 -1 -1 -1 -1 1 1 1 1 
-1 0 0 0 0 -1 -1 -1 -1 -1 -1 1 1 1 1 
-1 0 0 0 0 -1 -1 -1 -1 -1 -1 1 1 1 1 
-1 0 0 0 0 -1 -1 -1 -1 -1 -1 1 1 1 1 
-1 0 0 0 0 -1 -1 -1 -1 -1 -1 1 1 1 -1 
-1 0 0 0 0 -1 -1 -1 -1 -1 -1 1 1 1 -1 
-1 0 0 0 0 -1 -1 -1 -1 -1 -1 1 1 1 -1 
-1 0 0 0 0 -1 -1 -1 -1 -1 -1 1 1 1 -1 
-1 0 0 0 0 -1 -1 -1 -1 -1 1 1 1 1 -1 
-1 0 0 0 0 -1 -1 -1 -1 -1 1 1 1 1 -1 
-1 0 0 0 -1 -1 -1 -1 -1 -1 1 1 1 1 -1 
-1 0 0 0 -1 -1 -1 -1 -1 -1 1 1 1 1 -1 
-1 0 0 0 -1 -1 -1 -1 -1 -1 1 1 1 1 -1 
-1 0 0 0 -1 -1 -1 -1 -1 -1 1 1 1 1 -1 
0 0 0 0 -1 -1 -1 -1 -1 -1 1 1 1 1 -1 
END
15 1
13 0
7 10
-1 0 0 0 0 -1 -1 -1 -1 -1 -1 1 1 1 1 
-1 0 0 0 0 -1 -1 -1 -1 -1 -1 1 1 1 1 
-1 0 0 0 0 -1 -1 -1 -1 -1 -1 1 1 1 1 
-1 0 0 0 0 -1 -1 -1 -1 -1 -1 1 1 1 1 
-1 0 0 0 0 -1 -1 -1 -1 -1 -1 1 1 1 -1 
-1 0 0 0 0 -1 -1 -1 -1 -1 -1 1 1 1 -1 
-1 0 0 0 0 -1 -1 -1 -1 -1 -1 1 1 1 -1 
-1 0 0 0 0 -1 -1 -1 -1 -1 1 1 1 1 -1 
-1 0 0 0 0 -1 -1 -1 -1 -1 1 1 1 1 -1 
-1 0 0 0 0 -1 -1 -1 -1 -1 1 1 1 1 -1 
-1 0 0 0 -1 -1 -1 -1 -1 -1 1 1 1 1 -1 
-1 0 0 0 -1 -1 -1 -1 -1 -1 1 1 1 1 -1 
-1 0 0 0 -1 -1 -1 -1 -1 -1 1 1 1 1 -1 
0 0 0 0 -1 -1 -1 -1 -1 -1 1 1 1 1 -1 
0 0 0 0 -1 -1 -1 -1 -1 -1 1 1 1 1 -1 
END
15 1
12 0
6 10
-1 0 0 0 0 -1 -1 -1 -1 -1 -1 1 1 1 1 
-1 0 0 0 0 -1 -1 -1 -1 -1 -1 1 1 1 1 
-1 0 0 0 0 -1 -1 -1 -1 -1 -1 1 1 1 1 
-1 0 0 0 0 -1 -1 -1 -1 -1 -1 1 1 1 1 
-1 0 0 0 0 -1 -1 -1 -1 -1 -1 1 1 1 -1 
-1 0 0 0 0 -1 -1 -1 -1 -1 -1 1 1 1 -1 
-1 0 0 0 0 -1 -1 -1 -1 -1 1 1 1 1 -1 
-1 0 0 0 0 -1 -1 -1 -1 -1 1 1 1 1 -1 
-1 0 0 0 0 -1 -1 -1 -1 -1 1 1 1 1 -1 
-1 0 0 0 0 -1 -1 -1 -1 -1 1 1 1 1 -1 
-1 0 0 0 -1 -1 -1 -1 -1 -1 1 1 1 1 -1 
-1 0 0 0 -1 -1 -1 -1 -1 -1 1 1 1 1 -1 
0 0 0 0 -1 -1 -1 -1 -1 -1 1 1 1 1 -1 
0 0 0 0 -1 -1 -1 -1 -1 -1 1 1 1 1 -1 
0 0 0 0 -1 -1 -1 -1 -1 -1 1 1 1 1 -1 
END
15 1
11 0
5 10
-1 0 0 0 0 -1 -1 -1 -1 -1 -1 1 1 1 1 
-1 0 0 0 0 -1 -1 -1 -1 -1 -1 1 1 1 1 
-1 0 0 0 0 -1 -1 -1 -1 -1 -1 1 1 1 1 
-1 0 0 0 0 -1 -1 -1 -1 -1 -1 1 1 1 1 
-1 0 0 0 0 -1 -1 -1 -1 -1 -1 1 1 1 -1 
-1 0 0 0 0 -1 -1 -1 -1 -1 1 1 1 1 -1 
-1 0 0 0 0 -1 -1 -1 -1 -1 1 1 1 1 -1 
-1 0 0 0 0 -1 -1 -1 -1 -1 1 1 1 1 -1 
-1 0 0 0 0 -1 -1 -1 -1 -1 1 1 1 1 -1 
-1 0 0 0 0 -1 -1 -1 -1 -1 1 1 1 1 -1 
-1 0 0 0 -1 -1 -1 -1 -1 -1 1 1 1 1 -1 
0 0 0 0 -1 -1 -1 -1 -1 -1 1 1 1 1 -1 
0 0 0 0 -1 -1 -1 -1 -1 -1 1 1 1 1 -1 
0 0 0 0 -1 -1 -1 -1 -1 -1 1 1 1 1 -1 
0 0 0 0 -1 -1 -1 -1 -1 -1 1 1 1 1 -1 
END
15 1
10 0
4 10
-1 0 0 0 0 -1 -1 -1 -1 -1 -1 1 1 1 1 
-1 0 0 0 0 -1 -1 -1 -1 -1 -1 1 1 1 1 
-1 0 0 0 0 -1 -1 -1 -1 -1 -1 1 1 1 1 
-1 0 0 0 0 -1 -1 -1 -1 -1 -1 1 1 1 1 
-1 0 0 0 0 -1 -1 -1 -1 -1 1 1 1 1 -1 
-1 0 0 0 0 -1 -1 -1 -1 -1 1 1 1 1 -1 
-1 0 0 0 0 -1 -1 -1 -1 -1 1 1 1 1 -1 
-1 0 0 0 0 -1 -1 -1 -1 -1 1 1 1 1 -1 
-1 0 0 0 0 -1 -1 -1 -1 -1 1 1 1 1 -1 
-1 0 0 0 0 -1 -1 -1 -1 -1 1 1 1 1 -1 
0 0 0 0 -1 -1 -1 -1 -1 -1 1 1 1 1 -1 
0 0 0 0 -1 -1 -1 -1 -1 -1 1 1 1 1 -1 
0 0 0 0 -1 -1 -1 -1 -1 -1 1 1 1 1 -1 
0 0 0 0 -1 -1 -1 -1 -1 -1 1 1 1 1 -1 
0 0 0 0 -1 -1 -1 -1 -1 -1 1 1 1 1 -1 
END
15 1
9 0
3 10
-1 0 0 0 0 -1 -1 -1 -1 -1 -1 1 1 1 1 
-1 0 0 0 0 -1 -1 -1 -1 -1 -1 1 1 1 1 
-1 0 0 0 0 -1 -1 -1 -1 -1 -1 1 1 1 1 
-1 0 0 0 0 -1 -1 -1 -1 -1 1 1 1 1 1 
-1 0 0 0 0 -1 -1 -1 -1 -1 1 1 1 1 -1 
-1 0 0 0 0 -1 -1 -1 -1 -1 1 1 1 1 -1 
-1 0 0 0 0 -1 -1 -1 -1 -1 1 1 1 1 -1 
-1 0 0 0 0 -1 -1 -1 -1 -1 1 1 1 1 -1 
-1 0 0 0 0 -1 -1 -1 -1 -1 1 1 1 1 -1 
0 0 0 0 0 -1 -1 -1 -1 -1 1 1 1 1 -1 
0 0 0 0 -1 -1 -1 -1 -1 -1 1 1 1 1 -1 
0 0 0 0 -1 -1 -1 -1 -1 -1 1 1 1 1 -1 
0 0 0 0 -1 -1 -1 -1 -1 -1 1 1 1 1 -1 
0 0 0 0 -1 -1 -1 -1 -1 -1 1 1 1 1 -1 
0 0 0 0 -1 -1 -1 -1 -1 -1 1 1 1 1 -1 
END
15 1
8 0
2 10
-1 0 0 0 0 -1 -1 -1 -1 -1 -1 1 1 1 1 
-1 0 0 0 0 -1 -1 -1 -1 -1 -1 1 1 1 1 
-1 0 0 0 0 -1 -1 -1 -1 -1 1 1 1 1 1 
-1 0 0 0 0 -1 -1 -1 -1 -1 1 1 1 1 1 
-1 0 0 0 0 -1 -1 -1 -1 -1 1 1 1 1 -1 
-1 0 0 0 0 -1 -1 -1 -1 -1 1 1 1 1 -1 
-1 0 0 0 0 -1 -1 -1 -1 -1 1 1 1 1 -1 
-1 0 0 0 0 -1 -1 -1 -1 -1 1 1 1 1 -1 
0 0 0 0 0 -1 -1 -1 -1 -1 1 1 1 1 -1 
0 0 0 0 0 -1 -1 -1 -1 -1 1 1 1 1 -1 
0 0 0 0 -1 -1 -1 -1 -1 -1 1 1 1 1 -1 
0 0 0 0 -1 -1 -1 -1 -1 -1 1 1 1 1 -1 
0 0 0 0 -1 -1 -1 -1 -1 -1 1 1 1 1 -1 
0 0 0 0 -1 -1 -1 -1 -1 -1 1 1 1 1 -1 
0 0 0 0 -1 -1 -1 -1 -1 -1 1 1 1 1 -1 
END
15 1
7 0
1 10
-1 0 0 0 0 -1 -1 -1 -1 -1 -1 1 1 1 1 
-1 0 0 0 0 -1 -1 -1 -1 -1 1 1 1 1 1 
-1 0 0 0 0 -1 -1 -1 -1 -1 1 1 1 1 1 
-1 0 0 0 0 -1 -1 -1 -1 -1 1 1 1 1 1 
-1 0 0 0 0 -1 -1 -1 -1 -1 1 1 1 1 -1 
-1 0 0 0 0 -1 -1 -1 -1 -1 1 1 1 1 -1 
-1 0 0 0 0 -1 -1 -1 -1 -1 1 1 1 1 -1 
0 0 0 0 0 -1 -1 -1 -1 -1 1 1 1 1 -1 
0 0 0 0 0 -1 -1 -1 -1 -1 1 1 1 1 -1 
0 0 0 0 0 -1 -1 -1 -1 -1 1 1 1 1 -1 
0 0 0 0 -1 -1 -1 -1 -1 -1 1 1 1 1 -1 
0 0 0 0 -1 -1 -1 -1 -1 -1 1 1 1 1 -1 
0 0 0 0 -1 -1 -1 -1 -1 -1 1 1 1 1 -1 
0 0 0 0 -1 -1 -1 -1 -1 -1 1 1 1 1 -1 
0 0 0 0 -1 -1 -1 -1 -1 -1 1 1 1 1 -1 
END
15 1
6 0
0 10
-1 0 0 0 0 -1 -1 -1 -1 -1 1 1 1 1 1 
-1 0 0 0 0 -1 -1 -1 -1 -1 1 1 1 1 1 
-1 0 0 0 0 -1 -1 -1 -1 -1 1 1 1 1 1 
-1 0 0 0 0 -1 -1 -1 -1 -1 1 1 1 1 1 
-1 0 0 0 0 -1 -1 -1 -1 -1 1 1 1 1 -1 
-1 0 0 0 0 -1 -1 -1 -1 -1 1 1 1 1 -1 
0 0 0 0 0 -1 -1 -1 -1 -1 1 1 1 1 -1 
0 0 0 0 0 -1 -1 -1 -1 -1 1 1 1 1 -1 
0 0 0 0 0 -1 -1 -1 -1 -1 1 1 1 1 -1 
0 0 0 0 0 -1 -1 -1 -1 -1 1 1 1 1 -1 
0 0 0 0 -1 -1 -1 -1 -1 -1 1 1 1 1 -1 
0 0 0 0 -1 -1 -1 -1 -1 -1 1 1 1 1 -1 
0 0 0 0 -1 -1 -1 -1 -1 -1 1 1 1 1 -1 
0 0 0 0 -1 -1 -1 -1 -1 -1 1 1 1 1 -1 
0 0 0 0 -1 -1 -1 -1 -1 -1 1 1 1 1 -1 
END
15 1
5 0
0 9
-1 0 0 0 0 -1 -1 -1 -1 1 1 1 1 1 1 
-1 0 0 0 0 -1 -1 -1 -1 -1 1 1 1 1 1 
-1 0 0 0 0 -1 -1 -1 -1 -1 1 1 1 1 1 
-1 0 0 0 0 -1 -1 -1 -1 -1 1 1 1 1 1 
-1 0 0 0 0 -1 -1 -1 -1 -1 1 1 1 1 -1 
0 0 0 0 0 -1 -1 -1 -1 -1 1 1 1 1 -1 
0 0 0 0 0 -1 -1 -1 -1 -1 1 1 1 1 -1 
0 0 0 0 0 -1 -1 -1 -1 -1 1 1 1 1 -1 
0 0 0 0 0 -1 -1 -1 -1 -1 1 1 1 1 -1 
0 0 0 0 0 -1 -1 -1 -1 -1 1 1 1 1 -1 
0 0 0 0 -1 -1 -1 -1 -1 -1 1 1 1 1 -1 
0 0 0 0 -1 -1 -1 -1 -1 -1 1 1 1 1 -1 
0 0 0 0 -1 -1 -1 -1 -1 -1 1 1 1 1 -1 
0 0 0 0 -1 -1 -1 -1 -1 -1 1 1 1 1 -1 
0 0 0 0 -1 -1 -1 -1 -1 -1 1 1 1 1 -1 
END
15 1
4 0
1 9
-1 0 0 0 0 -1 -1 -1 -1 1 1 1 1 1 1 
-1 0 0 0 0 -1 -1 -1 -1 1 1 1 1 1 1 
-1 0 0 0 0 -1 -1 -1 -1 -1 1 1 1 1 1 
-1 0 0 0 0 -1 -1 -1 -1 -1 1 1 1 1 1 
0 0 0 0 0 -1 -1 -1 -1 -1 1 1 1 1 -1 
0 0 0 0 0 -1 -1 -1 -1 -1 1 1 1 1 -1 
0 0 0 0 0 -1 -1 -1 -1 -1 1 1 1 1 -1 
0 0 0 0 0 -1 -1 -1 -1 -1 1 1 1 1 -1 
0 0 0 0 0 -1 -1 -1 -1 -1 1 1 1 1 -1 
0 0 0 0 0 -1 -1 -1 -1 -1 1 1 1 1 -1 
0 0 0 0 -1 -1 -1 -1 -1 -1 1 1 1 1 -1 
0 0 0 0 -1 -1 -1 -1 -1 -1 1 1 1 1 -1 
0 0 0 0 -1 -1 -1 -1 -1 -1 1 1 1 1 -1 
0 0 0 0 -1 -1 -1 -1 -1 -1 1 1 1 1 -1 
0 0 0 0 -1 -1 -1 -1 -1 -1 1 1 1 1 -1 
END
15 1
3 0
2 9
-1 0 0 0 0 -1 -1 -1 -1 1 1 1 1 1 1 
-1 0 0 0 0 -1 -1 -1 -1 1 1 1 1 1 1 
-1 0 0 0 0 -1 -1 -1 -1 1 1 1 1 1 1 
0 0 0 0 0 -1 -1 -1 -1 -1 1 1 1 1 1 
0 0 0 0 0 -1 -1 -1 -1 -1 1 1 1 1 -1 
0 0 0 0 0 -1 -1 -1 -1 -1 1 1 1 1 -1 
0 0 0 0 0 -1 -1 -1 -1 -1 1 1 1 1 -1 
0 0 0 0 0 -1 -1 -1 -1 -1 1 1 1 1 -1 
0 0 0 0 0 -1 -1 -1 -1 -1 1 1 1 1 -1 
0 0 0 0 0 -1 -1 -1 -1 -1 1 1 1 1 -1 
0 0 0 0 -1 -1 -1 -1 -1 -1 1 1 1 1 -1 
0 0 0 0 -1 -1 -1 -1 -1 -1 1 1 1 1 -1 
0 0 0 0 -1 -1 -1 -1 -1 -1 1 1 1 1 -1 
0 0 0 0 -1 -1 -1 -1 -1 -1 1 1 1 1 -1 
0 0 0 0 -1 -1 -1 -1 -1 -1 1 1 1 1 -1 
END
15 1
2 0
3 9
-1 0 0 0 0 -1 -1 -1 -1 1 1 1 1 1 1 
-1 0 0 0 0 -1 -1 -1 -1 1 1 1 1 1 1 
0 0 0 0 0 -1 -1 -1 -1 1 1 1 1 1 1 
0 0 0 0 0 -1 -1 -1 -1 1 1 1 1 1 1 
0 0 0 0 0 -1 -1 -1 -1 -1 1 1 1 1 -1 
0 0 0 0 0 -1 -1 -1 -1 -1 1 1 1 1 -1 
0 0 0 0 0 -1 -1 -1 -1 -1 1 1 1 1 -1 
0 0 0 0 0 -1 -1 -1 -1 -1 1 1 1 1 -1 
0 0 0 0 0 -1 -1 -1 -1 -1 1 1 1 1 -1 
0 0 0 0 0 -1 -1 -1 -1 -1 1 1 1 1 -1 
0 0 0 0 -1 -1 -1 -1 -1 -1 1 1 1 1 -1 
0 0 0 0 -1 -1 -1 -1 -1 -1 1 1 1 1 -1 
0 0 0 0 -1 -1 -1 -1 -1 -1 1 1 1 1 -1 
0 0 0 0 -1 -1 -1 -1 -1 -1 1 1 1 1 -1 
0 0 0 0 -1 -1 -1 -1 -1 -1 1 1 1 1 -1 
END
15 1
1 0
4 9
-1 0 0 0 0 -1 -1 -1 -1 1 1 1 1 1 1 
0 0 0 0 0 -1 -1 -1 -1 1 1 1 1 1 1 
0 0 0 0 0 -1 -1 -1 -1 1 1 1 1 1 1 
0 0 0 0 0 -1 -1 -1 -1 1 1 1 1 1 1 
0 0 0 0 0 -1 -1 -1 -1 1 1 1 1 1 -1 
0 0 0 0 0 -1 -1 -1 -1 -1 1 1 1 1 -1 
0 0 0 0 0 -1 -1 -1 -1 -1 1 1 1 1 -1 
0 0 0 0 0 -1 -1 -1 -1 -1 1 1 1 1 -1 
0 0 0 0 0 -1 -1 -1 -1 -1 1 1 1 1 -1 
0 0 0 0 0 -1 -1 -1 -1 -1 1 1 1 1 -1 
0 0 0 0 -1 -1 -1 -1 -1 -1 1 1 1 1 -1 
0 0 0 0 -1 -1 -1 -1 -1 -1 1 1 1 1 -1 
0 0 0 0 -1 -1 -1 -1 -1 -1 1 1 1 1 -1 
0 0 0 0 -1 -1 -1 -1 -1 -1 1 1 1 1 -1 
0 0 0 0 -1 -1 -1 -1 -1 -1 1 1 1 1 -1 
END
15 1
0 0
5 9
0 0 0 0 0 -1 -1 -1 -1 1 1 1 1 1 1 
0 0 0 0 0 -1 -1 -1 -1 1 1 1 1 1 1 
0 0 0 0 0 -1 -1 -1 -1 1 1 1 1 1 1 
0 0 0 0 0 -1 -1 -1 -1 1 1 1 1 1 1 
0 0 0 0 0 -1 -1 -1 -1 1 1 1 1 1 -1 
0 0 0 0 0 -1 -1 -1 -1 1 1 1 1 1 -1 
0 0 0 0 0 -1 -1 -1 -1 -1 1 1 1 1 -1 
0 0 0 0 0 -1 -1 -1 -1 -1 1 1 1 1 -1 
0 0 0 0 0 -1 -1 -1 -1 -1 1 1 1 1 -1 
0 0 0 0 0 -1 -1 -1 -1 -1 1 1 1 1 -1 
0 0 0 0 -1 -1 -1 -1 -1 -1 1 1 1 1 -1 
0 0 0 0 -1 -1 -1 -1 -1 -1 1 1 1 1 -1 
0 0 0 0 -1 -1 -1 -1 -1 -1 1 1 1 1 -1 
0 0 0 0 -1 -1 -1 -1 -1 -1 1 1 1 1 -1 
0 0 0 0 -1 -1 -1 -1 -1 -1 1 1 1 1 -1 
END
