15 0
9 9
1 9
-1 -1 -1 -1 -1 -1 -1 -1 -1 -1 -1 -1 -1 -1 -1 
-1 -1 -1 -1 -1 -1 -1 -1 -1 1 -1 -1 -1 -1 -1 
-1 -1 -1 -1 -1 -1 -1 -1 -1 -1 -1 -1 -1 -1 -1 
-1 -1 -1 -1 -1 -1 -1 -1 -1 -1 -1 -1 -1 -1 -1 
-1 -1 -1 -1 -1 -1 -1 -1 -1 -1 -1 -1 -1 -1 -1 
-1 -1 -1 -1 -1 -1 -1 -1 -1 -1 -1 -1 -1 -1 -1 
-1 -1 -1 -1 -1 -1 -1 -1 -1 -1 -1 -1 -1 -1 -1 
-1 -1 -1 -1 -1 -1 -1 -1 -1 -1 -1 -1 -1 -1 -1 
-1 -1 -1 -1 -1 -1 -1 -1 -1 -1 -1 -1 -1 -1 -1 
-1 -1 -1 -1 -1 -1 -1 -1 -1 0 -1 -1 -1 -1 -1 
-1 -1 -1 -1 -1 -1 -1 -1 -1 -1 -1 -1 -1 -1 -1 
-1 -1 -1 -1 -1 -1 -1 -1 -1 -1 -1 -1 -1 -1 -1 
-1 -1 -1 -1 -1 -1 -1 -1 -1 -1 -1 -1 -1 -1 -1 
-1 -1 -1 -1 -1 -1 -1 -1 -1 -1 -1 -1 -1 -1 -1 
-1 -1 -1 -1 -1 -1 -1 -1 -1 -1 -1 -1 -1 -1 -1 
END
15 0
8 9
0 9
-1 -1 -1 -1 -1 -1 -1 -1 -1 1 -1 -1 -1 -1 -1 
-1 -1 -1 -1 -1 -1 -1 -1 -1 1 -1 -1 -1 -1 -1 
-1 -1 -1 -1 -1 -1 -1 -1 -1 -1 -1 -1 -1 -1 -1 
-1 -1 -1 -1 -1 -1 -1 -1 -1 -1 -1 -1 -1 -1 -1 
-1 -1 -1 -1 -1 -1 -1 -1 -1 -1 -1 -1 -1 -1 -1 
-1 -1 -1 -1 -1 -1 -1 -1 -1 -1 -1 -1 -1 -1 -1 
-1 -1 -1 -1 -1 -1 -1 -1 -1 -1 -1 -1 -1 -1 -1 
-1 -1 -1 -1 -1 -1 -1 -1 -1 -1 -1 -1 -1 -1 -1 
-1 -1 -1 -1 -1 -1 -1 -1 -1 0 -1 -1 -1 -1 -1 
-1 -1 -1 -1 -1 -1 -1 -1 -1 0 -1 -1 -1 -1 -1 
-1 -1 -1 -1 -1 -1 -1 -1 -1 -1 -1 -1 -1 -1 -1 
-1 -1 -1 -1 -1 -1 -1 -1 -1 -1 -1 -1 -1 -1 -1 
-1 -1 -1 -1 -1 -1 -1 -1 -1 -1 -1 -1 -1 -1 -1 
-1 -1 -1 -1 -1 -1 -1 -1 -1 -1 -1 -1 -1 -1 -1 
-1 -1 -1 -1 -1 -1 -1 -1 -1 -1 -1 -1 -1 -1 -1 
END
15 0
7 9
0 8
-1 -1 -1 -1 -1 -1 -1 -1 1 1 -1 -1 -1 -1 -1 
-1 -1 -1 -1 -1 -1 -1 -1 -1 1 -1 -1 -1 -1 -1 
-1 -1 -1 -1 -1 -1 -1 -1 -1 -1 -1 -1 -1 -1 -1 
-1 -1 -1 -1 -1 -1 -1 -1 -1 -1 -1 -1 -1 -1 -1 
-1 -1 -1 -1 -1 -1 -1 -1 -1 -1 -1 -1 -1 -1 -1 
-1 -1 -1 -1 -1 -1 -1 -1 -1 -1 -1 -1 -1 -1 -1 
-1 -1 -1 -1 -1 -1 -1 -1 -1 -1 -1 -1 -1 -1 -1 
-1 -1 -1 -1 -1 -1 -1 -1 -1 0 -1 -1 -1 -1 -1 
-1 -1 -1 -1 -1 -1 -1 -1 -1 0 -1 -1 -1 -1 -1 
-1 -1 -1 -1 -1 -1 -1 -1 -1 0 -1 -1 -1 -1 -1 
-1 -1 -1 -1 -1 -1 -1 -1 -1 -1 -1 -1 -1 -1 -1 
-1 -1 -1 -1 -1 -1 -1 -1 -1 -1 -1 -1 -1 -1 -1 
-1 -1 -1 -1 -1 -1 -1 -1 -1 -1 -1 -1 -1 -1 -1 
-1 -1 -1 -1 -1 -1 -1 -1 -1 -1 -1 -1 -1 -1 -1 
-1 -1 -1 -1 -1 -1 -1 -1 -1 -1 -1 -1 -1 -1 -1 
END
15 0
6 9
1 8
-1 -1 -1 -1 -1 -1 -1 -1 1 1 -1 -1 -1 -1 -1 
-1 -1 -1 -1 -1 -1 -1 -1 1 1 -1 -1 -1 -1 -1 
-1 -1 -1 -1 -1 -1 -1 -1 -1 -1 -1 -1 -1 -1 -1 
-1 -1 -1 -1 -1 -1 -1 -1 -1 -1 -1 -1 -1 -1 -1 
-1 -1 -1 -1 -1 -1 -1 -1 -1 -1 -1 -1 -1 -1 -1 
-1 -1 -1 -1 -1 -1 -1 -1 -1 -1 -1 -1 -1 -1 -1 
-1 -1 -1 -1 -1 -1 -1 -1 -1 0 -1 -1 -1 -1 -1 
-1 -1 -1 -1 -1 -1 -1 -1 -1 0 -1 -1 -1 -1 -1 
-1 -1 -1 -1 -1 -1 -1 -1 -1 0 -1 -1 -1 -1 -1 
-1 -1 -1 -1 -1 -1 -1 -1 -1 0 -1 -1 -1 -1 -1 
-1 -1 -1 -1 -1 -1 -1 -1 -1 -1 -1 -1 -1 -1 -1 
-1 -1 -1 -1 -1 -1 -1 -1 -1 -1 -1 -1 -1 -1 -1 
-1 -1 -1 -1 -1 -1 -1 -1 -1 -1 -1 -1 -1 -1 -1 
-1 -1 -1 -1 -1 -1 -1 -1 -1 -1 -1 -1 -1 -1 -1 
-1 -1 -1 -1 -1 -1 -1 -1 -1 -1 -1 -1 -1 -1 -1 
END
15 0
5 9
2 8
-1 -1 -1 -1 -1 -1 -1 -1 1 1 -1 -1 -1 -1 -1 
-1 -1 -1 -1 -1 -1 -1 -1 1 1 -1 -1 -1 -1 -1 
-1 -1 -1 -1 -1 -1 -1 -1 1 -1 -1 -1 -1 -1 -1 
-1 -1 -1 -1 -1 -1 -1 -1 -1 -1 -1 -1 -1 -1 -1 
-1 -1 -1 -1 -1 -1 -1 -1 -1 -1 -1 -1 -1 -1 -1 
-1 -1 -1 -1 -1 -1 -1 -1 -1 0 -1 -1 -1 -1 -1 
-1 -1 -1 -1 -1 -1 -1 -1 -1 0 -1 -1 -1 -1 -1 
-1 -1 -1 -1 -1 -1 -1 -1 -1 0 -1 -1 -1 -1 -1 
-1 -1 -1 -1 -1 -1 -1 -1 -1 0 -1 -1 -1 -1 -1 
-1 -1 -1 -1 -1 -1 -1 -1 -1 0 -1 -1 -1 -1 -1 
-1 -1 -1 -1 -1 -1 -1 -1 -1 -1 -1 -1 -1 -1 -1 
-1 -1 -1 -1 -1 -1 -1 -1 -1 -1 -1 -1 -1 -1 -1 
-1 -1 -1 -1 -1 -1 -1 -1 -1 -1 -1 -1 -1 -1 -1 
-1 -1 -1 -1 -1 -1 -1 -1 -1 -1 -1 -1 -1 -1 -1 
-1 -1 -1 -1 -1 -1 -1 -1 -1 -1 -1 -1 -1 -1 -1 
END
15 0
4 9
3 8
-1 -1 -1 -1 -1 -1 -1 -1 1 1 -1 -1 -1 -1 -1 
-1 -1 -1 -1 -1 -1 -1 -1 1 1 -1 -1 -1 -1 -1 
-1 -1 -1 -1 -1 -1 -1 -1 1 -1 -1 -1 -1 -1 -1 
-1 -1 -1 -1 -1 -1 -1 -1 1 -1 -1 -1 -1 -1 -1 
-1 -1 -1 -1 -1 -1 -1 -1 -1 0 -1 -1 -1 -1 -1 
-1 -1 -1 -1 -1 -1 -1 -1 -1 0 -1 -1 -1 -1 -1 
-1 -1 -1 -1 -1 -1 -1 -1 -1 0 -1 -1 -1 -1 -1 
-1 -1 -1 -1 -1 -1 -1 -1 -1 0 -1 -1 -1 -1 -1 
-1 -1 -1 -1 -1 -1 -1 -1 -1 0 -1 -1 -1 -1 -1 
-1 -1 -1 -1 -1 -1 -1 -1 -1 0 -1 -1 -1 -1 -1 
-1 -1 -1 -1 -1 -1 -1 -1 -1 -1 -1 -1 -1 -1 -1 
-1 -1 -1 -1 -1 -1 -1 -1 -1 -1 -1 -1 -1 -1 -1 
-1 -1 -1 -1 -1 -1 -1 -1 -1 -1 -1 -1 -1 -1 -1 
-1 -1 -1 -1 -1 -1 -1 -1 -1 -1 -1 -1 -1 -1 -1 
-1 -1 -1 -1 -1 -1 -1 -1 -1 -1 -1 -1 -1 -1 -1 
END
15 0
3 9
4 8
-1 -1 -1 -1 -1 -1 -1 -1 1 1 -1 -1 -1 -1 -1 
-1 -1 -1 -1 -1 -1 -1 -1 1 1 -1 -1 -1 -1 -1 
-1 -1 -1 -1 -1 -1 -1 -1 1 -1 -1 -1 -1 -1 -1 
-1 -1 -1 -1 -1 -1 -1 -1 1 0 -1 -1 -1 -1 -1 
-1 -1 -1 -1 -1 -1 -1 -1 1 0 -1 -1 -1 -1 -1 
-1 -1 -1 -1 -1 -1 -1 -1 -1 0 -1 -1 -1 -1 -1 
-1 -1 -1 -1 -1 -1 -1 -1 -1 0 -1 -1 -1 -1 -1 
-1 -1 -1 -1 -1 -1 -1 -1 -1 0 -1 -1 -1 -1 -1 
-1 -1 -1 -1 -1 -1 -1 -1 -1 0 -1 -1 -1 -1 -1 
-1 -1 -1 -1 -1 -1 -1 -1 -1 0 -1 -1 -1 -1 -1 
-1 -1 -1 -1 -1 -1 -1 -1 -1 -1 -1 -1 -1 -1 -1 
-1 -1 -1 -1 -1 -1 -1 -1 -1 -1 -1 -1 -1 -1 -1 
-1 -1 -1 -1 -1 -1 -1 -1 -1 -1 -1 -1 -1 -1 -1 
-1 -1 -1 -1 -1 -1 -1 -1 -1 -1 -1 -1 -1 -1 -1 
-1 -1 -1 -1 -1 -1 -1 -1 -1 -1 -1 -1 -1 -1 -1 
END
15 0
2 9
5 8
-1 -1 -1 -1 -1 -1 -1 -1 1 1 -1 -1 -1 -1 -1 
-1 -1 -1 -1 -1 -1 -1 -1 1 1 -1 -1 -1 -1 -1 
-1 -1 -1 -1 -1 -1 -1 -1 1 0 -1 -1 -1 -1 -1 
-1 -1 -1 -1 -1 -1 -1 -1 1 0 -1 -1 -1 -1 -1 
-1 -1 -1 -1 -1 -1 -1 -1 1 0 -1 -1 -1 -1 -1 
-1 -1 -1 -1 -1 -1 -1 -1 1 0 -1 -1 -1 -1 -1 
-1 -1 -1 -1 -1 -1 -1 -1 -1 0 -1 -1 -1 -1 -1 
-1 -1 -1 -1 -1 -1 -1 -1 -1 0 -1 -1 -1 -1 -1 
-1 -1 -1 -1 -1 -1 -1 -1 -1 0 -1 -1 -1 -1 -1 
-1 -1 -1 -1 -1 -1 -1 -1 -1 0 -1 -1 -1 -1 -1 
-1 -1 -1 -1 -1 -1 -1 -1 -1 -1 -1 -1 -1 -1 -1 
-1 -1 -1 -1 -1 -1 -1 -1 -1 -1 -1 -1 -1 -1 -1 
-1 -1 -1 -1 -1 -1 -1 -1 -1 -1 -1 -1 -1 -1 -1 
-1 -1 -1 -1 -1 -1 -1 -1 -1 -1 -1 -1 -1 -1 -1 
-1 -1 -1 -1 -1 -1 -1 -1 -1 -1 -1 -1 -1 -1 -1 
END
15 0
2 10
6 8
-1 -1 -1 -1 -1 -1 -1 -1 1 1 -1 -1 -1 -1 -1 
-1 -1 -1 -1 -1 -1 -1 -1 1 1 -1 -1 -1 -1 -1 
-1 -1 -1 -1 -1 -1 -1 -1 1 0 0 -1 -1 -1 -1 
-1 -1 -1 -1 -1 -1 -1 -1 1 0 -1 -1 -1 -1 -1 
-1 -1 -1 -1 -1 -1 -1 -1 1 0 -1 -1 -1 -1 -1 
-1 -1 -1 -1 -1 -1 -1 -1 1 0 -1 -1 -1 -1 -1 
-1 -1 -1 -1 -1 -1 -1 -1 1 0 -1 -1 -1 -1 -1 
-1 -1 -1 -1 -1 -1 -1 -1 -1 0 -1 -1 -1 -1 -1 
-1 -1 -1 -1 -1 -1 -1 -1 -1 0 -1 -1 -1 -1 -1 
-1 -1 -1 -1 -1 -1 -1 -1 -1 0 -1 -1 -1 -1 -1 
-1 -1 -1 -1 -1 -1 -1 -1 -1 -1 -1 -1 -1 -1 -1 
-1 -1 -1 -1 -1 -1 -1 -1 -1 -1 -1 -1 -1 -1 -1 
-1 -1 -1 -1 -1 -1 -1 -1 -1 -1 -1 -1 -1 -1 -1 
-1 -1 -1 -1 -1 -1 -1 -1 -1 -1 -1 -1 -1 -1 -1 
-1 -1 -1 -1 -1 -1 -1 -1 -1 -1 -1 -1 -1 -1 -1 
END
15 0
1 10
7 8
-1 -1 -1 -1 -1 -1 -1 -1 1 1 -1 -1 -1 -1 -1 
-1 -1 -1 -1 -1 -1 -1 -1 1 1 0 -1 -1 -1 -1 
-1 -1 -1 -1 -1 -1 -1 -1 1 0 0 -1 -1 -1 -1 
-1 -1 -1 -1 -1 -1 -1 -1 1 0 -1 -1 -1 -1 -1 
-1 -1 -1 -1 -1 -1 -1 -1 1 0 -1 -1 -1 -1 -1 
-1 -1 -1 -1 -1 -1 -1 -1 1 0 -1 -1 -1 -1 -1 
-1 -1 -1 -1 -1 -1 -1 -1 1 0 -1 -1 -1 -1 -1 
-1 -1 -1 -1 -1 -1 -1 -1 1 0 -1 -1 -1 -1 -1 
-1 -1 -1 -1 -1 -1 -1 -1 -1 0 -1 -1 -1 -1 -1 
-1 -1 -1 -1 -1 -1 -1 -1 -1 0 -1 -1 -1 -1 -1 
-1 -1 -1 -1 -1 -1 -1 -1 -1 -1 -1 -1 -1 -1 -1 
-1 -1 -1 -1 -1 -1 -1 -1 -1 -1 -1 -1 -1 -1 -1 
-1 -1 -1 -1 -1 -1 -1 -1 -1 -1 -1 -1 -1 -1 -1 
-1 -1 -1 -1 -1 -1 -1 -1 -1 -1 -1 -1 -1 -1 -1 
-1 -1 -1 -1 -1 -1 -1 -1 -1 -1 -1 -1 -1 -1 -1 
END
15 0
0 10
8 8
-1 -1 -1 -1 -1 -1 -1 -1 1 1 0 -1 -1 -1 -1 
-1 -1 -1 -1 -1 -1 -1 -1 1 1 0 -1 -1 -1 -1 
-1 -1 -1 -1 -1 -1 -1 -1 1 0 0 -1 -1 -1 -1 
-1 -1 -1 -1 -1 -1 -1 -1 1 0 -1 -1 -1 -1 -1 
-1 -1 -1 -1 -1 -1 -1 -1 1 0 -1 -1 -1 -1 -1 
-1 -1 -1 -1 -1 -1 -1 -1 1 0 -1 -1 -1 -1 -1 
-1 -1 -1 -1 -1 -1 -1 -1 1 0 -1 -1 -1 -1 -1 
-1 -1 -1 -1 -1 -1 -1 -1 1 0 -1 -1 -1 -1 -1 
-1 -1 -1 -1 -1 -1 -1 -1 1 0 -1 -1 -1 -1 -1 
-1 -1 -1 -1 -1 -1 -1 -1 -1 0 -1 -1 -1 -1 -1 
-1 -1 -1 -1 -1 -1 -1 -1 -1 -1 -1 -1 -1 -1 -1 
-1 -1 -1 -1 -1 -1 -1 -1 -1 -1 -1 -1 -1 -1 -1 
-1 -1 -1 -1 -1 -1 -1 -1 -1 -1 -1 -1 -1 -1 -1 
-1 -1 -1 -1 -1 -1 -1 -1 -1 -1 -1 -1 -1 -1 -1 
-1 -1 -1 -1 -1 -1 -1 -1 -1 -1 -1 -1 -1 -1 -1 
END
15 0
0 11
9 8
-1 -1 -1 -1 -1 -1 -1 -1 1 1 0 0 -1 -1 -1 
-1 -1 -1 -1 -1 -1 -1 -1 1 1 0 -1 -1 -1 -1 
-1 -1 -1 -1 -1 -1 -1 -1 1 0 0 -1 -1 -1 -1 
-1 -1 -1 -1 -1 -1 -1 -1 1 0 -1 -1 -1 -1 -1 
-1 -1 -1 -1 -1 -1 -1 -1 1 0 -1 -1 -1 -1 -1 
-1 -1 -1 -1 -1 -1 -1 -1 1 0 -1 -1 -1 -1 -1 
-1 -1 -1 -1 -1 -1 -1 -1 1 0 -1 -1 -1 -1 -1 
-1 -1 -1 -1 -1 -1 -1 -1 1 0 -1 -1 -1 -1 -1 
-1 -1 -1 -1 -1 -1 -1 -1 1 0 -1 -1 -1 -1 -1 
-1 -1 -1 -1 -1 -1 -1 -1 1 0 -1 -1 -1 -1 -1 
-1 -1 -1 -1 -1 -1 -1 -1 -1 -1 -1 -1 -1 -1 -1 
-1 -1 -1 -1 -1 -1 -1 -1 -1 -1 -1 -1 -1 -1 -1 
-1 -1 -1 -1 -1 -1 -1 -1 -1 -1 -1 -1 -1 -1 -1 
-1 -1 -1 -1 -1 -1 -1 -1 -1 -1 -1 -1 -1 -1 -1 
-1 -1 -1 -1 -1 -1 -1 -1 -1 -1 -1 -1 -1 -1 -1 
END
15 0
1 11
10 8
-1 -1 -1 -1 -1 -1 -1 -1 1 1 0 0 -1 -1 -1 
-1 -1 -1 -1 -1 -1 -1 -1 1 1 0 0 -1 -1 -1 
-1 -1 -1 -1 -1 -1 -1 -1 1 0 0 -1 -1 -1 -1 
-1 -1 -1 -1 -1 -1 -1 -1 1 0 -1 -1 -1 -1 -1 
-1 -1 -1 -1 -1 -1 -1 -1 1 0 -1 -1 -1 -1 -1 
-1 -1 -1 -1 -1 -1 -1 -1 1 0 -1 -1 -1 -1 -1 
-1 -1 -1 -1 -1 -1 -1 -1 1 0 -1 -1 -1 -1 -1 
-1 -1 -1 -1 -1 -1 -1 -1 1 0 -1 -1 -1 -1 -1 
-1 -1 -1 -1 -1 -1 -1 -1 1 0 -1 -1 -1 -1 -1 
-1 -1 -1 -1 -1 -1 -1 -1 1 0 -1 -1 -1 -1 -1 
-1 -1 -1 -1 -1 -1 -1 -1 1 -1 -1 -1 -1 -1 -1 
-1 -1 -1 -1 -1 -1 -1 -1 -1 -1 -1 -1 -1 -1 -1 
-1 -1 -1 -1 -1 -1 -1 -1 -1 -1 -1 -1 -1 -1 -1 
-1 -1 -1 -1 -1 -1 -1 -1 -1 -1 -1 -1 -1 -1 -1 
-1 -1 -1 -1 -1 -1 -1 -1 -1 -1 -1 -1 -1 -1 -1 
END
15 0
2 11
11 8
-1 -1 -1 -1 -1 -1 -1 -1 1 1 0 0 -1 -1 -1 
-1 -1 -1 -1 -1 -1 -1 -1 1 1 0 0 -1 -1 -1 
-1 -1 -1 -1 -1 -1 -1 -1 1 0 0 0 -1 -1 -1 
-1 -1 -1 -1 -1 -1 -1 -1 1 0 -1 -1 -1 -1 -1 
-1 -1 -1 -1 -1 -1 -1 -1 1 0 -1 -1 -1 -1 -1 
-1 -1 -1 -1 -1 -1 -1 -1 1 0 -1 -1 -1 -1 -1 
-1 -1 -1 -1 -1 -1 -1 -1 1 0 -1 -1 -1 -1 -1 
-1 -1 -1 -1 -1 -1 -1 -1 1 0 -1 -1 -1 -1 -1 
-1 -1 -1 -1 -1 -1 -1 -1 1 0 -1 -1 -1 -1 -1 
-1 -1 -1 -1 -1 -1 -1 -1 1 0 -1 -1 -1 -1 -1 
-1 -1 -1 -1 -1 -1 -1 -1 1 -1 -1 -1 -1 -1 -1 
-1 -1 -1 -1 -1 -1 -1 -1 1 -1 -1 -1 -1 -1 -1 
-1 -1 -1 -1 -1 -1 -1 -1 -1 -1 -1 -1 -1 -1 -1 
-1 -1 -1 -1 -1 -1 -1 -1 -1 -1 -1 -1 -1 -1 -1 
-1 -1 -1 -1 -1 -1 -1 -1 -1 -1 -1 -1 -1 -1 -1 
END
15 0
3 11
12 8
-1 -1 -1 -1 -1 -1 -1 -1 1 1 0 0 -1 -1 -1 
-1 -1 -1 -1 -1 -1 -1 -1 1 1 0 0 -1 -1 -1 
-1 -1 -1 -1 -1 -1 -1 -1 1 0 0 0 -1 -1 -1 
-1 -1 -1 -1 -1 -1 -1 -1 1 0 -1 0 -1 -1 -1 
-1 -1 -1 -1 -1 -1 -1 -1 1 0 -1 -1 -1 -1 -1 
-1 -1 -1 -1 -1 -1 -1 -1 1 0 -1 -1 -1 -1 -1 
-1 -1 -1 -1 -1 -1 -1 -1 1 0 -1 -1 -1 -1 -1 
-1 -1 -1 -1 -1 -1 -1 -1 1 0 -1 -1 -1 -1 -1 
-1 -1 -1 -1 -1 -1 -1 -1 1 0 -1 -1 -1 -1 -1 
-1 -1 -1 -1 -1 -1 -1 -1 1 0 -1 -1 -1 -1 -1 
-1 -1 -1 -1 -1 -1 -1 -1 1 -1 -1 -1 -1 -1 -1 
-1 -1 -1 -1 -1 -1 -1 -1 1 -1 -1 -1 -1 -1 -1 
-1 -1 -1 -1 -1 -1 -1 -1 1 -1 -1 -1 -1 -1 -1 
-1 -1 -1 -1 -1 -1 -1 -1 -1 -1 -1 -1 -1 -1 -1 
-1 -1 -1 -1 -1 -1 -1 -1 -1 -1 -1 -1 -1 -1 -1 
END
15 0
4 11
13 8
-1 -1 -1 -1 -1 -1 -1 -1 1 1 0 0 -1 -1 -1 
-1 -1 -1 -1 -1 -1 -1 -1 1 1 0 0 -1 -1 -1 
-1 -1 -1 -1 -1 -1 -1 -1 1 0 0 0 -1 -1 -1 
-1 -1 -1 -1 -1 -1 -1 -1 1 0 -1 0 -1 -1 -1 
-1 -1 -1 -1 -1 -1 -1 -1 1 0 -1 0 -1 -1 -1 
-1 -1 -1 -1 -1 -1 -1 -1 1 0 -1 -1 -1 -1 -1 
-1 -1 -1 -1 -1 -1 -1 -1 1 0 -1 -1 -1 -1 -1 
-1 -1 -1 -1 -1 -1 -1 -1 1 0 -1 -1 -1 -1 -1 
-1 -1 -1 -1 -1 -1 -1 -1 1 0 -1 -1 -1 -1 -1 
-1 -1 -1 -1 -1 -1 -1 -1 1 0 -1 -1 -1 -1 -1 
-1 -1 -1 -1 -1 -1 -1 -1 1 -1 -1 -1 -1 -1 -1 
-1 -1 -1 -1 -1 -1 -1 -1 1 -1 -1 -1 -1 -1 -1 
-1 -1 -1 -1 -1 -1 -1 -1 1 -1 -1 -1 -1 -1 -1 
-1 -1 -1 -1 -1 -1 -1 -1 1 -1 -1 -1 -1 -1 -1 
-1 -1 -1 -1 -1 -1 -1 -1 -1 -1 -1 -1 -1 -1 -1 
END
15 0
5 11
14 8
-1 -1 -1 -1 -1 -1 -1 -1 1 1 0 0 -1 -1 -1 
-1 -1 -1 -1 -1 -1 -1 -1 1 1 0 0 -1 -1 -1 
-1 -1 -1 -1 -1 -1 -1 -1 1 0 0 0 -1 -1 -1 
-1 -1 -1 -1 -1 -1 -1 -1 1 0 -1 0 -1 -1 -1 
-1 -1 -1 -1 -1 -1 -1 -1 1 0 -1 0 -1 -1 -1 
-1 -1 -1 -1 -1 -1 -1 -1 1 0 -1 0 -1 -1 -1 
-1 -1 -1 -1 -1 -1 -1 -1 1 0 -1 -1 -1 -1 -1 
-1 -1 -1 -1 -1 -1 -1 -1 1 0 -1 -1 -1 -1 -1 
-1 -1 -1 -1 -1 -1 -1 -1 1 0 -1 -1 -1 -1 -1 
-1 -1 -1 -1 -1 -1 -1 -1 1 0 -1 -1 -1 -1 -1 
-1 -1 -1 -1 -1 -1 -1 -1 1 -1 -1 -1 -1 -1 -1 
-1 -1 -1 -1 -1 -1 -1 -1 1 -1 -1 -1 -1 -1 -1 
-1 -1 -1 -1 -1 -1 -1 -1 1 -1 -1 -1 -1 -1 -1 
-1 -1 -1 -1 -1 -1 -1 -1 1 -1 -1 -1 -1 -1 -1 
-1 -1 -1 -1 -1 -1 -1 -1 1 -1 -1 -1 -1 -1 -1 
END
15 0
6 11
14 7
-1 -1 -1 -1 -1 -1 -1 -1 1 1 0 0 -1 -1 -1 
-1 -1 -1 -1 -1 -1 -1 -1 1 1 0 0 -1 -1 -1 
-1 -1 -1 -1 -1 -1 -1 -1 1 0 0 0 -1 -1 -1 
-1 -1 -1 -1 -1 -1 -1 -1 1 0 -1 0 -1 -1 -1 
-1 -1 -1 -1 -1 -1 -1 -1 1 0 -1 0 -1 -1 -1 
-1 -1 -1 -1 -1 -1 -1 -1 1 0 -1 0 -1 -1 -1 
-1 -1 -1 -1 -1 -1 -1 -1 1 0 -1 0 -1 -1 -1 
-1 -1 -1 -1 -1 -1 -1 -1 1 0 -1 -1 -1 -1 -1 
-1 -1 -1 -1 -1 -1 -1 -1 1 0 -1 -1 -1 -1 -1 
-1 -1 -1 -1 -1 -1 -1 -1 1 0 -1 -1 -1 -1 -1 
-1 -1 -1 -1 -1 -1 -1 -1 1 -1 -1 -1 -1 -1 -1 
-1 -1 -1 -1 -1 -1 -1 -1 1 -1 -1 -1 -1 -1 -1 
-1 -1 -1 -1 -1 -1 -1 -1 1 -1 -1 -1 -1 -1 -1 
-1 -1 -1 -1 -1 -1 -1 -1 1 -1 -1 -1 -1 -1 -1 
-1 -1 -1 -1 -1 -1 -1 1 1 -1 -1 -1 -1 -1 -1 
END
15 0
7 11
13 7
-1 -1 -1 -1 -1 -1 -1 -1 1 1 0 0 -1 -1 -1 
-1 -1 -1 -1 -1 -1 -1 -1 1 1 0 0 -1 -1 -1 
-1 -1 -1 -1 -1 -1 -1 -1 1 0 0 0 -1 -1 -1 
-1 -1 -1 -1 -1 -1 -1 -1 1 0 -1 0 -1 -1 -1 
-1 -1 -1 -1 -1 -1 -1 -1 1 0 -1 0 -1 -1 -1 
-1 -1 -1 -1 -1 -1 -1 -1 1 0 -1 0 -1 -1 -1 
-1 -1 -1 -1 -1 -1 -1 -1 1 0 -1 0 -1 -1 -1 
-1 -1 -1 -1 -1 -1 -1 -1 1 0 -1 0 -1 -1 -1 
-1 -1 -1 -1 -1 -1 -1 -1 1 0 -1 -1 -1 -1 -1 
-1 -1 -1 -1 -1 -1 -1 -1 1 0 -1 -1 -1 -1 -1 
-1 -1 -1 -1 -1 -1 -1 -1 1 -1 -1 -1 -1 -1 -1 
-1 -1 -1 -1 -1 -1 -1 -1 1 -1 -1 -1 -1 -1 -1 
-1 -1 -1 -1 -1 -1 -1 -1 1 -1 -1 -1 -1 -1 -1 
-1 -1 -1 -1 -1 -1 -1 1 1 -1 -1 -1 -1 -1 -1 
-1 -1 -1 -1 -1 -1 -1 1 1 -1 -1 -1 -1 -1 -1 
END
15 0
8 11
12 7
-1 -1 -1 -1 -1 -1 -1 -1 1 1 0 0 -1 -1 -1 
-1 -1 -1 -1 -1 -1 -1 -1 1 1 0 0 -1 -1 -1 
-1 -1 -1 -1 -1 -1 -1 -1 1 0 0 0 -1 -1 -1 
-1 -1 -1 -1 -1 -1 -1 -1 1 0 -1 0 -1 -1 -1 
-1 -1 -1 -1 -1 -1 -1 -1 1 0 -1 0 -1 -1 -1 
-1 -1 -1 -1 -1 -1 -1 -1 1 0 -1 0 -1 -1 -1 
-1 -1 -1 -1 -1 -1 -1 -1 1 0 -1 0 -1 -1 -1 
-1 -1 -1 -1 -1 -1 -1 -1 1 0 -1 0 -1 -1 -1 
-1 -1 -1 -1 -1 -1 -1 -1 1 0 -1 0 -1 -1 -1 
-1 -1 -1 -1 -1 -1 -1 -1 1 0 -1 -1 -1 -1 -1 
-1 -1 -1 -1 -1 -1 -1 -1 1 -1 -1 -1 -1 -1 -1 
-1 -1 -1 -1 -1 -1 -1 -1 1 -1 -1 -1 -1 -1 -1 
-1 -1 -1 -1 -1 -1 -1 1 1 -1 -1 -1 -1 -1 -1 
-1 -1 -1 -1 -1 -1 -1 1 1 -1 -1 -1 -1 -1 -1 
-1 -1 -1 -1 -1 -1 -1 1 1 -1 -1 -1 -1 -1 -1 
END
15 0
9 11
11 7
-1 -1 -1 -1 -1 -1 -1 -1 1 1 0 0 -1 -1 -1 
-1 -1 -1 -1 -1 -1 -1 -1 1 1 0 0 -1 -1 -1 
-1 -1 -1 -1 -1 -1 -1 -1 1 0 0 0 -1 -1 -1 
-1 -1 -1 -1 -1 -1 -1 -1 1 0 -1 0 -1 -1 -1 
-1 -1 -1 -1 -1 -1 -1 -1 1 0 -1 0 -1 -1 -1 
-1 -1 -1 -1 -1 -1 -1 -1 1 0 -1 0 -1 -1 -1 
-1 -1 -1 -1 -1 -1 -1 -1 1 0 -1 0 -1 -1 -1 
-1 -1 -1 -1 -1 -1 -1 -1 1 0 -1 0 -1 -1 -1 
-1 -1 -1 -1 -1 -1 -1 -1 1 0 -1 0 -1 -1 -1 
-1 -1 -1 -1 -1 -1 -1 -1 1 0 -1 0 -1 -1 -1 
-1 -1 -1 -1 -1 -1 -1 -1 1 -1 -1 -1 -1 -1 -1 
-1 -1 -1 -1 -1 -1 -1 1 1 -1 -1 -1 -1 -1 -1 
-1 -1 -1 -1 -1 -1 -1 1 1 -1 -1 -1 -1 -1 -1 
-1 -1 -1 -1 -1 -1 -1 1 1 -1 -1 -1 -1 -1 -1 
-1 -1 -1 -1 -1 -1 -1 1 1 -1 -1 -1 -1 -1 -1 
END
15 0
10 11
10 7
-1 -1 -1 -1 -1 -1 -1 -1 1 1 0 0 -1 -1 -1 
-1 -1 -1 -1 -1 -1 -1 -1 1 1 0 0 -1 -1 -1 
-1 -1 -1 -1 -1 -1 -1 -1 1 0 0 0 -1 -1 -1 
-1 -1 -1 -1 -1 -1 -1 -1 1 0 -1 0 -1 -1 -1 
-1 -1 -1 -1 -1 -1 -1 -1 1 0 -1 0 -1 -1 -1 
-1 -1 -1 -1 -1 -1 -1 -1 1 0 -1 0 -1 -1 -1 
-1 -1 -1 -1 -1 -1 -1 -1 1 0 -1 0 -1 -1 -1 
-1 -1 -1 -1 -1 -1 -1 -1 1 0 -1 0 -1 -1 -1 
-1 -1 -1 -1 -1 -1 -1 -1 1 0 -1 0 -1 -1 -1 
-1 -1 -1 -1 -1 -1 -1 -1 1 0 -1 0 -1 -1 -1 
-1 -1 -1 -1 -1 -1 -1 1 1 -1 -1 0 -1 -1 -1 
-1 -1 -1 -1 -1 -1 -1 1 1 -1 -1 -1 -1 -1 -1 
-1 -1 -1 -1 -1 -1 -1 1 1 -1 -1 -1 -1 -1 -1 
-1 -1 -1 -1 -1 -1 -1 1 1 -1 -1 -1 -1 -1 -1 
-1 -1 -1 -1 -1 -1 -1 1 1 -1 -1 -1 -1 -1 -1 
END
15 0
11 11
9 7
-1 -1 -1 -1 -1 -1 -1 -1 1 1 0 0 -1 -1 -1 
-1 -1 -1 -1 -1 -1 -1 -1 1 1 0 0 -1 -1 -1 
-1 -1 -1 -1 -1 -1 -1 -1 1 0 0 0 -1 -1 -1 
-1 -1 -1 -1 -1 -1 -1 -1 1 0 -1 0 -1 -1 -1 
-1 -1 -1 -1 -1 -1 -1 -1 1 0 -1 0 -1 -1 -1 
-1 -1 -1 -1 -1 -1 -1 -1 1 0 -1 0 -1 -1 -1 
-1 -1 -1 -1 -1 -1 -1 -1 1 0 -1 0 -1 -1 -1 
-1 -1 -1 -1 -1 -1 -1 -1 1 0 -1 0 -1 -1 -1 
-1 -1 -1 -1 -1 -1 -1 -1 1 0 -1 0 -1 -1 -1 
-1 -1 -1 -1 -1 -1 -1 1 1 0 -1 0 -1 -1 -1 
-1 -1 -1 -1 -1 -1 -1 1 1 -1 -1 0 -1 -1 -1 
-1 -1 -1 -1 -1 -1 -1 1 1 -1 -1 0 -1 -1 -1 
-1 -1 -1 -1 -1 -1 -1 1 1 -1 -1 -1 -1 -1 -1 
-1 -1 -1 -1 -1 -1 -1 1 1 -1 -1 -1 -1 -1 -1 
-1 -1 -1 -1 -1 -1 -1 1 1 -1 -1 -1 -1 -1 -1 
END
15 0
12 11
8 7
-1 -1 -1 -1 -1 -1 -1 -1 1 1 0 0 -1 -1 -1 
-1 -1 -1 -1 -1 -1 -1 -1 1 1 0 0 -1 -1 -1 
-1 -1 -1 -1 -1 -1 -1 -1 1 0 0 0 -1 -1 -1 
-1 -1 -1 -1 -1 -1 -1 -1 1 0 -1 0 -1 -1 -1 
-1 -1 -1 -1 -1 -1 -1 -1 1 0 -1 0 -1 -1 -1 
-1 -1 -1 -1 -1 -1 -1 -1 1 0 -1 0 -1 -1 -1 
-1 -1 -1 -1 -1 -1 -1 -1 1 0 -1 0 -1 -1 -1 
-1 -1 -1 -1 -1 -1 -1 -1 1 0 -1 0 -1 -1 -1 
-1 -1 -1 -1 -1 -1 -1 1 1 0 -1 0 -1 -1 -1 
-1 -1 -1 -1 -1 -1 -1 1 1 0 -1 0 -1 -1 -1 
-1 -1 -1 -1 -1 -1 -1 1 1 -1 -1 0 -1 -1 -1 
-1 -1 -1 -1 -1 -1 -1 1 1 -1 -1 0 -1 -1 -1 
-1 -1 -1 -1 -1 -1 -1 1 1 -1 -1 0 -1 -1 -1 
-1 -1 -1 -1 -1 -1 -1 1 1 -1 -1 -1 -1 -1 -1 
-1 -1 -1 -1 -1 -1 -1 1 1 -1 -1 -1 -1 -1 -1 
END
15 0
13 11
7 7
-1 -1 -1 -1 -1 -1 -1 -1 1 1 0 0 -1 -1 -1 
-1 -1 -1 -1 -1 -1 -1 -1 1 1 0 0 -1 -1 -1 
-1 -1 -1 -1 -1 -1 -1 -1 1 0 0 0 -1 -1 -1 
-1 -1 -1 -1 -1 -1 -1 -1 1 0 -1 0 -1 -1 -1 
-1 -1 -1 -1 -1 -1 -1 -1 1 0 -1 0 -1 -1 -1 
-1 -1 -1 -1 -1 -1 -1 -1 1 0 -1 0 -1 -1 -1 
-1 -1 -1 -1 -1 -1 -1 -1 1 0 -1 0 -1 -1 -1 
-1 -1 -1 -1 -1 -1 -1 1 1 0 -1 0 -1 -1 -1 
-1 -1 -1 -1 -1 -1 -1 1 1 0 -1 0 -1 -1 -1 
-1 -1 -1 -1 -1 -1 -1 1 1 0 -1 0 -1 -1 -1 
-1 -1 -1 -1 -1 -1 -1 1 1 -1 -1 0 -1 -1 -1 
-1 -1 -1 -1 -1 -1 -1 1 1 -1 -1 0 -1 -1 -1 
-1 -1 -1 -1 -1 -1 -1 1 1 -1 -1 0 -1 -1 -1 
-1 -1 -1 -1 -1 -1 -1 1 1 -1 -1 0 -1 -1 -1 
-1 -1 -1 -1 -1 -1 -1 1 1 -1 -1 -1 -1 -1 -1 
END
15 0
14 11
6 7
-1 -1 -1 -1 -1 -1 -1 -1 1 1 0 0 -1 -1 -1 
-1 -1 -1 -1 -1 -1 -1 -1 1 1 0 0 -1 -1 -1 
-1 -1 -1 -1 -1 -1 -1 -1 1 0 0 0 -1 -1 -1 
-1 -1 -1 -1 -1 -1 -1 -1 1 0 -1 0 -1 -1 -1 
-1 -1 -1 -1 -1 -1 -1 -1 1 0 -1 0 -1 -1 -1 
-1 -1 -1 -1 -1 -1 -1 -1 1 0 -1 0 -1 -1 -1 
-1 -1 -1 -1 -1 -1 -1 1 1 0 -1 0 -1 -1 -1 
-1 -1 -1 -1 -1 -1 -1 1 1 0 -1 0 -1 -1 -1 
-1 -1 -1 -1 -1 -1 -1 1 1 0 -1 0 -1 -1 -1 
-1 -1 -1 -1 -1 -1 -1 1 1 0 -1 0 -1 -1 -1 
-1 -1 -1 -1 -1 -1 -1 1 1 -1 -1 0 -1 -1 -1 
-1 -1 -1 -1 -1 -1 -1 1 1 -1 -1 0 -1 -1 -1 
-1 -1 -1 -1 -1 -1 -1 1 1 -1 -1 0 -1 -1 -1 
-1 -1 -1 -1 -1 -1 -1 1 1 -1 -1 0 -1 -1 -1 
-1 -1 -1 -1 -1 -1 -1 1 1 -1 -1 0 -1 -1 -1 
END
15 0
14 10
5 7
-1 -1 -1 -1 -1 -1 -1 -1 1 1 0 0 -1 -1 -1 
-1 -1 -1 -1 -1 -1 -1 -1 1 1 0 0 -1 -1 -1 
-1 -1 -1 -1 -1 -1 -1 -1 1 0 0 0 -1 -1 -1 
-1 -1 -1 -1 -1 -1 -1 -1 1 0 -1 0 -1 -1 -1 
-1 -1 -1 -1 -1 -1 -1 -1 1 0 -1 0 -1 -1 -1 
-1 -1 -1 -1 -1 -1 -1 1 1 0 -1 0 -1 -1 -1 
-1 -1 -1 -1 -1 -1 -1 1 1 0 -1 0 -1 -1 -1 
-1 -1 -1 -1 -1 -1 -1 1 1 0 -1 0 -1 -1 -1 
-1 -1 -1 -1 -1 -1 -1 1 1 0 -1 0 -1 -1 -1 
-1 -1 -1 -1 -1 -1 -1 1 1 0 -1 0 -1 -1 -1 
-1 -1 -1 -1 -1 -1 -1 1 1 -1 -1 0 -1 -1 -1 
-1 -1 -1 -1 -1 -1 -1 1 1 -1 -1 0 -1 -1 -1 
-1 -1 -1 -1 -1 -1 -1 1 1 -1 -1 0 -1 -1 -1 
-1 -1 -1 -1 -1 -1 -1 1 1 -1 -1 0 -1 -1 -1 
-1 -1 -1 -1 -1 -1 -1 1 1 -1 0 0 -1 -1 -1 
END
15 0
13 10
4 7
-1 -1 -1 -1 -1 -1 -1 -1 1 1 0 0 -1 -1 -1 
-1 -1 -1 -1 -1 -1 -1 -1 1 1 0 0 -1 -1 -1 
-1 -1 -1 -1 -1 -1 -1 -1 1 0 0 0 -1 -1 -1 
-1 -1 -1 -1 -1 -1 -1 -1 1 0 -1 0 -1 -1 -1 
-1 -1 -1 -1 -1 -1 -1 1 1 0 -1 0 -1 -1 -1 
-1 -1 -1 -1 -1 -1 -1 1 1 0 -1 0 -1 -1 -1 
-1 -1 -1 -1 -1 -1 -1 1 1 0 -1 0 -1 -1 -1 
-1 -1 -1 -1 -1 -1 -1 1 1 0 -1 0 -1 -1 -1 
-1 -1 -1 -1 -1 -1 -1 1 1 0 -1 0 -1 -1 -1 
-1 -1 -1 -1 -1 -1 -1 1 1 0 -1 0 -1 -1 -1 
-1 -1 -1 -1 -1 -1 -1 1 1 -1 -1 0 -1 -1 -1 
-1 -1 -1 -1 -1 -1 -1 1 1 -1 -1 0 -1 -1 -1 
-1 -1 -1 -1 -1 -1 -1 1 1 -1 -1 0 -1 -1 -1 
-1 -1 -1 -1 -1 -1 -1 1 1 -1 0 0 -1 -1 -1 
-1 -1 -1 -1 -1 -1 -1 1 1 -1 0 0 -1 -1 -1 
END
15 0
12 10
3 7
-1 -1 -1 -1 -1 -1 -1 -1 1 1 0 0 -1 -1 -1 
-1 -1 -1 -1 -1 -1 -1 -1 1 1 0 0 -1 -1 -1 
-1 -1 -1 -1 -1 -1 -1 -1 1 0 0 0 -1 -1 -1 
-1 -1 -1 -1 -1 -1 -1 1 1 0 -1 0 -1 -1 -1 
-1 -1 -1 -1 -1 -1 -1 1 1 0 -1 0 -1 -1 -1 
-1 -1 -1 -1 -1 -1 -1 1 1 0 -1 0 -1 -1 -1 
-1 -1 -1 -1 -1 -1 -1 1 1 0 -1 0 -1 -1 -1 
-1 -1 -1 -1 -1 -1 -1 1 1 0 -1 0 -1 -1 -1 
-1 -1 -1 -1 -1 -1 -1 1 1 0 -1 0 -1 -1 -1 
-1 -1 -1 -1 -1 -1 -1 1 1 0 -1 0 -1 -1 -1 
-1 -1 -1 -1 -1 -1 -1 1 1 -1 -1 0 -1 -1 -1 
-1 -1 -1 -1 -1 -1 -1 1 1 -1 -1 0 -1 -1 -1 
-1 -1 -1 -1 -1 -1 -1 1 1 -1 0 0 -1 -1 -1 
-1 -1 -1 -1 -1 -1 -1 1 1 -1 0 0 -1 -1 -1 
-1 -1 -1 -1 -1 -1 -1 1 1 -1 0 0 -1 -1 -1 
END
15 0
11 10
2 7
-1 -1 -1 -1 -1 -1 -1 -1 1 1 0 0 -1 -1 -1 
-1 -1 -1 -1 -1 -1 -1 -1 1 1 0 0 -1 -1 -1 
-1 -1 -1 -1 -1 -1 -1 1 1 0 0 0 -1 -1 -1 
-1 -1 -1 -1 -1 -1 -1 1 1 0 -1 0 -1 -1 -1 
-1 -1 -1 -1 -1 -1 -1 1 1 0 -1 0 -1 -1 -1 
-1 -1 -1 -1 -1 -1 -1 1 1 0 -1 0 -1 -1 -1 
-1 -1 -1 -1 -1 -1 -1 1 1 0 -1 0 -1 -1 -1 
-1 -1 -1 -1 -1 -1 -1 1 1 0 -1 0 -1 -1 -1 
-1 -1 -1 -1 -1 -1 -1 1 1 0 -1 0 -1 -1 -1 
-1 -1 -1 -1 -1 -1 -1 1 1 0 -1 0 -1 -1 -1 
-1 -1 -1 -1 -1 -1 -1 1 1 -1 -1 0 -1 -1 -1 
-1 -1 -1 -1 -1 -1 -1 1 1 -1 0 0 -1 -1 -1 
-1 -1 -1 -1 -1 -1 -1 1 1 -1 0 0 -1 -1 -1 
-1 -1 -1 -1 -1 -1 -1 1 1 -1 0 0 -1 -1 -1 
-1 -1 -1 -1 -1 -1 -1 1 1 -1 0 0 -1 -1 -1 
END
15 0
10 10
1 7
-1 -1 -1 -1 -1 -1 -1 -1 1 1 0 0 -1 -1 -1 
-1 -1 -1 -1 -1 -1 -1 1 1 1 0 0 -1 -1 -1 
-1 -1 -1 -1 -1 -1 -1 1 1 0 0 0 -1 -1 -1 
-1 -1 -1 -1 -1 -1 -1 1 1 0 -1 0 -1 -1 -1 
-1 -1 -1 -1 -1 -1 -1 1 1 0 -1 0 -1 -1 -1 
-1 -1 -1 -1 -1 -1 -1 1 1 0 -1 0 -1 -1 -1 
-1 -1 -1 -1 -1 -1 -1 1 1 0 -1 0 -1 -1 -1 
-1 -1 -1 -1 -1 -1 -1 1 1 0 -1 0 -1 -1 -1 
-1 -1 -1 -1 -1 -1 -1 1 1 0 -1 0 -1 -1 -1 
-1 -1 -1 -1 -1 -1 -1 1 1 0 -1 0 -1 -1 -1 
-1 -1 -1 -1 -1 -1 -1 1 1 -1 0 0 -1 -1 -1 
-1 -1 -1 -1 -1 -1 -1 1 1 -1 0 0 -1 -1 -1 
-1 -1 -1 -1 -1 -1 -1 1 1 -1 0 0 -1 -1 -1 
-1 -1 -1 -1 -1 -1 -1 1 1 -1 0 0 -1 -1 -1 
-1 -1 -1 -1 -1 -1 -1 1 1 -1 0 0 -1 -1 -1 
END
15 0
9 10
0 7
-1 -1 -1 -1 -1 -1 -1 1 1 1 0 0 -1 -1 -1 
-1 -1 -1 -1 -1 -1 -1 1 1 1 0 0 -1 -1 -1 
-1 -1 -1 -1 -1 -1 -1 1 1 0 0 0 -1 -1 -1 
-1 -1 -1 -1 -1 -1 -1 1 1 0 -1 0 -1 -1 -1 
-1 -1 -1 -1 -1 -1 -1 1 1 0 -1 0 -1 -1 -1 
-1 -1 -1 -1 -1 -1 -1 1 1 0 -1 0 -1 -1 -1 
-1 -1 -1 -1 -1 -1 -1 1 1 0 -1 0 -1 -1 -1 
-1 -1 -1 -1 -1 -1 -1 1 1 0 -1 0 -1 -1 -1 
-1 -1 -1 -1 -1 -1 -1 1 1 0 -1 0 -1 -1 -1 
-1 -1 -1 -1 -1 -1 -1 1 1 0 0 0 -1 -1 -1 
-1 -1 -1 -1 -1 -1 -1 1 1 -1 0 0 -1 -1 -1 
-1 -1 -1 -1 -1 -1 -1 1 1 -1 0 0 -1 -1 -1 
-1 -1 -1 -1 -1 -1 -1 1 1 -1 0 0 -1 -1 -1 
-1 -1 -1 -1 -1 -1 -1 1 1 -1 0 0 -1 -1 -1 
-1 -1 -1 -1 -1 -1 -1 1 1 -1 0 0 -1 -1 -1 
END
15 0
8 10
0 6
-1 -1 -1 -1 -1 -1 1 1 1 1 0 0 -1 -1 -1 
-1 -1 -1 -1 -1 -1 -1 1 1 1 0 0 -1 -1 -1 
-1 -1 -1 -1 -1 -1 -1 1 1 0 0 0 -1 -1 -1 
-1 -1 -1 -1 -1 -1 -1 1 1 0 -1 0 -1 -1 -1 
-1 -1 -1 -1 -1 -1 -1 1 1 0 -1 0 -1 -1 -1 
-1 -1 -1 -1 -1 -1 -1 1 1 0 -1 0 -1 -1 -1 
-1 -1 -1 -1 -1 -1 -1 1 1 0 -1 0 -1 -1 -1 
-1 -1 -1 -1 -1 -1 -1 1 1 0 -1 0 -1 -1 -1 
-1 -1 -1 -1 -1 -1 -1 1 1 0 0 0 -1 -1 -1 
-1 -1 -1 -1 -1 -1 -1 1 1 0 0 0 -1 -1 -1 
-1 -1 -1 -1 -1 -1 -1 1 1 -1 0 0 -1 -1 -1 
-1 -1 -1 -1 -1 -1 -1 1 1 -1 0 0 -1 -1 -1 
-1 -1 -1 -1 -1 -1 -1 1 1 -1 0 0 -1 -1 -1 
-1 -1 -1 -1 -1 -1 -1 1 1 -1 0 0 -1 -1 -1 
-1 -1 -1 -1 -1 -1 -1 1 1 -1 0 0 -1 -1 -1 
END
15 0
7 10
1 6
-1 -1 -1 -1 -1 -1 1 1 1 1 0 0 -1 -1 -1 
-1 -1 -1 -1 -1 -1 1 1 1 1 0 0 -1 -1 -1 
-1 -1 -1 -1 -1 -1 -1 1 1 0 0 0 -1 -1 -1 
-1 -1 -1 -1 -1 -1 -1 1 1 0 -1 0 -1 -1 -1 
-1 -1 -1 -1 -1 -1 -1 1 1 0 -1 0 -1 -1 -1 
-1 -1 -1 -1 -1 -1 -1 1 1 0 -1 0 -1 -1 -1 
-1 -1 -1 -1 -1 -1 -1 1 1 0 -1 0 -1 -1 -1 
-1 -1 -1 -1 -1 -1 -1 1 1 0 0 0 -1 -1 -1 
-1 -1 -1 -1 -1 -1 -1 1 1 0 0 0 -1 -1 -1 
-1 -1 -1 -1 -1 -1 -1 1 1 0 0 0 -1 -1 -1 
-1 -1 -1 -1 -1 -1 -1 1 1 -1 0 0 -1 -1 -1 
-1 -1 -1 -1 -1 -1 -1 1 1 -1 0 0 -1 -1 -1 
-1 -1 -1 -1 -1 -1 -1 1 1 -1 0 0 -1 -1 -1 
-1 -1 -1 -1 -1 -1 -1 1 1 -1 0 0 -1 -1 -1 
-1 -1 -1 -1 -1 -1 -1 1 1 -1 0 0 -1 -1 -1 
END
15 0
6 10
2 6
-1 -1 -1 -1 -1 -1 1 1 1 1 0 0 -1 -1 -1 
-1 -1 -1 -1 -1 -1 1 1 1 1 0 0 -1 -1 -1 
-1 -1 -1 -1 -1 -1 1 1 1 0 0 0 -1 -1 -1 
-1 -1 -1 -1 -1 -1 -1 1 1 0 -1 0 -1 -1 -1 
-1 -1 -1 -1 -1 -1 -1 1 1 0 -1 0 -1 -1 -1 
-1 -1 -1 -1 -1 -1 -1 1 1 0 -1 0 -1 -1 -1 
-1 -1 -1 -1 -1 -1 -1 1 1 0 0 0 -1 -1 -1 
-1 -1 -1 -1 -1 -1 -1 1 1 0 0 0 -1 -1 -1 
-1 -1 -1 -1 -1 -1 -1 1 1 0 0 0 -1 -1 -1 
-1 -1 -1 -1 -1 -1 -1 1 1 0 0 0 -1 -1 -1 
-1 -1 -1 -1 -1 -1 -1 1 1 -1 0 0 -1 -1 -1 
-1 -1 -1 -1 -1 -1 -1 1 1 -1 0 0 -1 -1 -1 
-1 -1 -1 -1 -1 -1 -1 1 1 -1 0 0 -1 -1 -1 
-1 -1 -1 -1 -1 -1 -1 1 1 -1 0 0 -1 -1 -1 
-1 -1 -1 -1 -1 -1 -1 1 1 -1 0 0 -1 -1 -1 
END
15 0
5 10
3 6
-1 -1 -1 -1 -1 -1 1 1 1 1 0 0 -1 -1 -1 
-1 -1 -1 -1 -1 -1 1 1 1 1 0 0 -1 -1 -1 
-1 -1 -1 -1 -1 -1 1 1 1 0 0 0 -1 -1 -1 
-1 -1 -1 -1 -1 -1 1 1 1 0 -1 0 -1 -1 -1 
-1 -1 -1 -1 -1 -1 -1 1 1 0 -1 0 -1 -1 -1 
-1 -1 -1 -1 -1 -1 -1 1 1 0 0 0 -1 -1 -1 
-1 -1 -1 -1 -1 -1 -1 1 1 0 0 0 -1 -1 -1 
-1 -1 -1 -1 -1 -1 -1 1 1 0 0 0 -1 -1 -1 
-1 -1 -1 -1 -1 -1 -1 1 1 0 0 0 -1 -1 -1 
-1 -1 -1 -1 -1 -1 -1 1 1 0 0 0 -1 -1 -1 
-1 -1 -1 -1 -1 -1 -1 1 1 -1 0 0 -1 -1 -1 
-1 -1 -1 -1 -1 -1 -1 1 1 -1 0 0 -1 -1 -1 
-1 -1 -1 -1 -1 -1 -1 1 1 -1 0 0 -1 -1 -1 
-1 -1 -1 -1 -1 -1 -1 1 1 -1 0 0 -1 -1 -1 
-1 -1 -1 -1 -1 -1 -1 1 1 -1 0 0 -1 -1 -1 
END
15 0
4 10
4 6
-1 -1 -1 -1 -1 -1 1 1 1 1 0 0 -1 -1 -1 
-1 -1 -1 -1 -1 -1 1 1 1 1 0 0 -1 -1 -1 
-1 -1 -1 -1 -1 -1 1 1 1 0 0 0 -1 -1 -1 
-1 -1 -1 -1 -1 -1 1 1 1 0 -1 0 -1 -1 -1 
-1 -1 -1 -1 -1 -1 1 1 1 0 0 0 -1 -1 -1 
-1 -1 -1 -1 -1 -1 -1 1 1 0 0 0 -1 -1 -1 
-1 -1 -1 -1 -1 -1 -1 1 1 0 0 0 -1 -1 -1 
-1 -1 -1 -1 -1 -1 -1 1 1 0 0 0 -1 -1 -1 
-1 -1 -1 -1 -1 -1 -1 1 1 0 0 0 -1 -1 -1 
-1 -1 -1 -1 -1 -1 -1 1 1 0 0 0 -1 -1 -1 
-1 -1 -1 -1 -1 -1 -1 1 1 -1 0 0 -1 -1 -1 
-1 -1 -1 -1 -1 -1 -1 1 1 -1 0 0 -1 -1 -1 
-1 -1 -1 -1 -1 -1 -1 1 1 -1 0 0 -1 -1 -1 
-1 -1 -1 -1 -1 -1 -1 1 1 -1 0 0 -1 -1 -1 
-1 -1 -1 -1 -1 -1 -1 1 1 -1 0 0 -1 -1 -1 
END
15 0
3 10
5 6
-1 -1 -1 -1 -1 -1 1 1 1 1 0 0 -1 -1 -1 
-1 -1 -1 -1 -1 -1 1 1 1 1 0 0 -1 -1 -1 
-1 -1 -1 -1 -1 -1 1 1 1 0 0 0 -1 -1 -1 
-1 -1 -1 -1 -1 -1 1 1 1 0 0 0 -1 -1 -1 
-1 -1 -1 -1 -1 -1 1 1 1 0 0 0 -1 -1 -1 
-1 -1 -1 -1 -1 -1 1 1 1 0 0 0 -1 -1 -1 
-1 -1 -1 -1 -1 -1 -1 1 1 0 0 0 -1 -1 -1 
-1 -1 -1 -1 -1 -1 -1 1 1 0 0 0 -1 -1 -1 
-1 -1 -1 -1 -1 -1 -1 1 1 0 0 0 -1 -1 -1 
-1 -1 -1 -1 -1 -1 -1 1 1 0 0 0 -1 -1 -1 
-1 -1 -1 -1 -1 -1 -1 1 1 -1 0 0 -1 -1 -1 
-1 -1 -1 -1 -1 -1 -1 1 1 -1 0 0 -1 -1 -1 
-1 -1 -1 -1 -1 -1 -1 1 1 -1 0 0 -1 -1 -1 
-1 -1 -1 -1 -1 -1 -1 1 1 -1 0 0 -1 -1 -1 
-1 -1 -1 -1 -1 -1 -1 1 1 -1 0 0 -1 -1 -1 
END
