15 0
10 7
12 2
-1 -1 -1 -1 -1 -1 -1 -1 -1 -1 -1 -1 -1 -1 -1 
-1 -1 -1 -1 -1 -1 -1 -1 -1 -1 -1 -1 -1 -1 -1 
-1 -1 -1 -1 -1 -1 -1 -1 -1 -1 -1 -1 -1 -1 -1 
-1 -1 -1 -1 -1 -1 -1 -1 -1 -1 -1 -1 -1 -1 -1 
-1 -1 -1 -1 -1 -1 -1 -1 -1 -1 -1 -1 -1 -1 -1 
-1 -1 -1 -1 -1 -1 -1 -1 -1 -1 -1 -1 -1 -1 -1 
-1 -1 -1 -1 -1 -1 -1 -1 -1 -1 -1 -1 -1 -1 -1 
-1 -1 -1 -1 -1 -1 -1 -1 -1 -1 -1 -1 -1 -1 -1 
-1 -1 -1 -1 -1 -1 -1 -1 -1 -1 -1 -1 -1 -1 -1 
-1 -1 -1 -1 -1 -1 -1 -1 -1 -1 -1 -1 -1 -1 -1 
-1 -1 -1 -1 -1 -1 -1 0 -1 -1 -1 -1 -1 -1 -1 
-1 -1 -1 -1 -1 -1 -1 -1 -1 -1 -1 -1 -1 -1 -1 
-1 -1 1 -1 -1 -1 -1 -1 -1 -1 -1 -1 -1 -1 -1 
-1 -1 -1 -1 -1 -1 -1 -1 -1 -1 -1 -1 -1 -1 -1 
-1 -1 -1 -1 -1 -1 -1 -1 -1 -1 -1 -1 -1 -1 -1 
END
15 0
9 7
11 2
-1 -1 -1 -1 -1 -1 -1 -1 -1 -1 -1 -1 -1 -1 -1 
-1 -1 -1 -1 -1 -1 -1 -1 -1 -1 -1 -1 -1 -1 -1 
-1 -1 -1 -1 -1 -1 -1 -1 -1 -1 -1 -1 -1 -1 -1 
-1 -1 -1 -1 -1 -1 -1 -1 -1 -1 -1 -1 -1 -1 -1 
-1 -1 -1 -1 -1 -1 -1 -1 -1 -1 -1 -1 -1 -1 -1 
-1 -1 -1 -1 -1 -1 -1 -1 -1 -1 -1 -1 -1 -1 -1 
-1 -1 -1 -1 -1 -1 -1 -1 -1 -1 -1 -1 -1 -1 -1 
-1 -1 -1 -1 -1 -1 -1 -1 -1 -1 -1 -1 -1 -1 -1 
-1 -1 -1 -1 -1 -1 -1 -1 -1 -1 -1 -1 -1 -1 -1 
-1 -1 -1 -1 -1 -1 -1 0 -1 -1 -1 -1 -1 -1 -1 
-1 -1 -1 -1 -1 -1 -1 0 -1 -1 -1 -1 -1 -1 -1 
-1 -1 1 -1 -1 -1 -1 -1 -1 -1 -1 -1 -1 -1 -1 
-1 -1 1 -1 -1 -1 -1 -1 -1 -1 -1 -1 -1 -1 -1 
-1 -1 -1 -1 -1 -1 -1 -1 -1 -1 -1 -1 -1 -1 -1 
-1 -1 -1 -1 -1 -1 -1 -1 -1 -1 -1 -1 -1 -1 -1 
END
15 0
8 7
10 2
-1 -1 -1 -1 -1 -1 -1 -1 -1 -1 -1 -1 -1 -1 -1 
-1 -1 -1 -1 -1 -1 -1 -1 -1 -1 -1 -1 -1 -1 -1 
-1 -1 -1 -1 -1 -1 -1 -1 -1 -1 -1 -1 -1 -1 -1 
-1 -1 -1 -1 -1 -1 -1 -1 -1 -1 -1 -1 -1 -1 -1 
-1 -1 -1 -1 -1 -1 -1 -1 -1 -1 -1 -1 -1 -1 -1 
-1 -1 -1 -1 -1 -1 -1 -1 -1 -1 -1 -1 -1 -1 -1 
-1 -1 -1 -1 -1 -1 -1 -1 -1 -1 -1 -1 -1 -1 -1 
-1 -1 -1 -1 -1 -1 -1 -1 -1 -1 -1 -1 -1 -1 -1 
-1 -1 -1 -1 -1 -1 -1 0 -1 -1 -1 -1 -1 -1 -1 
-1 -1 -1 -1 -1 -1 -1 0 -1 -1 -1 -1 -1 -1 -1 
-1 -1 1 -1 -1 -1 -1 0 -1 -1 -1 -1 -1 -1 -1 
-1 -1 1 -1 -1 -1 -1 -1 -1 -1 -1 -1 -1 -1 -1 
-1 -1 1 -1 -1 -1 -1 -1 -1 -1 -1 -1 -1 -1 -1 
-1 -1 -1 -1 -1 -1 -1 -1 -1 -1 -1 -1 -1 -1 -1 
-1 -1 -1 -1 -1 -1 -1 -1 -1 -1 -1 -1 -1 -1 -1 
END
15 0
7 7
9 2
-1 -1 -1 -1 -1 -1 -1 -1 -1 -1 -1 -1 -1 -1 -1 
-1 -1 -1 -1 -1 -1 -1 -1 -1 -1 -1 -1 -1 -1 -1 
-1 -1 -1 -1 -1 -1 -1 -1 -1 -1 -1 -1 -1 -1 -1 
-1 -1 -1 -1 -1 -1 -1 -1 -1 -1 -1 -1 -1 -1 -1 
-1 -1 -1 -1 -1 -1 -1 -1 -1 -1 -1 -1 -1 -1 -1 
-1 -1 -1 -1 -1 -1 -1 -1 -1 -1 -1 -1 -1 -1 -1 
-1 -1 -1 -1 -1 -1 -1 -1 -1 -1 -1 -1 -1 -1 -1 
-1 -1 -1 -1 -1 -1 -1 0 -1 -1 -1 -1 -1 -1 -1 
-1 -1 -1 -1 -1 -1 -1 0 -1 -1 -1 -1 -1 -1 -1 
-1 -1 1 -1 -1 -1 -1 0 -1 -1 -1 -1 -1 -1 -1 
-1 -1 1 -1 -1 -1 -1 0 -1 -1 -1 -1 -1 -1 -1 
-1 -1 1 -1 -1 -1 -1 -1 -1 -1 -1 -1 -1 -1 -1 
-1 -1 1 -1 -1 -1 -1 -1 -1 -1 -1 -1 -1 -1 -1 
-1 -1 -1 -1 -1 -1 -1 -1 -1 -1 -1 -1 -1 -1 -1 
-1 -1 -1 -1 -1 -1 -1 -1 -1 -1 -1 -1 -1 -1 -1 
END
15 0
6 7
8 2
-1 -1 -1 -1 -1 -1 -1 -1 -1 -1 -1 -1 -1 -1 -1 
-1 -1 -1 -1 -1 -1 -1 -1 -1 -1 -1 -1 -1 -1 -1 
-1 -1 -1 -1 -1 -1 -1 -1 -1 -1 -1 -1 -1 -1 -1 
-1 -1 -1 -1 -1 -1 -1 -1 -1 -1 -1 -1 -1 -1 -1 
-1 -1 -1 -1 -1 -1 -1 -1 -1 -1 -1 -1 -1 -1 -1 
-1 -1 -1 -1 -1 -1 -1 -1 -1 -1 -1 -1 -1 -1 -1 
-1 -1 -1 -1 -1 -1 -1 0 -1 -1 -1 -1 -1 -1 -1 
-1 -1 -1 -1 -1 -1 -1 0 -1 -1 -1 -1 -1 -1 -1 
-1 -1 1 -1 -1 -1 -1 0 -1 -1 -1 -1 -1 -1 -1 
-1 -1 1 -1 -1 -1 -1 0 -1 -1 -1 -1 -1 -1 -1 
-1 -1 1 -1 -1 -1 -1 0 -1 -1 -1 -1 -1 -1 -1 
-1 -1 1 -1 -1 -1 -1 -1 -1 -1 -1 -1 -1 -1 -1 
-1 -1 1 -1 -1 -1 -1 -1 -1 -1 -1 -1 -1 -1 -1 
-1 -1 -1 -1 -1 -1 -1 -1 -1 -1 -1 -1 -1 -1 -1 
-1 -1 -1 -1 -1 -1 -1 -1 -1 -1 -1 -1 -1 -1 -1 
END
15 0
5 7
7 2
-1 -1 -1 -1 -1 -1 -1 -1 -1 -1 -1 -1 -1 -1 -1 
-1 -1 -1 -1 -1 -1 -1 -1 -1 -1 -1 -1 -1 -1 -1 
-1 -1 -1 -1 -1 -1 -1 -1 -1 -1 -1 -1 -1 -1 -1 
-1 -1 -1 -1 -1 -1 -1 -1 -1 -1 -1 -1 -1 -1 -1 
-1 -1 -1 -1 -1 -1 -1 -1 -1 -1 -1 -1 -1 -1 -1 
-1 -1 -1 -1 -1 -1 -1 0 -1 -1 -1 -1 -1 -1 -1 
-1 -1 -1 -1 -1 -1 -1 0 -1 -1 -1 -1 -1 -1 -1 
-1 -1 1 -1 -1 -1 -1 0 -1 -1 -1 -1 -1 -1 -1 
-1 -1 1 -1 -1 -1 -1 0 -1 -1 -1 -1 -1 -1 -1 
-1 -1 1 -1 -1 -1 -1 0 -1 -1 -1 -1 -1 -1 -1 
-1 -1 1 -1 -1 -1 -1 0 -1 -1 -1 -1 -1 -1 -1 
-1 -1 1 -1 -1 -1 -1 -1 -1 -1 -1 -1 -1 -1 -1 
-1 -1 1 -1 -1 -1 -1 -1 -1 -1 -1 -1 -1 -1 -1 
-1 -1 -1 -1 -1 -1 -1 -1 -1 -1 -1 -1 -1 -1 -1 
-1 -1 -1 -1 -1 -1 -1 -1 -1 -1 -1 -1 -1 -1 -1 
END
15 0
4 7
6 2
-1 -1 -1 -1 -1 -1 -1 -1 -1 -1 -1 -1 -1 -1 -1 
-1 -1 -1 -1 -1 -1 -1 -1 -1 -1 -1 -1 -1 -1 -1 
-1 -1 -1 -1 -1 -1 -1 -1 -1 -1 -1 -1 -1 -1 -1 
-1 -1 -1 -1 -1 -1 -1 -1 -1 -1 -1 -1 -1 -1 -1 
-1 -1 -1 -1 -1 -1 -1 0 -1 -1 -1 -1 -1 -1 -1 
-1 -1 -1 -1 -1 -1 -1 0 -1 -1 -1 -1 -1 -1 -1 
-1 -1 1 -1 -1 -1 -1 0 -1 -1 -1 -1 -1 -1 -1 
-1 -1 1 -1 -1 -1 -1 0 -1 -1 -1 -1 -1 -1 -1 
-1 -1 1 -1 -1 -1 -1 0 -1 -1 -1 -1 -1 -1 -1 
-1 -1 1 -1 -1 -1 -1 0 -1 -1 -1 -1 -1 -1 -1 
-1 -1 1 -1 -1 -1 -1 0 -1 -1 -1 -1 -1 -1 -1 
-1 -1 1 -1 -1 -1 -1 -1 -1 -1 -1 -1 -1 -1 -1 
-1 -1 1 -1 -1 -1 -1 -1 -1 -1 -1 -1 -1 -1 -1 
-1 -1 -1 -1 -1 -1 -1 -1 -1 -1 -1 -1 -1 -1 -1 
-1 -1 -1 -1 -1 -1 -1 -1 -1 -1 -1 -1 -1 -1 -1 
END
15 0
3 7
5 2
-1 -1 -1 -1 -1 -1 -1 -1 -1 -1 -1 -1 -1 -1 -1 
-1 -1 -1 -1 -1 -1 -1 -1 -1 -1 -1 -1 -1 -1 -1 
-1 -1 -1 -1 -1 -1 -1 -1 -1 -1 -1 -1 -1 -1 -1 
-1 -1 -1 -1 -1 -1 -1 0 -1 -1 -1 -1 -1 -1 -1 
-1 -1 -1 -1 -1 -1 -1 0 -1 -1 -1 -1 -1 -1 -1 
-1 -1 1 -1 -1 -1 -1 0 -1 -1 -1 -1 -1 -1 -1 
-1 -1 1 -1 -1 -1 -1 0 -1 -1 -1 -1 -1 -1 -1 
-1 -1 1 -1 -1 -1 -1 0 -1 -1 -1 -1 -1 -1 -1 
-1 -1 1 -1 -1 -1 -1 0 -1 -1 -1 -1 -1 -1 -1 
-1 -1 1 -1 -1 -1 -1 0 -1 -1 -1 -1 -1 -1 -1 
-1 -1 1 -1 -1 -1 -1 0 -1 -1 -1 -1 -1 -1 -1 
-1 -1 1 -1 -1 -1 -1 -1 -1 -1 -1 -1 -1 -1 -1 
-1 -1 1 -1 -1 -1 -1 -1 -1 -1 -1 -1 -1 -1 -1 
-1 -1 -1 -1 -1 -1 -1 -1 -1 -1 -1 -1 -1 -1 -1 
-1 -1 -1 -1 -1 -1 -1 -1 -1 -1 -1 -1 -1 -1 -1 
END
15 0
2 7
4 2
-1 -1 -1 -1 -1 -1 -1 -1 -1 -1 -1 -1 -1 -1 -1 
-1 -1 -1 -1 -1 -1 -1 -1 -1 -1 -1 -1 -1 -1 -1 
-1 -1 -1 -1 -1 -1 -1 0 -1 -1 -1 -1 -1 -1 -1 
-1 -1 -1 -1 -1 -1 -1 0 -1 -1 -1 -1 -1 -1 -1 
-1 -1 1 -1 -1 -1 -1 0 -1 -1 -1 -1 -1 -1 -1 
-1 -1 1 -1 -1 -1 -1 0 -1 -1 -1 -1 -1 -1 -1 
-1 -1 1 -1 -1 -1 -1 0 -1 -1 -1 -1 -1 -1 -1 
-1 -1 1 -1 -1 -1 -1 0 -1 -1 -1 -1 -1 -1 -1 
-1 -1 1 -1 -1 -1 -1 0 -1 -1 -1 -1 -1 -1 -1 
-1 -1 1 -1 -1 -1 -1 0 -1 -1 -1 -1 -1 -1 -1 
-1 -1 1 -1 -1 -1 -1 0 -1 -1 -1 -1 -1 -1 -1 
-1 -1 1 -1 -1 -1 -1 -1 -1 -1 -1 -1 -1 -1 -1 
-1 -1 1 -1 -1 -1 -1 -1 -1 -1 -1 -1 -1 -1 -1 
-1 -1 -1 -1 -1 -1 -1 -1 -1 -1 -1 -1 -1 -1 -1 
-1 -1 -1 -1 -1 -1 -1 -1 -1 -1 -1 -1 -1 -1 -1 
END
15 0
1 7
3 2
-1 -1 -1 -1 -1 -1 -1 -1 -1 -1 -1 -1 -1 -1 -1 
-1 -1 -1 -1 -1 -1 -1 0 -1 -1 -1 -1 -1 -1 -1 
-1 -1 -1 -1 -1 -1 -1 0 -1 -1 -1 -1 -1 -1 -1 
-1 -1 1 -1 -1 -1 -1 0 -1 -1 -1 -1 -1 -1 -1 
-1 -1 1 -1 -1 -1 -1 0 -1 -1 -1 -1 -1 -1 -1 
-1 -1 1 -1 -1 -1 -1 0 -1 -1 -1 -1 -1 -1 -1 
-1 -1 1 -1 -1 -1 -1 0 -1 -1 -1 -1 -1 -1 -1 
-1 -1 1 -1 -1 -1 -1 0 -1 -1 -1 -1 -1 -1 -1 
-1 -1 1 -1 -1 -1 -1 0 -1 -1 -1 -1 -1 -1 -1 
-1 -1 1 -1 -1 -1 -1 0 -1 -1 -1 -1 -1 -1 -1 
-1 -1 1 -1 -1 -1 -1 0 -1 -1 -1 -1 -1 -1 -1 
-1 -1 1 -1 -1 -1 -1 -1 -1 -1 -1 -1 -1 -1 -1 
-1 -1 1 -1 -1 -1 -1 -1 -1 -1 -1 -1 -1 -1 -1 
-1 -1 -1 -1 -1 -1 -1 -1 -1 -1 -1 -1 -1 -1 -1 
-1 -1 -1 -1 -1 -1 -1 -1 -1 -1 -1 -1 -1 -1 -1 
END
15 0
0 7
2 2
-1 -1 -1 -1 -1 -1 -1 0 -1 -1 -1 -1 -1 -1 -1 
-1 -1 -1 -1 -1 -1 -1 0 -1 -1 -1 -1 -1 -1 -1 
-1 -1 1 -1 -1 -1 -1 0 -1 -1 -1 -1 -1 -1 -1 
-1 -1 1 -1 -1 -1 -1 0 -1 -1 -1 -1 -1 -1 -1 
-1 -1 1 -1 -1 -1 -1 0 -1 -1 -1 -1 -1 -1 -1 
-1 -1 1 -1 -1 -1 -1 0 -1 -1 -1 -1 -1 -1 -1 
-1 -1 1 -1 -1 -1 -1 0 -1 -1 -1 -1 -1 -1 -1 
-1 -1 1 -1 -1 -1 -1 0 -1 -1 -1 -1 -1 -1 -1 
-1 -1 1 -1 -1 -1 -1 0 -1 -1 -1 -1 -1 -1 -1 
-1 -1 1 -1 -1 -1 -1 0 -1 -1 -1 -1 -1 -1 -1 
-1 -1 1 -1 -1 -1 -1 0 -1 -1 -1 -1 -1 -1 -1 
-1 -1 1 -1 -1 -1 -1 -1 -1 -1 -1 -1 -1 -1 -1 
-1 -1 1 -1 -1 -1 -1 -1 -1 -1 -1 -1 -1 -1 -1 
-1 -1 -1 -1 -1 -1 -1 -1 -1 -1 -1 -1 -1 -1 -1 
-1 -1 -1 -1 -1 -1 -1 -1 -1 -1 -1 -1 -1 -1 -1 
END
15 0
0 6
1 2
-1 -1 -1 -1 -1 -1 0 0 -1 -1 -1 -1 -1 -1 -1 
-1 -1 1 -1 -1 -1 -1 0 -1 -1 -1 -1 -1 -1 -1 
-1 -1 1 -1 -1 -1 -1 0 -1 -1 -1 -1 -1 -1 -1 
-1 -1 1 -1 -1 -1 -1 0 -1 -1 -1 -1 -1 -1 -1 
-1 -1 1 -1 -1 -1 -1 0 -1 -1 -1 -1 -1 -1 -1 
-1 -1 1 -1 -1 -1 -1 0 -1 -1 -1 -1 -1 -1 -1 
-1 -1 1 -1 -1 -1 -1 0 -1 -1 -1 -1 -1 -1 -1 
-1 -1 1 -1 -1 -1 -1 0 -1 -1 -1 -1 -1 -1 -1 
-1 -1 1 -1 -1 -1 -1 0 -1 -1 -1 -1 -1 -1 -1 
-1 -1 1 -1 -1 -1 -1 0 -1 -1 -1 -1 -1 -1 -1 
-1 -1 1 -1 -1 -1 -1 0 -1 -1 -1 -1 -1 -1 -1 
-1 -1 1 -1 -1 -1 -1 -1 -1 -1 -1 -1 -1 -1 -1 
-1 -1 1 -1 -1 -1 -1 -1 -1 -1 -1 -1 -1 -1 -1 
-1 -1 -1 -1 -1 -1 -1 -1 -1 -1 -1 -1 -1 -1 -1 
-1 -1 -1 -1 -1 -1 -1 -1 -1 -1 -1 -1 -1 -1 -1 
END
15 0
1 6
0 2
-1 -1 1 -1 -1 -1 0 0 -1 -1 -1 -1 -1 -1 -1 
-1 -1 1 -1 -1 -1 0 0 -1 -1 -1 -1 -1 -1 -1 
-1 -1 1 -1 -1 -1 -1 0 -1 -1 -1 -1 -1 -1 -1 
-1 -1 1 -1 -1 -1 -1 0 -1 -1 -1 -1 -1 -1 -1 
-1 -1 1 -1 -1 -1 -1 0 -1 -1 -1 -1 -1 -1 -1 
-1 -1 1 -1 -1 -1 -1 0 -1 -1 -1 -1 -1 -1 -1 
-1 -1 1 -1 -1 -1 -1 0 -1 -1 -1 -1 -1 -1 -1 
-1 -1 1 -1 -1 -1 -1 0 -1 -1 -1 -1 -1 -1 -1 
-1 -1 1 -1 -1 -1 -1 0 -1 -1 -1 -1 -1 -1 -1 
-1 -1 1 -1 -1 -1 -1 0 -1 -1 -1 -1 -1 -1 -1 
-1 -1 1 -1 -1 -1 -1 0 -1 -1 -1 -1 -1 -1 -1 
-1 -1 1 -1 -1 -1 -1 -1 -1 -1 -1 -1 -1 -1 -1 
-1 -1 1 -1 -1 -1 -1 -1 -1 -1 -1 -1 -1 -1 -1 
-1 -1 -1 -1 -1 -1 -1 -1 -1 -1 -1 -1 -1 -1 -1 
-1 -1 -1 -1 -1 -1 -1 -1 -1 -1 -1 -1 -1 -1 -1 
END
15 0
2 6
0 1
-1 1 1 -1 -1 -1 0 0 -1 -1 -1 -1 -1 -1 -1 
-1 -1 1 -1 -1 -1 0 0 -1 -1 -1 -1 -1 -1 -1 
-1 -1 1 -1 -1 -1 0 0 -1 -1 -1 -1 -1 -1 -1 
-1 -1 1 -1 -1 -1 -1 0 -1 -1 -1 -1 -1 -1 -1 
-1 -1 1 -1 -1 -1 -1 0 -1 -1 -1 -1 -1 -1 -1 
-1 -1 1 -1 -1 -1 -1 0 -1 -1 -1 -1 -1 -1 -1 
-1 -1 1 -1 -1 -1 -1 0 -1 -1 -1 -1 -1 -1 -1 
-1 -1 1 -1 -1 -1 -1 0 -1 -1 -1 -1 -1 -1 -1 
-1 -1 1 -1 -1 -1 -1 0 -1 -1 -1 -1 -1 -1 -1 
-1 -1 1 -1 -1 -1 -1 0 -1 -1 -1 -1 -1 -1 -1 
-1 -1 1 -1 -1 -1 -1 0 -1 -1 -1 -1 -1 -1 -1 
-1 -1 1 -1 -1 -1 -1 -1 -1 -1 -1 -1 -1 -1 -1 
-1 -1 1 -1 -1 -1 -1 -1 -1 -1 -1 -1 -1 -1 -1 
-1 -1 -1 -1 -1 -1 -1 -1 -1 -1 -1 -1 -1 -1 -1 
-1 -1 -1 -1 -1 -1 -1 -1 -1 -1 -1 -1 -1 -1 -1 
END
15 0
3 6
1 1
-1 1 1 -1 -1 -1 0 0 -1 -1 -1 -1 -1 -1 -1 
-1 1 1 -1 -1 -1 0 0 -1 -1 -1 -1 -1 -1 -1 
-1 -1 1 -1 -1 -1 0 0 -1 -1 -1 -1 -1 -1 -1 
-1 -1 1 -1 -1 -1 0 0 -1 -1 -1 -1 -1 -1 -1 
-1 -1 1 -1 -1 -1 -1 0 -1 -1 -1 -1 -1 -1 -1 
-1 -1 1 -1 -1 -1 -1 0 -1 -1 -1 -1 -1 -1 -1 
-1 -1 1 -1 -1 -1 -1 0 -1 -1 -1 -1 -1 -1 -1 
-1 -1 1 -1 -1 -1 -1 0 -1 -1 -1 -1 -1 -1 -1 
-1 -1 1 -1 -1 -1 -1 0 -1 -1 -1 -1 -1 -1 -1 
-1 -1 1 -1 -1 -1 -1 0 -1 -1 -1 -1 -1 -1 -1 
-1 -1 1 -1 -1 -1 -1 0 -1 -1 -1 -1 -1 -1 -1 
-1 -1 1 -1 -1 -1 -1 -1 -1 -1 -1 -1 -1 -1 -1 
-1 -1 1 -1 -1 -1 -1 -1 -1 -1 -1 -1 -1 -1 -1 
-1 -1 -1 -1 -1 -1 -1 -1 -1 -1 -1 -1 -1 -1 -1 
-1 -1 -1 -1 -1 -1 -1 -1 -1 -1 -1 -1 -1 -1 -1 
END
15 0
4 6
2 1
-1 1 1 -1 -1 -1 0 0 -1 -1 -1 -1 -1 -1 -1 
-1 1 1 -1 -1 -1 0 0 -1 -1 -1 -1 -1 -1 -1 
-1 1 1 -1 -1 -1 0 0 -1 -1 -1 -1 -1 -1 -1 
-1 -1 1 -1 -1 -1 0 0 -1 -1 -1 -1 -1 -1 -1 
-1 -1 1 -1 -1 -1 0 0 -1 -1 -1 -1 -1 -1 -1 
-1 -1 1 -1 -1 -1 -1 0 -1 -1 -1 -1 -1 -1 -1 
-1 -1 1 -1 -1 -1 -1 0 -1 -1 -1 -1 -1 -1 -1 
-1 -1 1 -1 -1 -1 -1 0 -1 -1 -1 -1 -1 -1 -1 
-1 -1 1 -1 -1 -1 -1 0 -1 -1 -1 -1 -1 -1 -1 
-1 -1 1 -1 -1 -1 -1 0 -1 -1 -1 -1 -1 -1 -1 
-1 -1 1 -1 -1 -1 -1 0 -1 -1 -1 -1 -1 -1 -1 
-1 -1 1 -1 -1 -1 -1 -1 -1 -1 -1 -1 -1 -1 -1 
-1 -1 1 -1 -1 -1 -1 -1 -1 -1 -1 -1 -1 -1 -1 
-1 -1 -1 -1 -1 -1 -1 -1 -1 -1 -1 -1 -1 -1 -1 
-1 -1 -1 -1 -1 -1 -1 -1 -1 -1 -1 -1 -1 -1 -1 
END
15 0
5 6
3 1
-1 1 1 -1 -1 -1 0 0 -1 -1 -1 -1 -1 -1 -1 
-1 1 1 -1 -1 -1 0 0 -1 -1 -1 -1 -1 -1 -1 
-1 1 1 -1 -1 -1 0 0 -1 -1 -1 -1 -1 -1 -1 
-1 1 1 -1 -1 -1 0 0 -1 -1 -1 -1 -1 -1 -1 
-1 -1 1 -1 -1 -1 0 0 -1 -1 -1 -1 -1 -1 -1 
-1 -1 1 -1 -1 -1 0 0 -1 -1 -1 -1 -1 -1 -1 
-1 -1 1 -1 -1 -1 -1 0 -1 -1 -1 -1 -1 -1 -1 
-1 -1 1 -1 -1 -1 -1 0 -1 -1 -1 -1 -1 -1 -1 
-1 -1 1 -1 -1 -1 -1 0 -1 -1 -1 -1 -1 -1 -1 
-1 -1 1 -1 -1 -1 -1 0 -1 -1 -1 -1 -1 -1 -1 
-1 -1 1 -1 -1 -1 -1 0 -1 -1 -1 -1 -1 -1 -1 
-1 -1 1 -1 -1 -1 -1 -1 -1 -1 -1 -1 -1 -1 -1 
-1 -1 1 -1 -1 -1 -1 -1 -1 -1 -1 -1 -1 -1 -1 
-1 -1 -1 -1 -1 -1 -1 -1 -1 -1 -1 -1 -1 -1 -1 
-1 -1 -1 -1 -1 -1 -1 -1 -1 -1 -1 -1 -1 -1 -1 
END
15 0
6 6
4 1
-1 1 1 -1 -1 -1 0 0 -1 -1 -1 -1 -1 -1 -1 
-1 1 1 -1 -1 -1 0 0 -1 -1 -1 -1 -1 -1 -1 
-1 1 1 -1 -1 -1 0 0 -1 -1 -1 -1 -1 -1 -1 
-1 1 1 -1 -1 -1 0 0 -1 -1 -1 -1 -1 -1 -1 
-1 1 1 -1 -1 -1 0 0 -1 -1 -1 -1 -1 -1 -1 
-1 -1 1 -1 -1 -1 0 0 -1 -1 -1 -1 -1 -1 -1 
-1 -1 1 -1 -1 -1 0 0 -1 -1 -1 -1 -1 -1 -1 
-1 -1 1 -1 -1 -1 -1 0 -1 -1 -1 -1 -1 -1 -1 
-1 -1 1 -1 -1 -1 -1 0 -1 -1 -1 -1 -1 -1 -1 
-1 -1 1 -1 -1 -1 -1 0 -1 -1 -1 -1 -1 -1 -1 
-1 -1 1 -1 -1 -1 -1 0 -1 -1 -1 -1 -1 -1 -1 
-1 -1 1 -1 -1 -1 -1 -1 -1 -1 -1 -1 -1 -1 -1 
-1 -1 1 -1 -1 -1 -1 -1 -1 -1 -1 -1 -1 -1 -1 
-1 -1 -1 -1 -1 -1 -1 -1 -1 -1 -1 -1 -1 -1 -1 
-1 -1 -1 -1 -1 -1 -1 -1 -1 -1 -1 -1 -1 -1 -1 
END
15 0
7 6
5 1
-1 1 1 -1 -1 -1 0 0 -1 -1 -1 -1 -1 -1 -1 
-1 1 1 -1 -1 -1 0 0 -1 -1 -1 -1 -1 -1 -1 
-1 1 1 -1 -1 -1 0 0 -1 -1 -1 -1 -1 -1 -1 
-1 1 1 -1 -1 -1 0 0 -1 -1 -1 -1 -1 -1 -1 
-1 1 1 -1 -1 -1 0 0 -1 -1 -1 -1 -1 -1 -1 
-1 1 1 -1 -1 -1 0 0 -1 -1 -1 -1 -1 -1 -1 
-1 -1 1 -1 -1 -1 0 0 -1 -1 -1 -1 -1 -1 -1 
-1 -1 1 -1 -1 -1 0 0 -1 -1 -1 -1 -1 -1 -1 
-1 -1 1 -1 -1 -1 -1 0 -1 -1 -1 -1 -1 -1 -1 
-1 -1 1 -1 -1 -1 -1 0 -1 -1 -1 -1 -1 -1 -1 
-1 -1 1 -1 -1 -1 -1 0 -1 -1 -1 -1 -1 -1 -1 
-1 -1 1 -1 -1 -1 -1 -1 -1 -1 -1 -1 -1 -1 -1 
-1 -1 1 -1 -1 -1 -1 -1 -1 -1 -1 -1 -1 -1 -1 
-1 -1 -1 -1 -1 -1 -1 -1 -1 -1 -1 -1 -1 -1 -1 
-1 -1 -1 -1 -1 -1 -1 -1 -1 -1 -1 -1 -1 -1 -1 
END
15 0
8 6
6 1
-1 1 1 -1 -1 -1 0 0 -1 -1 -1 -1 -1 -1 -1 
-1 1 1 -1 -1 -1 0 0 -1 -1 -1 -1 -1 -1 -1 
-1 1 1 -1 -1 -1 0 0 -1 -1 -1 -1 -1 -1 -1 
-1 1 1 -1 -1 -1 0 0 -1 -1 -1 -1 -1 -1 -1 
-1 1 1 -1 -1 -1 0 0 -1 -1 -1 -1 -1 -1 -1 
-1 1 1 -1 -1 -1 0 0 -1 -1 -1 -1 -1 -1 -1 
-1 1 1 -1 -1 -1 0 0 -1 -1 -1 -1 -1 -1 -1 
-1 -1 1 -1 -1 -1 0 0 -1 -1 -1 -1 -1 -1 -1 
-1 -1 1 -1 -1 -1 0 0 -1 -1 -1 -1 -1 -1 -1 
-1 -1 1 -1 -1 -1 -1 0 -1 -1 -1 -1 -1 -1 -1 
-1 -1 1 -1 -1 -1 -1 0 -1 -1 -1 -1 -1 -1 -1 
-1 -1 1 -1 -1 -1 -1 -1 -1 -1 -1 -1 -1 -1 -1 
-1 -1 1 -1 -1 -1 -1 -1 -1 -1 -1 -1 -1 -1 -1 
-1 -1 -1 -1 -1 -1 -1 -1 -1 -1 -1 -1 -1 -1 -1 
-1 -1 -1 -1 -1 -1 -1 -1 -1 -1 -1 -1 -1 -1 -1 
END
15 0
9 6
7 1
-1 1 1 -1 -1 -1 0 0 -1 -1 -1 -1 -1 -1 -1 
-1 1 1 -1 -1 -1 0 0 -1 -1 -1 -1 -1 -1 -1 
-1 1 1 -1 -1 -1 0 0 -1 -1 -1 -1 -1 -1 -1 
-1 1 1 -1 -1 -1 0 0 -1 -1 -1 -1 -1 -1 -1 
-1 1 1 -1 -1 -1 0 0 -1 -1 -1 -1 -1 -1 -1 
-1 1 1 -1 -1 -1 0 0 -1 -1 -1 -1 -1 -1 -1 
-1 1 1 -1 -1 -1 0 0 -1 -1 -1 -1 -1 -1 -1 
-1 1 1 -1 -1 -1 0 0 -1 -1 -1 -1 -1 -1 -1 
-1 -1 1 -1 -1 -1 0 0 -1 -1 -1 -1 -1 -1 -1 
-1 -1 1 -1 -1 -1 0 0 -1 -1 -1 -1 -1 -1 -1 
-1 -1 1 -1 -1 -1 -1 0 -1 -1 -1 -1 -1 -1 -1 
-1 -1 1 -1 -1 -1 -1 -1 -1 -1 -1 -1 -1 -1 -1 
-1 -1 1 -1 -1 -1 -1 -1 -1 -1 -1 -1 -1 -1 -1 
-1 -1 -1 -1 -1 -1 -1 -1 -1 -1 -1 -1 -1 -1 -1 
-1 -1 -1 -1 -1 -1 -1 -1 -1 -1 -1 -1 -1 -1 -1 
END
15 0
10 6
8 1
-1 1 1 -1 -1 -1 0 0 -1 -1 -1 -1 -1 -1 -1 
-1 1 1 -1 -1 -1 0 0 -1 -1 -1 -1 -1 -1 -1 
-1 1 1 -1 -1 -1 0 0 -1 -1 -1 -1 -1 -1 -1 
-1 1 1 -1 -1 -1 0 0 -1 -1 -1 -1 -1 -1 -1 
-1 1 1 -1 -1 -1 0 0 -1 -1 -1 -1 -1 -1 -1 
-1 1 1 -1 -1 -1 0 0 -1 -1 -1 -1 -1 -1 -1 
-1 1 1 -1 -1 -1 0 0 -1 -1 -1 -1 -1 -1 -1 
-1 1 1 -1 -1 -1 0 0 -1 -1 -1 -1 -1 -1 -1 
-1 1 1 -1 -1 -1 0 0 -1 -1 -1 -1 -1 -1 -1 
-1 -1 1 -1 -1 -1 0 0 -1 -1 -1 -1 -1 -1 -1 
-1 -1 1 -1 -1 -1 0 0 -1 -1 -1 -1 -1 -1 -1 
-1 -1 1 -1 -1 -1 -1 -1 -1 -1 -1 -1 -1 -1 -1 
-1 -1 1 -1 -1 -1 -1 -1 -1 -1 -1 -1 -1 -1 -1 
-1 -1 -1 -1 -1 -1 -1 -1 -1 -1 -1 -1 -1 -1 -1 
-1 -1 -1 -1 -1 -1 -1 -1 -1 -1 -1 -1 -1 -1 -1 
END
15 0
11 6
9 1
-1 1 1 -1 -1 -1 0 0 -1 -1 -1 -1 -1 -1 -1 
-1 1 1 -1 -1 -1 0 0 -1 -1 -1 -1 -1 -1 -1 
-1 1 1 -1 -1 -1 0 0 -1 -1 -1 -1 -1 -1 -1 
-1 1 1 -1 -1 -1 0 0 -1 -1 -1 -1 -1 -1 -1 
-1 1 1 -1 -1 -1 0 0 -1 -1 -1 -1 -1 -1 -1 
-1 1 1 -1 -1 -1 0 0 -1 -1 -1 -1 -1 -1 -1 
-1 1 1 -1 -1 -1 0 0 -1 -1 -1 -1 -1 -1 -1 
-1 1 1 -1 -1 -1 0 0 -1 -1 -1 -1 -1 -1 -1 
-1 1 1 -1 -1 -1 0 0 -1 -1 -1 -1 -1 -1 -1 
-1 1 1 -1 -1 -1 0 0 -1 -1 -1 -1 -1 -1 -1 
-1 -1 1 -1 -1 -1 0 0 -1 -1 -1 -1 -1 -1 -1 
-1 -1 1 -1 -1 -1 0 -1 -1 -1 -1 -1 -1 -1 -1 
-1 -1 1 -1 -1 -1 -1 -1 -1 -1 -1 -1 -1 -1 -1 
-1 -1 -1 -1 -1 -1 -1 -1 -1 -1 -1 -1 -1 -1 -1 
-1 -1 -1 -1 -1 -1 -1 -1 -1 -1 -1 -1 -1 -1 -1 
END
15 0
12 6
10 1
-1 1 1 -1 -1 -1 0 0 -1 -1 -1 -1 -1 -1 -1 
-1 1 1 -1 -1 -1 0 0 -1 -1 -1 -1 -1 -1 -1 
-1 1 1 -1 -1 -1 0 0 -1 -1 -1 -1 -1 -1 -1 
-1 1 1 -1 -1 -1 0 0 -1 -1 -1 -1 -1 -1 -1 
-1 1 1 -1 -1 -1 0 0 -1 -1 -1 -1 -1 -1 -1 
-1 1 1 -1 -1 -1 0 0 -1 -1 -1 -1 -1 -1 -1 
-1 1 1 -1 -1 -1 0 0 -1 -1 -1 -1 -1 -1 -1 
-1 1 1 -1 -1 -1 0 0 -1 -1 -1 -1 -1 -1 -1 
-1 1 1 -1 -1 -1 0 0 -1 -1 -1 -1 -1 -1 -1 
-1 1 1 -1 -1 -1 0 0 -1 -1 -1 -1 -1 -1 -1 
-1 1 1 -1 -1 -1 0 0 -1 -1 -1 -1 -1 -1 -1 
-1 -1 1 -1 -1 -1 0 -1 -1 -1 -1 -1 -1 -1 -1 
-1 -1 1 -1 -1 -1 0 -1 -1 -1 -1 -1 -1 -1 -1 
-1 -1 -1 -1 -1 -1 -1 -1 -1 -1 -1 -1 -1 -1 -1 
-1 -1 -1 -1 -1 -1 -1 -1 -1 -1 -1 -1 -1 -1 -1 
END
15 0
13 6
11 1
-1 1 1 -1 -1 -1 0 0 -1 -1 -1 -1 -1 -1 -1 
-1 1 1 -1 -1 -1 0 0 -1 -1 -1 -1 -1 -1 -1 
-1 1 1 -1 -1 -1 0 0 -1 -1 -1 -1 -1 -1 -1 
-1 1 1 -1 -1 -1 0 0 -1 -1 -1 -1 -1 -1 -1 
-1 1 1 -1 -1 -1 0 0 -1 -1 -1 -1 -1 -1 -1 
-1 1 1 -1 -1 -1 0 0 -1 -1 -1 -1 -1 -1 -1 
-1 1 1 -1 -1 -1 0 0 -1 -1 -1 -1 -1 -1 -1 
-1 1 1 -1 -1 -1 0 0 -1 -1 -1 -1 -1 -1 -1 
-1 1 1 -1 -1 -1 0 0 -1 -1 -1 -1 -1 -1 -1 
-1 1 1 -1 -1 -1 0 0 -1 -1 -1 -1 -1 -1 -1 
-1 1 1 -1 -1 -1 0 0 -1 -1 -1 -1 -1 -1 -1 
-1 1 1 -1 -1 -1 0 -1 -1 -1 -1 -1 -1 -1 -1 
-1 -1 1 -1 -1 -1 0 -1 -1 -1 -1 -1 -1 -1 -1 
-1 -1 -1 -1 -1 -1 0 -1 -1 -1 -1 -1 -1 -1 -1 
-1 -1 -1 -1 -1 -1 -1 -1 -1 -1 -1 -1 -1 -1 -1 
END
15 0
14 6
12 1
-1 1 1 -1 -1 -1 0 0 -1 -1 -1 -1 -1 -1 -1 
-1 1 1 -1 -1 -1 0 0 -1 -1 -1 -1 -1 -1 -1 
-1 1 1 -1 -1 -1 0 0 -1 -1 -1 -1 -1 -1 -1 
-1 1 1 -1 -1 -1 0 0 -1 -1 -1 -1 -1 -1 -1 
-1 1 1 -1 -1 -1 0 0 -1 -1 -1 -1 -1 -1 -1 
-1 1 1 -1 -1 -1 0 0 -1 -1 -1 -1 -1 -1 -1 
-1 1 1 -1 -1 -1 0 0 -1 -1 -1 -1 -1 -1 -1 
-1 1 1 -1 -1 -1 0 0 -1 -1 -1 -1 -1 -1 -1 
-1 1 1 -1 -1 -1 0 0 -1 -1 -1 -1 -1 -1 -1 
-1 1 1 -1 -1 -1 0 0 -1 -1 -1 -1 -1 -1 -1 
-1 1 1 -1 -1 -1 0 0 -1 -1 -1 -1 -1 -1 -1 
-1 1 1 -1 -1 -1 0 -1 -1 -1 -1 -1 -1 -1 -1 
-1 1 1 -1 -1 -1 0 -1 -1 -1 -1 -1 -1 -1 -1 
-1 -1 -1 -1 -1 -1 0 -1 -1 -1 -1 -1 -1 -1 -1 
-1 -1 -1 -1 -1 -1 0 -1 -1 -1 -1 -1 -1 -1 -1 
END
15 0
14 5
13 1
-1 1 1 -1 -1 -1 0 0 -1 -1 -1 -1 -1 -1 -1 
-1 1 1 -1 -1 -1 0 0 -1 -1 -1 -1 -1 -1 -1 
-1 1 1 -1 -1 -1 0 0 -1 -1 -1 -1 -1 -1 -1 
-1 1 1 -1 -1 -1 0 0 -1 -1 -1 -1 -1 -1 -1 
-1 1 1 -1 -1 -1 0 0 -1 -1 -1 -1 -1 -1 -1 
-1 1 1 -1 -1 -1 0 0 -1 -1 -1 -1 -1 -1 -1 
-1 1 1 -1 -1 -1 0 0 -1 -1 -1 -1 -1 -1 -1 
-1 1 1 -1 -1 -1 0 0 -1 -1 -1 -1 -1 -1 -1 
-1 1 1 -1 -1 -1 0 0 -1 -1 -1 -1 -1 -1 -1 
-1 1 1 -1 -1 -1 0 0 -1 -1 -1 -1 -1 -1 -1 
-1 1 1 -1 -1 -1 0 0 -1 -1 -1 -1 -1 -1 -1 
-1 1 1 -1 -1 -1 0 -1 -1 -1 -1 -1 -1 -1 -1 
-1 1 1 -1 -1 -1 0 -1 -1 -1 -1 -1 -1 -1 -1 
-1 1 -1 -1 -1 -1 0 -1 -1 -1 -1 -1 -1 -1 -1 
-1 -1 -1 -1 -1 0 0 -1 -1 -1 -1 -1 -1 -1 -1 
END
15 0
13 5
14 1
-1 1 1 -1 -1 -1 0 0 -1 -1 -1 -1 -1 -1 -1 
-1 1 1 -1 -1 -1 0 0 -1 -1 -1 -1 -1 -1 -1 
-1 1 1 -1 -1 -1 0 0 -1 -1 -1 -1 -1 -1 -1 
-1 1 1 -1 -1 -1 0 0 -1 -1 -1 -1 -1 -1 -1 
-1 1 1 -1 -1 -1 0 0 -1 -1 -1 -1 -1 -1 -1 
-1 1 1 -1 -1 -1 0 0 -1 -1 -1 -1 -1 -1 -1 
-1 1 1 -1 -1 -1 0 0 -1 -1 -1 -1 -1 -1 -1 
-1 1 1 -1 -1 -1 0 0 -1 -1 -1 -1 -1 -1 -1 
-1 1 1 -1 -1 -1 0 0 -1 -1 -1 -1 -1 -1 -1 
-1 1 1 -1 -1 -1 0 0 -1 -1 -1 -1 -1 -1 -1 
-1 1 1 -1 -1 -1 0 0 -1 -1 -1 -1 -1 -1 -1 
-1 1 1 -1 -1 -1 0 -1 -1 -1 -1 -1 -1 -1 -1 
-1 1 1 -1 -1 -1 0 -1 -1 -1 -1 -1 -1 -1 -1 
-1 1 -1 -1 -1 0 0 -1 -1 -1 -1 -1 -1 -1 -1 
-1 1 -1 -1 -1 0 0 -1 -1 -1 -1 -1 -1 -1 -1 
END
15 0
12 5
14 0
-1 1 1 -1 -1 -1 0 0 -1 -1 -1 -1 -1 -1 -1 
-1 1 1 -1 -1 -1 0 0 -1 -1 -1 -1 -1 -1 -1 
-1 1 1 -1 -1 -1 0 0 -1 -1 -1 -1 -1 -1 -1 
-1 1 1 -1 -1 -1 0 0 -1 -1 -1 -1 -1 -1 -1 
-1 1 1 -1 -1 -1 0 0 -1 -1 -1 -1 -1 -1 -1 
-1 1 1 -1 -1 -1 0 0 -1 -1 -1 -1 -1 -1 -1 
-1 1 1 -1 -1 -1 0 0 -1 -1 -1 -1 -1 -1 -1 
-1 1 1 -1 -1 -1 0 0 -1 -1 -1 -1 -1 -1 -1 
-1 1 1 -1 -1 -1 0 0 -1 -1 -1 -1 -1 -1 -1 
-1 1 1 -1 -1 -1 0 0 -1 -1 -1 -1 -1 -1 -1 
-1 1 1 -1 -1 -1 0 0 -1 -1 -1 -1 -1 -1 -1 
-1 1 1 -1 -1 -1 0 -1 -1 -1 -1 -1 -1 -1 -1 
-1 1 1 -1 -1 0 0 -1 -1 -1 -1 -1 -1 -1 -1 
-1 1 -1 -1 -1 0 0 -1 -1 -1 -1 -1 -1 -1 -1 
1 1 -1 -1 -1 0 0 -1 -1 -1 -1 -1 -1 -1 -1 
END
15 0
11 5
13 0
-1 1 1 -1 -1 -1 0 0 -1 -1 -1 -1 -1 -1 -1 
-1 1 1 -1 -1 -1 0 0 -1 -1 -1 -1 -1 -1 -1 
-1 1 1 -1 -1 -1 0 0 -1 -1 -1 -1 -1 -1 -1 
-1 1 1 -1 -1 -1 0 0 -1 -1 -1 -1 -1 -1 -1 
-1 1 1 -1 -1 -1 0 0 -1 -1 -1 -1 -1 -1 -1 
-1 1 1 -1 -1 -1 0 0 -1 -1 -1 -1 -1 -1 -1 
-1 1 1 -1 -1 -1 0 0 -1 -1 -1 -1 -1 -1 -1 
-1 1 1 -1 -1 -1 0 0 -1 -1 -1 -1 -1 -1 -1 
-1 1 1 -1 -1 -1 0 0 -1 -1 -1 -1 -1 -1 -1 
-1 1 1 -1 -1 -1 0 0 -1 -1 -1 -1 -1 -1 -1 
-1 1 1 -1 -1 -1 0 0 -1 -1 -1 -1 -1 -1 -1 
-1 1 1 -1 -1 0 0 -1 -1 -1 -1 -1 -1 -1 -1 
-1 1 1 -1 -1 0 0 -1 -1 -1 -1 -1 -1 -1 -1 
1 1 -1 -1 -1 0 0 -1 -1 -1 -1 -1 -1 -1 -1 
1 1 -1 -1 -1 0 0 -1 -1 -1 -1 -1 -1 -1 -1 
END
15 0
10 5
12 0
-1 1 1 -1 -1 -1 0 0 -1 -1 -1 -1 -1 -1 -1 
-1 1 1 -1 -1 -1 0 0 -1 -1 -1 -1 -1 -1 -1 
-1 1 1 -1 -1 -1 0 0 -1 -1 -1 -1 -1 -1 -1 
-1 1 1 -1 -1 -1 0 0 -1 -1 -1 -1 -1 -1 -1 
-1 1 1 -1 -1 -1 0 0 -1 -1 -1 -1 -1 -1 -1 
-1 1 1 -1 -1 -1 0 0 -1 -1 -1 -1 -1 -1 -1 
-1 1 1 -1 -1 -1 0 0 -1 -1 -1 -1 -1 -1 -1 
-1 1 1 -1 -1 -1 0 0 -1 -1 -1 -1 -1 -1 -1 
-1 1 1 -1 -1 -1 0 0 -1 -1 -1 -1 -1 -1 -1 
-1 1 1 -1 -1 -1 0 0 -1 -1 -1 -1 -1 -1 -1 
-1 1 1 -1 -1 0 0 0 -1 -1 -1 -1 -1 -1 -1 
-1 1 1 -1 -1 0 0 -1 -1 -1 -1 -1 -1 -1 -1 
1 1 1 -1 -1 0 0 -1 -1 -1 -1 -1 -1 -1 -1 
1 1 -1 -1 -1 0 0 -1 -1 -1 -1 -1 -1 -1 -1 
1 1 -1 -1 -1 0 0 -1 -1 -1 -1 -1 -1 -1 -1 
END
15 0
9 5
11 0
-1 1 1 -1 -1 -1 0 0 -1 -1 -1 -1 -1 -1 -1 
-1 1 1 -1 -1 -1 0 0 -1 -1 -1 -1 -1 -1 -1 
-1 1 1 -1 -1 -1 0 0 -1 -1 -1 -1 -1 -1 -1 
-1 1 1 -1 -1 -1 0 0 -1 -1 -1 -1 -1 -1 -1 
-1 1 1 -1 -1 -1 0 0 -1 -1 -1 -1 -1 -1 -1 
-1 1 1 -1 -1 -1 0 0 -1 -1 -1 -1 -1 -1 -1 
-1 1 1 -1 -1 -1 0 0 -1 -1 -1 -1 -1 -1 -1 
-1 1 1 -1 -1 -1 0 0 -1 -1 -1 -1 -1 -1 -1 
-1 1 1 -1 -1 -1 0 0 -1 -1 -1 -1 -1 -1 -1 
-1 1 1 -1 -1 0 0 0 -1 -1 -1 -1 -1 -1 -1 
-1 1 1 -1 -1 0 0 0 -1 -1 -1 -1 -1 -1 -1 
1 1 1 -1 -1 0 0 -1 -1 -1 -1 -1 -1 -1 -1 
1 1 1 -1 -1 0 0 -1 -1 -1 -1 -1 -1 -1 -1 
1 1 -1 -1 -1 0 0 -1 -1 -1 -1 -1 -1 -1 -1 
1 1 -1 -1 -1 0 0 -1 -1 -1 -1 -1 -1 -1 -1 
END
15 0
8 5
10 0
-1 1 1 -1 -1 -1 0 0 -1 -1 -1 -1 -1 -1 -1 
-1 1 1 -1 -1 -1 0 0 -1 -1 -1 -1 -1 -1 -1 
-1 1 1 -1 -1 -1 0 0 -1 -1 -1 -1 -1 -1 -1 
-1 1 1 -1 -1 -1 0 0 -1 -1 -1 -1 -1 -1 -1 
-1 1 1 -1 -1 -1 0 0 -1 -1 -1 -1 -1 -1 -1 
-1 1 1 -1 -1 -1 0 0 -1 -1 -1 -1 -1 -1 -1 
-1 1 1 -1 -1 -1 0 0 -1 -1 -1 -1 -1 -1 -1 
-1 1 1 -1 -1 -1 0 0 -1 -1 -1 -1 -1 -1 -1 
-1 1 1 -1 -1 0 0 0 -1 -1 -1 -1 -1 -1 -1 
-1 1 1 -1 -1 0 0 0 -1 -1 -1 -1 -1 -1 -1 
1 1 1 -1 -1 0 0 0 -1 -1 -1 -1 -1 -1 -1 
1 1 1 -1 -1 0 0 -1 -1 -1 -1 -1 -1 -1 -1 
1 1 1 -1 -1 0 0 -1 -1 -1 -1 -1 -1 -1 -1 
1 1 -1 -1 -1 0 0 -1 -1 -1 -1 -1 -1 -1 -1 
1 1 -1 -1 -1 0 0 -1 -1 -1 -1 -1 -1 -1 -1 
END
15 0
7 5
9 0
-1 1 1 -1 -1 -1 0 0 -1 -1 -1 -1 -1 -1 -1 
-1 1 1 -1 -1 -1 0 0 -1 -1 -1 -1 -1 -1 -1 
-1 1 1 -1 -1 -1 0 0 -1 -1 -1 -1 -1 -1 -1 
-1 1 1 -1 -1 -1 0 0 -1 -1 -1 -1 -1 -1 -1 
-1 1 1 -1 -1 -1 0 0 -1 -1 -1 -1 -1 -1 -1 
-1 1 1 -1 -1 -1 0 0 -1 -1 -1 -1 -1 -1 -1 
-1 1 1 -1 -1 -1 0 0 -1 -1 -1 -1 -1 -1 -1 
-1 1 1 -1 -1 0 0 0 -1 -1 -1 -1 -1 -1 -1 
-1 1 1 -1 -1 0 0 0 -1 -1 -1 -1 -1 -1 -1 
1 1 1 -1 -1 0 0 0 -1 -1 -1 -1 -1 -1 -1 
1 1 1 -1 -1 0 0 0 -1 -1 -1 -1 -1 -1 -1 
1 1 1 -1 -1 0 0 -1 -1 -1 -1 -1 -1 -1 -1 
1 1 1 -1 -1 0 0 -1 -1 -1 -1 -1 -1 -1 -1 
1 1 -1 -1 -1 0 0 -1 -1 -1 -1 -1 -1 -1 -1 
1 1 -1 -1 -1 0 0 -1 -1 -1 -1 -1 -1 -1 -1 
END
15 0
6 5
8 0
-1 1 1 -1 -1 -1 0 0 -1 -1 -1 -1 -1 -1 -1 
-1 1 1 -1 -1 -1 0 0 -1 -1 -1 -1 -1 -1 -1 
-1 1 1 -1 -1 -1 0 0 -1 -1 -1 -1 -1 -1 -1 
-1 1 1 -1 -1 -1 0 0 -1 -1 -1 -1 -1 -1 -1 
-1 1 1 -1 -1 -1 0 0 -1 -1 -1 -1 -1 -1 -1 
-1 1 1 -1 -1 -1 0 0 -1 -1 -1 -1 -1 -1 -1 
-1 1 1 -1 -1 0 0 0 -1 -1 -1 -1 -1 -1 -1 
-1 1 1 -1 -1 0 0 0 -1 -1 -1 -1 -1 -1 -1 
1 1 1 -1 -1 0 0 0 -1 -1 -1 -1 -1 -1 -1 
1 1 1 -1 -1 0 0 0 -1 -1 -1 -1 -1 -1 -1 
1 1 1 -1 -1 0 0 0 -1 -1 -1 -1 -1 -1 -1 
1 1 1 -1 -1 0 0 -1 -1 -1 -1 -1 -1 -1 -1 
1 1 1 -1 -1 0 0 -1 -1 -1 -1 -1 -1 -1 -1 
1 1 -1 -1 -1 0 0 -1 -1 -1 -1 -1 -1 -1 -1 
1 1 -1 -1 -1 0 0 -1 -1 -1 -1 -1 -1 -1 -1 
END
15 0
5 5
7 0
-1 1 1 -1 -1 -1 0 0 -1 -1 -1 -1 -1 -1 -1 
-1 1 1 -1 -1 -1 0 0 -1 -1 -1 -1 -1 -1 -1 
-1 1 1 -1 -1 -1 0 0 -1 -1 -1 -1 -1 -1 -1 
-1 1 1 -1 -1 -1 0 0 -1 -1 -1 -1 -1 -1 -1 
-1 1 1 -1 -1 -1 0 0 -1 -1 -1 -1 -1 -1 -1 
-1 1 1 -1 -1 0 0 0 -1 -1 -1 -1 -1 -1 -1 
-1 1 1 -1 -1 0 0 0 -1 -1 -1 -1 -1 -1 -1 
1 1 1 -1 -1 0 0 0 -1 -1 -1 -1 -1 -1 -1 
1 1 1 -1 -1 0 0 0 -1 -1 -1 -1 -1 -1 -1 
1 1 1 -1 -1 0 0 0 -1 -1 -1 -1 -1 -1 -1 
1 1 1 -1 -1 0 0 0 -1 -1 -1 -1 -1 -1 -1 
1 1 1 -1 -1 0 0 -1 -1 -1 -1 -1 -1 -1 -1 
1 1 1 -1 -1 0 0 -1 -1 -1 -1 -1 -1 -1 -1 
1 1 -1 -1 -1 0 0 -1 -1 -1 -1 -1 -1 -1 -1 
1 1 -1 -1 -1 0 0 -1 -1 -1 -1 -1 -1 -1 -1 
END
15 0
4 5
6 0
-1 1 1 -1 -1 -1 0 0 -1 -1 -1 -1 -1 -1 -1 
-1 1 1 -1 -1 -1 0 0 -1 -1 -1 -1 -1 -1 -1 
-1 1 1 -1 -1 -1 0 0 -1 -1 -1 -1 -1 -1 -1 
-1 1 1 -1 -1 -1 0 0 -1 -1 -1 -1 -1 -1 -1 
-1 1 1 -1 -1 0 0 0 -1 -1 -1 -1 -1 -1 -1 
-1 1 1 -1 -1 0 0 0 -1 -1 -1 -1 -1 -1 -1 
1 1 1 -1 -1 0 0 0 -1 -1 -1 -1 -1 -1 -1 
1 1 1 -1 -1 0 0 0 -1 -1 -1 -1 -1 -1 -1 
1 1 1 -1 -1 0 0 0 -1 -1 -1 -1 -1 -1 -1 
1 1 1 -1 -1 0 0 0 -1 -1 -1 -1 -1 -1 -1 
1 1 1 -1 -1 0 0 0 -1 -1 -1 -1 -1 -1 -1 
1 1 1 -1 -1 0 0 -1 -1 -1 -1 -1 -1 -1 -1 
1 1 1 -1 -1 0 0 -1 -1 -1 -1 -1 -1 -1 -1 
1 1 -1 -1 -1 0 0 -1 -1 -1 -1 -1 -1 -1 -1 
1 1 -1 -1 -1 0 0 -1 -1 -1 -1 -1 -1 -1 -1 
END
15 0
3 5
5 0
-1 1 1 -1 -1 -1 0 0 -1 -1 -1 -1 -1 -1 -1 
-1 1 1 -1 -1 -1 0 0 -1 -1 -1 -1 -1 -1 -1 
-1 1 1 -1 -1 -1 0 0 -1 -1 -1 -1 -1 -1 -1 
-1 1 1 -1 -1 0 0 0 -1 -1 -1 -1 -1 -1 -1 
-1 1 1 -1 -1 0 0 0 -1 -1 -1 -1 -1 -1 -1 
1 1 1 -1 -1 0 0 0 -1 -1 -1 -1 -1 -1 -1 
1 1 1 -1 -1 0 0 0 -1 -1 -1 -1 -1 -1 -1 
1 1 1 -1 -1 0 0 0 -1 -1 -1 -1 -1 -1 -1 
1 1 1 -1 -1 0 0 0 -1 -1 -1 -1 -1 -1 -1 
1 1 1 -1 -1 0 0 0 -1 -1 -1 -1 -1 -1 -1 
1 1 1 -1 -1 0 0 0 -1 -1 -1 -1 -1 -1 -1 
1 1 1 -1 -1 0 0 -1 -1 -1 -1 -1 -1 -1 -1 
1 1 1 -1 -1 0 0 -1 -1 -1 -1 -1 -1 -1 -1 
1 1 -1 -1 -1 0 0 -1 -1 -1 -1 -1 -1 -1 -1 
1 1 -1 -1 -1 0 0 -1 -1 -1 -1 -1 -1 -1 -1 
END
15 0
2 5
4 0
-1 1 1 -1 -1 -1 0 0 -1 -1 -1 -1 -1 -1 -1 
-1 1 1 -1 -1 -1 0 0 -1 -1 -1 -1 -1 -1 -1 
-1 1 1 -1 -1 0 0 0 -1 -1 -1 -1 -1 -1 -1 
-1 1 1 -1 -1 0 0 0 -1 -1 -1 -1 -1 -1 -1 
1 1 1 -1 -1 0 0 0 -1 -1 -1 -1 -1 -1 -1 
1 1 1 -1 -1 0 0 0 -1 -1 -1 -1 -1 -1 -1 
1 1 1 -1 -1 0 0 0 -1 -1 -1 -1 -1 -1 -1 
1 1 1 -1 -1 0 0 0 -1 -1 -1 -1 -1 -1 -1 
1 1 1 -1 -1 0 0 0 -1 -1 -1 -1 -1 -1 -1 
1 1 1 -1 -1 0 0 0 -1 -1 -1 -1 -1 -1 -1 
1 1 1 -1 -1 0 0 0 -1 -1 -1 -1 -1 -1 -1 
1 1 1 -1 -1 0 0 -1 -1 -1 -1 -1 -1 -1 -1 
1 1 1 -1 -1 0 0 -1 -1 -1 -1 -1 -1 -1 -1 
1 1 -1 -1 -1 0 0 -1 -1 -1 -1 -1 -1 -1 -1 
1 1 -1 -1 -1 0 0 -1 -1 -1 -1 -1 -1 -1 -1 
END
15 0
1 5
3 0
-1 1 1 -1 -1 -1 0 0 -1 -1 -1 -1 -1 -1 -1 
-1 1 1 -1 -1 0 0 0 -1 -1 -1 -1 -1 -1 -1 
-1 1 1 -1 -1 0 0 0 -1 -1 -1 -1 -1 -1 -1 
1 1 1 -1 -1 0 0 0 -1 -1 -1 -1 -1 -1 -1 
1 1 1 -1 -1 0 0 0 -1 -1 -1 -1 -1 -1 -1 
1 1 1 -1 -1 0 0 0 -1 -1 -1 -1 -1 -1 -1 
1 1 1 -1 -1 0 0 0 -1 -1 -1 -1 -1 -1 -1 
1 1 1 -1 -1 0 0 0 -1 -1 -1 -1 -1 -1 -1 
1 1 1 -1 -1 0 0 0 -1 -1 -1 -1 -1 -1 -1 
1 1 1 -1 -1 0 0 0 -1 -1 -1 -1 -1 -1 -1 
1 1 1 -1 -1 0 0 0 -1 -1 -1 -1 -1 -1 -1 
1 1 1 -1 -1 0 0 -1 -1 -1 -1 -1 -1 -1 -1 
1 1 1 -1 -1 0 0 -1 -1 -1 -1 -1 -1 -1 -1 
1 1 -1 -1 -1 0 0 -1 -1 -1 -1 -1 -1 -1 -1 
1 1 -1 -1 -1 0 0 -1 -1 -1 -1 -1 -1 -1 -1 
END
15 0
0 5
2 0
-1 1 1 -1 -1 0 0 0 -1 -1 -1 -1 -1 -1 -1 
-1 1 1 -1 -1 0 0 0 -1 -1 -1 -1 -1 -1 -1 
1 1 1 -1 -1 0 0 0 -1 -1 -1 -1 -1 -1 -1 
1 1 1 -1 -1 0 0 0 -1 -1 -1 -1 -1 -1 -1 
1 1 1 -1 -1 0 0 0 -1 -1 -1 -1 -1 -1 -1 
1 1 1 -1 -1 0 0 0 -1 -1 -1 -1 -1 -1 -1 
1 1 1 -1 -1 0 0 0 -1 -1 -1 -1 -1 -1 -1 
1 1 1 -1 -1 0 0 0 -1 -1 -1 -1 -1 -1 -1 
1 1 1 -1 -1 0 0 0 -1 -1 -1 -1 -1 -1 -1 
1 1 1 -1 -1 0 0 0 -1 -1 -1 -1 -1 -1 -1 
1 1 1 -1 -1 0 0 0 -1 -1 -1 -1 -1 -1 -1 
1 1 1 -1 -1 0 0 -1 -1 -1 -1 -1 -1 -1 -1 
1 1 1 -1 -1 0 0 -1 -1 -1 -1 -1 -1 -1 -1 
1 1 -1 -1 -1 0 0 -1 -1 -1 -1 -1 -1 -1 -1 
1 1 -1 -1 -1 0 0 -1 -1 -1 -1 -1 -1 -1 -1 
END
15 0
0 4
1 0
-1 1 1 -1 0 0 0 0 -1 -1 -1 -1 -1 -1 -1 
1 1 1 -1 -1 0 0 0 -1 -1 -1 -1 -1 -1 -1 
1 1 1 -1 -1 0 0 0 -1 -1 -1 -1 -1 -1 -1 
1 1 1 -1 -1 0 0 0 -1 -1 -1 -1 -1 -1 -1 
1 1 1 -1 -1 0 0 0 -1 -1 -1 -1 -1 -1 -1 
1 1 1 -1 -1 0 0 0 -1 -1 -1 -1 -1 -1 -1 
1 1 1 -1 -1 0 0 0 -1 -1 -1 -1 -1 -1 -1 
1 1 1 -1 -1 0 0 0 -1 -1 -1 -1 -1 -1 -1 
1 1 1 -1 -1 0 0 0 -1 -1 -1 -1 -1 -1 -1 
1 1 1 -1 -1 0 0 0 -1 -1 -1 -1 -1 -1 -1 
1 1 1 -1 -1 0 0 0 -1 -1 -1 -1 -1 -1 -1 
1 1 1 -1 -1 0 0 -1 -1 -1 -1 -1 -1 -1 -1 
1 1 1 -1 -1 0 0 -1 -1 -1 -1 -1 -1 -1 -1 
1 1 -1 -1 -1 0 0 -1 -1 -1 -1 -1 -1 -1 -1 
1 1 -1 -1 -1 0 0 -1 -1 -1 -1 -1 -1 -1 -1 
END
15 0
1 4
0 0
1 1 1 -1 0 0 0 0 -1 -1 -1 -1 -1 -1 -1 
1 1 1 -1 0 0 0 0 -1 -1 -1 -1 -1 -1 -1 
1 1 1 -1 -1 0 0 0 -1 -1 -1 -1 -1 -1 -1 
1 1 1 -1 -1 0 0 0 -1 -1 -1 -1 -1 -1 -1 
1 1 1 -1 -1 0 0 0 -1 -1 -1 -1 -1 -1 -1 
1 1 1 -1 -1 0 0 0 -1 -1 -1 -1 -1 -1 -1 
1 1 1 -1 -1 0 0 0 -1 -1 -1 -1 -1 -1 -1 
1 1 1 -1 -1 0 0 0 -1 -1 -1 -1 -1 -1 -1 
1 1 1 -1 -1 0 0 0 -1 -1 -1 -1 -1 -1 -1 
1 1 1 -1 -1 0 0 0 -1 -1 -1 -1 -1 -1 -1 
1 1 1 -1 -1 0 0 0 -1 -1 -1 -1 -1 -1 -1 
1 1 1 -1 -1 0 0 -1 -1 -1 -1 -1 -1 -1 -1 
1 1 1 -1 -1 0 0 -1 -1 -1 -1 -1 -1 -1 -1 
1 1 -1 -1 -1 0 0 -1 -1 -1 -1 -1 -1 -1 -1 
1 1 -1 -1 -1 0 0 -1 -1 -1 -1 -1 -1 -1 -1 
END
