15 0
5 6
2 12
-1 -1 -1 -1 -1 -1 -1 -1 -1 -1 -1 -1 -1 -1 -1 
-1 -1 -1 -1 -1 -1 -1 -1 -1 -1 -1 -1 -1 -1 -1 
-1 -1 -1 -1 -1 -1 -1 -1 -1 -1 -1 -1 1 -1 -1 
-1 -1 -1 -1 -1 -1 -1 -1 -1 -1 -1 -1 -1 -1 -1 
-1 -1 -1 -1 -1 -1 -1 -1 -1 -1 -1 -1 -1 -1 -1 
-1 -1 -1 -1 -1 -1 0 -1 -1 -1 -1 -1 -1 -1 -1 
-1 -1 -1 -1 -1 -1 -1 -1 -1 -1 -1 -1 -1 -1 -1 
-1 -1 -1 -1 -1 -1 -1 -1 -1 -1 -1 -1 -1 -1 -1 
-1 -1 -1 -1 -1 -1 -1 -1 -1 -1 -1 -1 -1 -1 -1 
-1 -1 -1 -1 -1 -1 -1 -1 -1 -1 -1 -1 -1 -1 -1 
-1 -1 -1 -1 -1 -1 -1 -1 -1 -1 -1 -1 -1 -1 -1 
-1 -1 -1 -1 -1 -1 -1 -1 -1 -1 -1 -1 -1 -1 -1 
-1 -1 -1 -1 -1 -1 -1 -1 -1 -1 -1 -1 -1 -1 -1 
-1 -1 -1 -1 -1 -1 -1 -1 -1 -1 -1 -1 -1 -1 -1 
-1 -1 -1 -1 -1 -1 -1 -1 -1 -1 -1 -1 -1 -1 -1 
END
15 0
4 6
1 12
-1 -1 -1 -1 -1 -1 -1 -1 -1 -1 -1 -1 -1 -1 -1 
-1 -1 -1 -1 -1 -1 -1 -1 -1 -1 -1 -1 1 -1 -1 
-1 -1 -1 -1 -1 -1 -1 -1 -1 -1 -1 -1 1 -1 -1 
-1 -1 -1 -1 -1 -1 -1 -1 -1 -1 -1 -1 -1 -1 -1 
-1 -1 -1 -1 -1 -1 0 -1 -1 -1 -1 -1 -1 -1 -1 
-1 -1 -1 -1 -1 -1 0 -1 -1 -1 -1 -1 -1 -1 -1 
-1 -1 -1 -1 -1 -1 -1 -1 -1 -1 -1 -1 -1 -1 -1 
-1 -1 -1 -1 -1 -1 -1 -1 -1 -1 -1 -1 -1 -1 -1 
-1 -1 -1 -1 -1 -1 -1 -1 -1 -1 -1 -1 -1 -1 -1 
-1 -1 -1 -1 -1 -1 -1 -1 -1 -1 -1 -1 -1 -1 -1 
-1 -1 -1 -1 -1 -1 -1 -1 -1 -1 -1 -1 -1 -1 -1 
-1 -1 -1 -1 -1 -1 -1 -1 -1 -1 -1 -1 -1 -1 -1 
-1 -1 -1 -1 -1 -1 -1 -1 -1 -1 -1 -1 -1 -1 -1 
-1 -1 -1 -1 -1 -1 -1 -1 -1 -1 -1 -1 -1 -1 -1 
-1 -1 -1 -1 -1 -1 -1 -1 -1 -1 -1 -1 -1 -1 -1 
END
15 0
3 6
0 12
-1 -1 -1 -1 -1 -1 -1 -1 -1 -1 -1 -1 1 -1 -1 
-1 -1 -1 -1 -1 -1 -1 -1 -1 -1 -1 -1 1 -1 -1 
-1 -1 -1 -1 -1 -1 -1 -1 -1 -1 -1 -1 1 -1 -1 
-1 -1 -1 -1 -1 -1 0 -1 -1 -1 -1 -1 -1 -1 -1 
-1 -1 -1 -1 -1 -1 0 -1 -1 -1 -1 -1 -1 -1 -1 
-1 -1 -1 -1 -1 -1 0 -1 -1 -1 -1 -1 -1 -1 -1 
-1 -1 -1 -1 -1 -1 -1 -1 -1 -1 -1 -1 -1 -1 -1 
-1 -1 -1 -1 -1 -1 -1 -1 -1 -1 -1 -1 -1 -1 -1 
-1 -1 -1 -1 -1 -1 -1 -1 -1 -1 -1 -1 -1 -1 -1 
-1 -1 -1 -1 -1 -1 -1 -1 -1 -1 -1 -1 -1 -1 -1 
-1 -1 -1 -1 -1 -1 -1 -1 -1 -1 -1 -1 -1 -1 -1 
-1 -1 -1 -1 -1 -1 -1 -1 -1 -1 -1 -1 -1 -1 -1 
-1 -1 -1 -1 -1 -1 -1 -1 -1 -1 -1 -1 -1 -1 -1 
-1 -1 -1 -1 -1 -1 -1 -1 -1 -1 -1 -1 -1 -1 -1 
-1 -1 -1 -1 -1 -1 -1 -1 -1 -1 -1 -1 -1 -1 -1 
END
15 0
2 6
0 11
-1 -1 -1 -1 -1 -1 -1 -1 -1 -1 -1 1 1 -1 -1 
-1 -1 -1 -1 -1 -1 -1 -1 -1 -1 -1 -1 1 -1 -1 
-1 -1 -1 -1 -1 -1 0 -1 -1 -1 -1 -1 1 -1 -1 
-1 -1 -1 -1 -1 -1 0 -1 -1 -1 -1 -1 -1 -1 -1 
-1 -1 -1 -1 -1 -1 0 -1 -1 -1 -1 -1 -1 -1 -1 
-1 -1 -1 -1 -1 -1 0 -1 -1 -1 -1 -1 -1 -1 -1 
-1 -1 -1 -1 -1 -1 -1 -1 -1 -1 -1 -1 -1 -1 -1 
-1 -1 -1 -1 -1 -1 -1 -1 -1 -1 -1 -1 -1 -1 -1 
-1 -1 -1 -1 -1 -1 -1 -1 -1 -1 -1 -1 -1 -1 -1 
-1 -1 -1 -1 -1 -1 -1 -1 -1 -1 -1 -1 -1 -1 -1 
-1 -1 -1 -1 -1 -1 -1 -1 -1 -1 -1 -1 -1 -1 -1 
-1 -1 -1 -1 -1 -1 -1 -1 -1 -1 -1 -1 -1 -1 -1 
-1 -1 -1 -1 -1 -1 -1 -1 -1 -1 -1 -1 -1 -1 -1 
-1 -1 -1 -1 -1 -1 -1 -1 -1 -1 -1 -1 -1 -1 -1 
-1 -1 -1 -1 -1 -1 -1 -1 -1 -1 -1 -1 -1 -1 -1 
END
15 0
1 6
1 11
-1 -1 -1 -1 -1 -1 -1 -1 -1 -1 -1 1 1 -1 -1 
-1 -1 -1 -1 -1 -1 0 -1 -1 -1 -1 1 1 -1 -1 
-1 -1 -1 -1 -1 -1 0 -1 -1 -1 -1 -1 1 -1 -1 
-1 -1 -1 -1 -1 -1 0 -1 -1 -1 -1 -1 -1 -1 -1 
-1 -1 -1 -1 -1 -1 0 -1 -1 -1 -1 -1 -1 -1 -1 
-1 -1 -1 -1 -1 -1 0 -1 -1 -1 -1 -1 -1 -1 -1 
-1 -1 -1 -1 -1 -1 -1 -1 -1 -1 -1 -1 -1 -1 -1 
-1 -1 -1 -1 -1 -1 -1 -1 -1 -1 -1 -1 -1 -1 -1 
-1 -1 -1 -1 -1 -1 -1 -1 -1 -1 -1 -1 -1 -1 -1 
-1 -1 -1 -1 -1 -1 -1 -1 -1 -1 -1 -1 -1 -1 -1 
-1 -1 -1 -1 -1 -1 -1 -1 -1 -1 -1 -1 -1 -1 -1 
-1 -1 -1 -1 -1 -1 -1 -1 -1 -1 -1 -1 -1 -1 -1 
-1 -1 -1 -1 -1 -1 -1 -1 -1 -1 -1 -1 -1 -1 -1 
-1 -1 -1 -1 -1 -1 -1 -1 -1 -1 -1 -1 -1 -1 -1 
-1 -1 -1 -1 -1 -1 -1 -1 -1 -1 -1 -1 -1 -1 -1 
END
15 0
0 6
2 11
-1 -1 -1 -1 -1 -1 0 -1 -1 -1 -1 1 1 -1 -1 
-1 -1 -1 -1 -1 -1 0 -1 -1 -1 -1 1 1 -1 -1 
-1 -1 -1 -1 -1 -1 0 -1 -1 -1 -1 1 1 -1 -1 
-1 -1 -1 -1 -1 -1 0 -1 -1 -1 -1 -1 -1 -1 -1 
-1 -1 -1 -1 -1 -1 0 -1 -1 -1 -1 -1 -1 -1 -1 
-1 -1 -1 -1 -1 -1 0 -1 -1 -1 -1 -1 -1 -1 -1 
-1 -1 -1 -1 -1 -1 -1 -1 -1 -1 -1 -1 -1 -1 -1 
-1 -1 -1 -1 -1 -1 -1 -1 -1 -1 -1 -1 -1 -1 -1 
-1 -1 -1 -1 -1 -1 -1 -1 -1 -1 -1 -1 -1 -1 -1 
-1 -1 -1 -1 -1 -1 -1 -1 -1 -1 -1 -1 -1 -1 -1 
-1 -1 -1 -1 -1 -1 -1 -1 -1 -1 -1 -1 -1 -1 -1 
-1 -1 -1 -1 -1 -1 -1 -1 -1 -1 -1 -1 -1 -1 -1 
-1 -1 -1 -1 -1 -1 -1 -1 -1 -1 -1 -1 -1 -1 -1 
-1 -1 -1 -1 -1 -1 -1 -1 -1 -1 -1 -1 -1 -1 -1 
-1 -1 -1 -1 -1 -1 -1 -1 -1 -1 -1 -1 -1 -1 -1 
END
15 0
0 5
3 11
-1 -1 -1 -1 -1 0 0 -1 -1 -1 -1 1 1 -1 -1 
-1 -1 -1 -1 -1 -1 0 -1 -1 -1 -1 1 1 -1 -1 
-1 -1 -1 -1 -1 -1 0 -1 -1 -1 -1 1 1 -1 -1 
-1 -1 -1 -1 -1 -1 0 -1 -1 -1 -1 1 -1 -1 -1 
-1 -1 -1 -1 -1 -1 0 -1 -1 -1 -1 -1 -1 -1 -1 
-1 -1 -1 -1 -1 -1 0 -1 -1 -1 -1 -1 -1 -1 -1 
-1 -1 -1 -1 -1 -1 -1 -1 -1 -1 -1 -1 -1 -1 -1 
-1 -1 -1 -1 -1 -1 -1 -1 -1 -1 -1 -1 -1 -1 -1 
-1 -1 -1 -1 -1 -1 -1 -1 -1 -1 -1 -1 -1 -1 -1 
-1 -1 -1 -1 -1 -1 -1 -1 -1 -1 -1 -1 -1 -1 -1 
-1 -1 -1 -1 -1 -1 -1 -1 -1 -1 -1 -1 -1 -1 -1 
-1 -1 -1 -1 -1 -1 -1 -1 -1 -1 -1 -1 -1 -1 -1 
-1 -1 -1 -1 -1 -1 -1 -1 -1 -1 -1 -1 -1 -1 -1 
-1 -1 -1 -1 -1 -1 -1 -1 -1 -1 -1 -1 -1 -1 -1 
-1 -1 -1 -1 -1 -1 -1 -1 -1 -1 -1 -1 -1 -1 -1 
END
15 0
1 5
4 11
-1 -1 -1 -1 -1 0 0 -1 -1 -1 -1 1 1 -1 -1 
-1 -1 -1 -1 -1 0 0 -1 -1 -1 -1 1 1 -1 -1 
-1 -1 -1 -1 -1 -1 0 -1 -1 -1 -1 1 1 -1 -1 
-1 -1 -1 -1 -1 -1 0 -1 -1 -1 -1 1 -1 -1 -1 
-1 -1 -1 -1 -1 -1 0 -1 -1 -1 -1 1 -1 -1 -1 
-1 -1 -1 -1 -1 -1 0 -1 -1 -1 -1 -1 -1 -1 -1 
-1 -1 -1 -1 -1 -1 -1 -1 -1 -1 -1 -1 -1 -1 -1 
-1 -1 -1 -1 -1 -1 -1 -1 -1 -1 -1 -1 -1 -1 -1 
-1 -1 -1 -1 -1 -1 -1 -1 -1 -1 -1 -1 -1 -1 -1 
-1 -1 -1 -1 -1 -1 -1 -1 -1 -1 -1 -1 -1 -1 -1 
-1 -1 -1 -1 -1 -1 -1 -1 -1 -1 -1 -1 -1 -1 -1 
-1 -1 -1 -1 -1 -1 -1 -1 -1 -1 -1 -1 -1 -1 -1 
-1 -1 -1 -1 -1 -1 -1 -1 -1 -1 -1 -1 -1 -1 -1 
-1 -1 -1 -1 -1 -1 -1 -1 -1 -1 -1 -1 -1 -1 -1 
-1 -1 -1 -1 -1 -1 -1 -1 -1 -1 -1 -1 -1 -1 -1 
END
15 0
2 5
5 11
-1 -1 -1 -1 -1 0 0 -1 -1 -1 -1 1 1 -1 -1 
-1 -1 -1 -1 -1 0 0 -1 -1 -1 -1 1 1 -1 -1 
-1 -1 -1 -1 -1 0 0 -1 -1 -1 -1 1 1 -1 -1 
-1 -1 -1 -1 -1 -1 0 -1 -1 -1 -1 1 -1 -1 -1 
-1 -1 -1 -1 -1 -1 0 -1 -1 -1 -1 1 -1 -1 -1 
-1 -1 -1 -1 -1 -1 0 -1 -1 -1 -1 1 -1 -1 -1 
-1 -1 -1 -1 -1 -1 -1 -1 -1 -1 -1 -1 -1 -1 -1 
-1 -1 -1 -1 -1 -1 -1 -1 -1 -1 -1 -1 -1 -1 -1 
-1 -1 -1 -1 -1 -1 -1 -1 -1 -1 -1 -1 -1 -1 -1 
-1 -1 -1 -1 -1 -1 -1 -1 -1 -1 -1 -1 -1 -1 -1 
-1 -1 -1 -1 -1 -1 -1 -1 -1 -1 -1 -1 -1 -1 -1 
-1 -1 -1 -1 -1 -1 -1 -1 -1 -1 -1 -1 -1 -1 -1 
-1 -1 -1 -1 -1 -1 -1 -1 -1 -1 -1 -1 -1 -1 -1 
-1 -1 -1 -1 -1 -1 -1 -1 -1 -1 -1 -1 -1 -1 -1 
-1 -1 -1 -1 -1 -1 -1 -1 -1 -1 -1 -1 -1 -1 -1 
END
15 0
3 5
6 11
-1 -1 -1 -1 -1 0 0 -1 -1 -1 -1 1 1 -1 -1 
-1 -1 -1 -1 -1 0 0 -1 -1 -1 -1 1 1 -1 -1 
-1 -1 -1 -1 -1 0 0 -1 -1 -1 -1 1 1 -1 -1 
-1 -1 -1 -1 -1 0 0 -1 -1 -1 -1 1 -1 -1 -1 
-1 -1 -1 -1 -1 -1 0 -1 -1 -1 -1 1 -1 -1 -1 
-1 -1 -1 -1 -1 -1 0 -1 -1 -1 -1 1 -1 -1 -1 
-1 -1 -1 -1 -1 -1 -1 -1 -1 -1 -1 1 -1 -1 -1 
-1 -1 -1 -1 -1 -1 -1 -1 -1 -1 -1 -1 -1 -1 -1 
-1 -1 -1 -1 -1 -1 -1 -1 -1 -1 -1 -1 -1 -1 -1 
-1 -1 -1 -1 -1 -1 -1 -1 -1 -1 -1 -1 -1 -1 -1 
-1 -1 -1 -1 -1 -1 -1 -1 -1 -1 -1 -1 -1 -1 -1 
-1 -1 -1 -1 -1 -1 -1 -1 -1 -1 -1 -1 -1 -1 -1 
-1 -1 -1 -1 -1 -1 -1 -1 -1 -1 -1 -1 -1 -1 -1 
-1 -1 -1 -1 -1 -1 -1 -1 -1 -1 -1 -1 -1 -1 -1 
-1 -1 -1 -1 -1 -1 -1 -1 -1 -1 -1 -1 -1 -1 -1 
END
15 0
4 5
7 11
-1 -1 -1 -1 -1 0 0 -1 -1 -1 -1 1 1 -1 -1 
-1 -1 -1 -1 -1 0 0 -1 -1 -1 -1 1 1 -1 -1 
-1 -1 -1 -1 -1 0 0 -1 -1 -1 -1 1 1 -1 -1 
-1 -1 -1 -1 -1 0 0 -1 -1 -1 -1 1 -1 -1 -1 
-1 -1 -1 -1 -1 0 0 -1 -1 -1 -1 1 -1 -1 -1 
-1 -1 -1 -1 -1 -1 0 -1 -1 -1 -1 1 -1 -1 -1 
-1 -1 -1 -1 -1 -1 -1 -1 -1 -1 -1 1 -1 -1 -1 
-1 -1 -1 -1 -1 -1 -1 -1 -1 -1 -1 1 -1 -1 -1 
-1 -1 -1 -1 -1 -1 -1 -1 -1 -1 -1 -1 -1 -1 -1 
-1 -1 -1 -1 -1 -1 -1 -1 -1 -1 -1 -1 -1 -1 -1 
-1 -1 -1 -1 -1 -1 -1 -1 -1 -1 -1 -1 -1 -1 -1 
-1 -1 -1 -1 -1 -1 -1 -1 -1 -1 -1 -1 -1 -1 -1 
-1 -1 -1 -1 -1 -1 -1 -1 -1 -1 -1 -1 -1 -1 -1 
-1 -1 -1 -1 -1 -1 -1 -1 -1 -1 -1 -1 -1 -1 -1 
-1 -1 -1 -1 -1 -1 -1 -1 -1 -1 -1 -1 -1 -1 -1 
END
15 0
5 5
8 11
-1 -1 -1 -1 -1 0 0 -1 -1 -1 -1 1 1 -1 -1 
-1 -1 -1 -1 -1 0 0 -1 -1 -1 -1 1 1 -1 -1 
-1 -1 -1 -1 -1 0 0 -1 -1 -1 -1 1 1 -1 -1 
-1 -1 -1 -1 -1 0 0 -1 -1 -1 -1 1 -1 -1 -1 
-1 -1 -1 -1 -1 0 0 -1 -1 -1 -1 1 -1 -1 -1 
-1 -1 -1 -1 -1 0 0 -1 -1 -1 -1 1 -1 -1 -1 
-1 -1 -1 -1 -1 -1 -1 -1 -1 -1 -1 1 -1 -1 -1 
-1 -1 -1 -1 -1 -1 -1 -1 -1 -1 -1 1 -1 -1 -1 
-1 -1 -1 -1 -1 -1 -1 -1 -1 -1 -1 1 -1 -1 -1 
-1 -1 -1 -1 -1 -1 -1 -1 -1 -1 -1 -1 -1 -1 -1 
-1 -1 -1 -1 -1 -1 -1 -1 -1 -1 -1 -1 -1 -1 -1 
-1 -1 -1 -1 -1 -1 -1 -1 -1 -1 -1 -1 -1 -1 -1 
-1 -1 -1 -1 -1 -1 -1 -1 -1 -1 -1 -1 -1 -1 -1 
-1 -1 -1 -1 -1 -1 -1 -1 -1 -1 -1 -1 -1 -1 -1 
-1 -1 -1 -1 -1 -1 -1 -1 -1 -1 -1 -1 -1 -1 -1 
END
15 0
6 5
9 11
-1 -1 -1 -1 -1 0 0 -1 -1 -1 -1 1 1 -1 -1 
-1 -1 -1 -1 -1 0 0 -1 -1 -1 -1 1 1 -1 -1 
-1 -1 -1 -1 -1 0 0 -1 -1 -1 -1 1 1 -1 -1 
-1 -1 -1 -1 -1 0 0 -1 -1 -1 -1 1 -1 -1 -1 
-1 -1 -1 -1 -1 0 0 -1 -1 -1 -1 1 -1 -1 -1 
-1 -1 -1 -1 -1 0 0 -1 -1 -1 -1 1 -1 -1 -1 
-1 -1 -1 -1 -1 0 -1 -1 -1 -1 -1 1 -1 -1 -1 
-1 -1 -1 -1 -1 -1 -1 -1 -1 -1 -1 1 -1 -1 -1 
-1 -1 -1 -1 -1 -1 -1 -1 -1 -1 -1 1 -1 -1 -1 
-1 -1 -1 -1 -1 -1 -1 -1 -1 -1 -1 1 -1 -1 -1 
-1 -1 -1 -1 -1 -1 -1 -1 -1 -1 -1 -1 -1 -1 -1 
-1 -1 -1 -1 -1 -1 -1 -1 -1 -1 -1 -1 -1 -1 -1 
-1 -1 -1 -1 -1 -1 -1 -1 -1 -1 -1 -1 -1 -1 -1 
-1 -1 -1 -1 -1 -1 -1 -1 -1 -1 -1 -1 -1 -1 -1 
-1 -1 -1 -1 -1 -1 -1 -1 -1 -1 -1 -1 -1 -1 -1 
END
15 0
7 5
10 11
-1 -1 -1 -1 -1 0 0 -1 -1 -1 -1 1 1 -1 -1 
-1 -1 -1 -1 -1 0 0 -1 -1 -1 -1 1 1 -1 -1 
-1 -1 -1 -1 -1 0 0 -1 -1 -1 -1 1 1 -1 -1 
-1 -1 -1 -1 -1 0 0 -1 -1 -1 -1 1 -1 -1 -1 
-1 -1 -1 -1 -1 0 0 -1 -1 -1 -1 1 -1 -1 -1 
-1 -1 -1 -1 -1 0 0 -1 -1 -1 -1 1 -1 -1 -1 
-1 -1 -1 -1 -1 0 -1 -1 -1 -1 -1 1 -1 -1 -1 
-1 -1 -1 -1 -1 0 -1 -1 -1 -1 -1 1 -1 -1 -1 
-1 -1 -1 -1 -1 -1 -1 -1 -1 -1 -1 1 -1 -1 -1 
-1 -1 -1 -1 -1 -1 -1 -1 -1 -1 -1 1 -1 -1 -1 
-1 -1 -1 -1 -1 -1 -1 -1 -1 -1 -1 1 -1 -1 -1 
-1 -1 -1 -1 -1 -1 -1 -1 -1 -1 -1 -1 -1 -1 -1 
-1 -1 -1 -1 -1 -1 -1 -1 -1 -1 -1 -1 -1 -1 -1 
-1 -1 -1 -1 -1 -1 -1 -1 -1 -1 -1 -1 -1 -1 -1 
-1 -1 -1 -1 -1 -1 -1 -1 -1 -1 -1 -1 -1 -1 -1 
END
15 0
8 5
11 11
-1 -1 -1 -1 -1 0 0 -1 -1 -1 -1 1 1 -1 -1 
-1 -1 -1 -1 -1 0 0 -1 -1 -1 -1 1 1 -1 -1 
-1 -1 -1 -1 -1 0 0 -1 -1 -1 -1 1 1 -1 -1 
-1 -1 -1 -1 -1 0 0 -1 -1 -1 -1 1 -1 -1 -1 
-1 -1 -1 -1 -1 0 0 -1 -1 -1 -1 1 -1 -1 -1 
-1 -1 -1 -1 -1 0 0 -1 -1 -1 -1 1 -1 -1 -1 
-1 -1 -1 -1 -1 0 -1 -1 -1 -1 -1 1 -1 -1 -1 
-1 -1 -1 -1 -1 0 -1 -1 -1 -1 -1 1 -1 -1 -1 
-1 -1 -1 -1 -1 0 -1 -1 -1 -1 -1 1 -1 -1 -1 
-1 -1 -1 -1 -1 -1 -1 -1 -1 -1 -1 1 -1 -1 -1 
-1 -1 -1 -1 -1 -1 -1 -1 -1 -1 -1 1 -1 -1 -1 
-1 -1 -1 -1 -1 -1 -1 -1 -1 -1 -1 1 -1 -1 -1 
-1 -1 -1 -1 -1 -1 -1 -1 -1 -1 -1 -1 -1 -1 -1 
-1 -1 -1 -1 -1 -1 -1 -1 -1 -1 -1 -1 -1 -1 -1 
-1 -1 -1 -1 -1 -1 -1 -1 -1 -1 -1 -1 -1 -1 -1 
END
15 0
9 5
12 11
-1 -1 -1 -1 -1 0 0 -1 -1 -1 -1 1 1 -1 -1 
-1 -1 -1 -1 -1 0 0 -1 -1 -1 -1 1 1 -1 -1 
-1 -1 -1 -1 -1 0 0 -1 -1 -1 -1 1 1 -1 -1 
-1 -1 -1 -1 -1 0 0 -1 -1 -1 -1 1 -1 -1 -1 
-1 -1 -1 -1 -1 0 0 -1 -1 -1 -1 1 -1 -1 -1 
-1 -1 -1 -1 -1 0 0 -1 -1 -1 -1 1 -1 -1 -1 
-1 -1 -1 -1 -1 0 -1 -1 -1 -1 -1 1 -1 -1 -1 
-1 -1 -1 -1 -1 0 -1 -1 -1 -1 -1 1 -1 -1 -1 
-1 -1 -1 -1 -1 0 -1 -1 -1 -1 -1 1 -1 -1 -1 
-1 -1 -1 -1 -1 0 -1 -1 -1 -1 -1 1 -1 -1 -1 
-1 -1 -1 -1 -1 -1 -1 -1 -1 -1 -1 1 -1 -1 -1 
-1 -1 -1 -1 -1 -1 -1 -1 -1 -1 -1 1 -1 -1 -1 
-1 -1 -1 -1 -1 -1 -1 -1 -1 -1 -1 1 -1 -1 -1 
-1 -1 -1 -1 -1 -1 -1 -1 -1 -1 -1 -1 -1 -1 -1 
-1 -1 -1 -1 -1 -1 -1 -1 -1 -1 -1 -1 -1 -1 -1 
END
15 0
10 5
13 11
-1 -1 -1 -1 -1 0 0 -1 -1 -1 -1 1 1 -1 -1 
-1 -1 -1 -1 -1 0 0 -1 -1 -1 -1 1 1 -1 -1 
-1 -1 -1 -1 -1 0 0 -1 -1 -1 -1 1 1 -1 -1 
-1 -1 -1 -1 -1 0 0 -1 -1 -1 -1 1 -1 -1 -1 
-1 -1 -1 -1 -1 0 0 -1 -1 -1 -1 1 -1 -1 -1 
-1 -1 -1 -1 -1 0 0 -1 -1 -1 -1 1 -1 -1 -1 
-1 -1 -1 -1 -1 0 -1 -1 -1 -1 -1 1 -1 -1 -1 
-1 -1 -1 -1 -1 0 -1 -1 -1 -1 -1 1 -1 -1 -1 
-1 -1 -1 -1 -1 0 -1 -1 -1 -1 -1 1 -1 -1 -1 
-1 -1 -1 -1 -1 0 -1 -1 -1 -1 -1 1 -1 -1 -1 
-1 -1 -1 -1 -1 0 -1 -1 -1 -1 -1 1 -1 -1 -1 
-1 -1 -1 -1 -1 -1 -1 -1 -1 -1 -1 1 -1 -1 -1 
-1 -1 -1 -1 -1 -1 -1 -1 -1 -1 -1 1 -1 -1 -1 
-1 -1 -1 -1 -1 -1 -1 -1 -1 -1 -1 1 -1 -1 -1 
-1 -1 -1 -1 -1 -1 -1 -1 -1 -1 -1 -1 -1 -1 -1 
END
15 0
11 5
14 11
-1 -1 -1 -1 -1 0 0 -1 -1 -1 -1 1 1 -1 -1 
-1 -1 -1 -1 -1 0 0 -1 -1 -1 -1 1 1 -1 -1 
-1 -1 -1 -1 -1 0 0 -1 -1 -1 -1 1 1 -1 -1 
-1 -1 -1 -1 -1 0 0 -1 -1 -1 -1 1 -1 -1 -1 
-1 -1 -1 -1 -1 0 0 -1 -1 -1 -1 1 -1 -1 -1 
-1 -1 -1 -1 -1 0 0 -1 -1 -1 -1 1 -1 -1 -1 
-1 -1 -1 -1 -1 0 -1 -1 -1 -1 -1 1 -1 -1 -1 
-1 -1 -1 -1 -1 0 -1 -1 -1 -1 -1 1 -1 -1 -1 
-1 -1 -1 -1 -1 0 -1 -1 -1 -1 -1 1 -1 -1 -1 
-1 -1 -1 -1 -1 0 -1 -1 -1 -1 -1 1 -1 -1 -1 
-1 -1 -1 -1 -1 0 -1 -1 -1 -1 -1 1 -1 -1 -1 
-1 -1 -1 -1 -1 0 -1 -1 -1 -1 -1 1 -1 -1 -1 
-1 -1 -1 -1 -1 -1 -1 -1 -1 -1 -1 1 -1 -1 -1 
-1 -1 -1 -1 -1 -1 -1 -1 -1 -1 -1 1 -1 -1 -1 
-1 -1 -1 -1 -1 -1 -1 -1 -1 -1 -1 1 -1 -1 -1 
END
15 0
12 5
14 10
-1 -1 -1 -1 -1 0 0 -1 -1 -1 -1 1 1 -1 -1 
-1 -1 -1 -1 -1 0 0 -1 -1 -1 -1 1 1 -1 -1 
-1 -1 -1 -1 -1 0 0 -1 -1 -1 -1 1 1 -1 -1 
-1 -1 -1 -1 -1 0 0 -1 -1 -1 -1 1 -1 -1 -1 
-1 -1 -1 -1 -1 0 0 -1 -1 -1 -1 1 -1 -1 -1 
-1 -1 -1 -1 -1 0 0 -1 -1 -1 -1 1 -1 -1 -1 
-1 -1 -1 -1 -1 0 -1 -1 -1 -1 -1 1 -1 -1 -1 
-1 -1 -1 -1 -1 0 -1 -1 -1 -1 -1 1 -1 -1 -1 
-1 -1 -1 -1 -1 0 -1 -1 -1 -1 -1 1 -1 -1 -1 
-1 -1 -1 -1 -1 0 -1 -1 -1 -1 -1 1 -1 -1 -1 
-1 -1 -1 -1 -1 0 -1 -1 -1 -1 -1 1 -1 -1 -1 
-1 -1 -1 -1 -1 0 -1 -1 -1 -1 -1 1 -1 -1 -1 
-1 -1 -1 -1 -1 0 -1 -1 -1 -1 -1 1 -1 -1 -1 
-1 -1 -1 -1 -1 -1 -1 -1 -1 -1 -1 1 -1 -1 -1 
-1 -1 -1 -1 -1 -1 -1 -1 -1 -1 1 1 -1 -1 -1 
END
15 0
13 5
13 10
-1 -1 -1 -1 -1 0 0 -1 -1 -1 -1 1 1 -1 -1 
-1 -1 -1 -1 -1 0 0 -1 -1 -1 -1 1 1 -1 -1 
-1 -1 -1 -1 -1 0 0 -1 -1 -1 -1 1 1 -1 -1 
-1 -1 -1 -1 -1 0 0 -1 -1 -1 -1 1 -1 -1 -1 
-1 -1 -1 -1 -1 0 0 -1 -1 -1 -1 1 -1 -1 -1 
-1 -1 -1 -1 -1 0 0 -1 -1 -1 -1 1 -1 -1 -1 
-1 -1 -1 -1 -1 0 -1 -1 -1 -1 -1 1 -1 -1 -1 
-1 -1 -1 -1 -1 0 -1 -1 -1 -1 -1 1 -1 -1 -1 
-1 -1 -1 -1 -1 0 -1 -1 -1 -1 -1 1 -1 -1 -1 
-1 -1 -1 -1 -1 0 -1 -1 -1 -1 -1 1 -1 -1 -1 
-1 -1 -1 -1 -1 0 -1 -1 -1 -1 -1 1 -1 -1 -1 
-1 -1 -1 -1 -1 0 -1 -1 -1 -1 -1 1 -1 -1 -1 
-1 -1 -1 -1 -1 0 -1 -1 -1 -1 -1 1 -1 -1 -1 
-1 -1 -1 -1 -1 0 -1 -1 -1 -1 1 1 -1 -1 -1 
-1 -1 -1 -1 -1 -1 -1 -1 -1 -1 1 1 -1 -1 -1 
END
15 0
14 5
12 10
-1 -1 -1 -1 -1 0 0 -1 -1 -1 -1 1 1 -1 -1 
-1 -1 -1 -1 -1 0 0 -1 -1 -1 -1 1 1 -1 -1 
-1 -1 -1 -1 -1 0 0 -1 -1 -1 -1 1 1 -1 -1 
-1 -1 -1 -1 -1 0 0 -1 -1 -1 -1 1 -1 -1 -1 
-1 -1 -1 -1 -1 0 0 -1 -1 -1 -1 1 -1 -1 -1 
-1 -1 -1 -1 -1 0 0 -1 -1 -1 -1 1 -1 -1 -1 
-1 -1 -1 -1 -1 0 -1 -1 -1 -1 -1 1 -1 -1 -1 
-1 -1 -1 -1 -1 0 -1 -1 -1 -1 -1 1 -1 -1 -1 
-1 -1 -1 -1 -1 0 -1 -1 -1 -1 -1 1 -1 -1 -1 
-1 -1 -1 -1 -1 0 -1 -1 -1 -1 -1 1 -1 -1 -1 
-1 -1 -1 -1 -1 0 -1 -1 -1 -1 -1 1 -1 -1 -1 
-1 -1 -1 -1 -1 0 -1 -1 -1 -1 -1 1 -1 -1 -1 
-1 -1 -1 -1 -1 0 -1 -1 -1 -1 1 1 -1 -1 -1 
-1 -1 -1 -1 -1 0 -1 -1 -1 -1 1 1 -1 -1 -1 
-1 -1 -1 -1 -1 0 -1 -1 -1 -1 1 1 -1 -1 -1 
END
15 0
14 4
11 10
-1 -1 -1 -1 -1 0 0 -1 -1 -1 -1 1 1 -1 -1 
-1 -1 -1 -1 -1 0 0 -1 -1 -1 -1 1 1 -1 -1 
-1 -1 -1 -1 -1 0 0 -1 -1 -1 -1 1 1 -1 -1 
-1 -1 -1 -1 -1 0 0 -1 -1 -1 -1 1 -1 -1 -1 
-1 -1 -1 -1 -1 0 0 -1 -1 -1 -1 1 -1 -1 -1 
-1 -1 -1 -1 -1 0 0 -1 -1 -1 -1 1 -1 -1 -1 
-1 -1 -1 -1 -1 0 -1 -1 -1 -1 -1 1 -1 -1 -1 
-1 -1 -1 -1 -1 0 -1 -1 -1 -1 -1 1 -1 -1 -1 
-1 -1 -1 -1 -1 0 -1 -1 -1 -1 -1 1 -1 -1 -1 
-1 -1 -1 -1 -1 0 -1 -1 -1 -1 -1 1 -1 -1 -1 
-1 -1 -1 -1 -1 0 -1 -1 -1 -1 -1 1 -1 -1 -1 
-1 -1 -1 -1 -1 0 -1 -1 -1 -1 1 1 -1 -1 -1 
-1 -1 -1 -1 -1 0 -1 -1 -1 -1 1 1 -1 -1 -1 
-1 -1 -1 -1 -1 0 -1 -1 -1 -1 1 1 -1 -1 -1 
-1 -1 -1 -1 0 0 -1 -1 -1 -1 1 1 -1 -1 -1 
END
15 0
13 4
10 10
-1 -1 -1 -1 -1 0 0 -1 -1 -1 -1 1 1 -1 -1 
-1 -1 -1 -1 -1 0 0 -1 -1 -1 -1 1 1 -1 -1 
-1 -1 -1 -1 -1 0 0 -1 -1 -1 -1 1 1 -1 -1 
-1 -1 -1 -1 -1 0 0 -1 -1 -1 -1 1 -1 -1 -1 
-1 -1 -1 -1 -1 0 0 -1 -1 -1 -1 1 -1 -1 -1 
-1 -1 -1 -1 -1 0 0 -1 -1 -1 -1 1 -1 -1 -1 
-1 -1 -1 -1 -1 0 -1 -1 -1 -1 -1 1 -1 -1 -1 
-1 -1 -1 -1 -1 0 -1 -1 -1 -1 -1 1 -1 -1 -1 
-1 -1 -1 -1 -1 0 -1 -1 -1 -1 -1 1 -1 -1 -1 
-1 -1 -1 -1 -1 0 -1 -1 -1 -1 -1 1 -1 -1 -1 
-1 -1 -1 -1 -1 0 -1 -1 -1 -1 1 1 -1 -1 -1 
-1 -1 -1 -1 -1 0 -1 -1 -1 -1 1 1 -1 -1 -1 
-1 -1 -1 -1 -1 0 -1 -1 -1 -1 1 1 -1 -1 -1 
-1 -1 -1 -1 0 0 -1 -1 -1 -1 1 1 -1 -1 -1 
-1 -1 -1 -1 0 0 -1 -1 -1 -1 1 1 -1 -1 -1 
END
15 0
12 4
9 10
-1 -1 -1 -1 -1 0 0 -1 -1 -1 -1 1 1 -1 -1 
-1 -1 -1 -1 -1 0 0 -1 -1 -1 -1 1 1 -1 -1 
-1 -1 -1 -1 -1 0 0 -1 -1 -1 -1 1 1 -1 -1 
-1 -1 -1 -1 -1 0 0 -1 -1 -1 -1 1 -1 -1 -1 
-1 -1 -1 -1 -1 0 0 -1 -1 -1 -1 1 -1 -1 -1 
-1 -1 -1 -1 -1 0 0 -1 -1 -1 -1 1 -1 -1 -1 
-1 -1 -1 -1 -1 0 -1 -1 -1 -1 -1 1 -1 -1 -1 
-1 -1 -1 -1 -1 0 -1 -1 -1 -1 -1 1 -1 -1 -1 
-1 -1 -1 -1 -1 0 -1 -1 -1 -1 -1 1 -1 -1 -1 
-1 -1 -1 -1 -1 0 -1 -1 -1 -1 1 1 -1 -1 -1 
-1 -1 -1 -1 -1 0 -1 -1 -1 -1 1 1 -1 -1 -1 
-1 -1 -1 -1 -1 0 -1 -1 -1 -1 1 1 -1 -1 -1 
-1 -1 -1 -1 0 0 -1 -1 -1 -1 1 1 -1 -1 -1 
-1 -1 -1 -1 0 0 -1 -1 -1 -1 1 1 -1 -1 -1 
-1 -1 -1 -1 0 0 -1 -1 -1 -1 1 1 -1 -1 -1 
END
15 0
11 4
8 10
-1 -1 -1 -1 -1 0 0 -1 -1 -1 -1 1 1 -1 -1 
-1 -1 -1 -1 -1 0 0 -1 -1 -1 -1 1 1 -1 -1 
-1 -1 -1 -1 -1 0 0 -1 -1 -1 -1 1 1 -1 -1 
-1 -1 -1 -1 -1 0 0 -1 -1 -1 -1 1 -1 -1 -1 
-1 -1 -1 -1 -1 0 0 -1 -1 -1 -1 1 -1 -1 -1 
-1 -1 -1 -1 -1 0 0 -1 -1 -1 -1 1 -1 -1 -1 
-1 -1 -1 -1 -1 0 -1 -1 -1 -1 -1 1 -1 -1 -1 
-1 -1 -1 -1 -1 0 -1 -1 -1 -1 -1 1 -1 -1 -1 
-1 -1 -1 -1 -1 0 -1 -1 -1 -1 1 1 -1 -1 -1 
-1 -1 -1 -1 -1 0 -1 -1 -1 -1 1 1 -1 -1 -1 
-1 -1 -1 -1 -1 0 -1 -1 -1 -1 1 1 -1 -1 -1 
-1 -1 -1 -1 0 0 -1 -1 -1 -1 1 1 -1 -1 -1 
-1 -1 -1 -1 0 0 -1 -1 -1 -1 1 1 -1 -1 -1 
-1 -1 -1 -1 0 0 -1 -1 -1 -1 1 1 -1 -1 -1 
-1 -1 -1 -1 0 0 -1 -1 -1 -1 1 1 -1 -1 -1 
END
15 0
10 4
7 10
-1 -1 -1 -1 -1 0 0 -1 -1 -1 -1 1 1 -1 -1 
-1 -1 -1 -1 -1 0 0 -1 -1 -1 -1 1 1 -1 -1 
-1 -1 -1 -1 -1 0 0 -1 -1 -1 -1 1 1 -1 -1 
-1 -1 -1 -1 -1 0 0 -1 -1 -1 -1 1 -1 -1 -1 
-1 -1 -1 -1 -1 0 0 -1 -1 -1 -1 1 -1 -1 -1 
-1 -1 -1 -1 -1 0 0 -1 -1 -1 -1 1 -1 -1 -1 
-1 -1 -1 -1 -1 0 -1 -1 -1 -1 -1 1 -1 -1 -1 
-1 -1 -1 -1 -1 0 -1 -1 -1 -1 1 1 -1 -1 -1 
-1 -1 -1 -1 -1 0 -1 -1 -1 -1 1 1 -1 -1 -1 
-1 -1 -1 -1 -1 0 -1 -1 -1 -1 1 1 -1 -1 -1 
-1 -1 -1 -1 0 0 -1 -1 -1 -1 1 1 -1 -1 -1 
-1 -1 -1 -1 0 0 -1 -1 -1 -1 1 1 -1 -1 -1 
-1 -1 -1 -1 0 0 -1 -1 -1 -1 1 1 -1 -1 -1 
-1 -1 -1 -1 0 0 -1 -1 -1 -1 1 1 -1 -1 -1 
-1 -1 -1 -1 0 0 -1 -1 -1 -1 1 1 -1 -1 -1 
END
15 0
9 4
6 10
-1 -1 -1 -1 -1 0 0 -1 -1 -1 -1 1 1 -1 -1 
-1 -1 -1 -1 -1 0 0 -1 -1 -1 -1 1 1 -1 -1 
-1 -1 -1 -1 -1 0 0 -1 -1 -1 -1 1 1 -1 -1 
-1 -1 -1 -1 -1 0 0 -1 -1 -1 -1 1 -1 -1 -1 
-1 -1 -1 -1 -1 0 0 -1 -1 -1 -1 1 -1 -1 -1 
-1 -1 -1 -1 -1 0 0 -1 -1 -1 -1 1 -1 -1 -1 
-1 -1 -1 -1 -1 0 -1 -1 -1 -1 1 1 -1 -1 -1 
-1 -1 -1 -1 -1 0 -1 -1 -1 -1 1 1 -1 -1 -1 
-1 -1 -1 -1 -1 0 -1 -1 -1 -1 1 1 -1 -1 -1 
-1 -1 -1 -1 0 0 -1 -1 -1 -1 1 1 -1 -1 -1 
-1 -1 -1 -1 0 0 -1 -1 -1 -1 1 1 -1 -1 -1 
-1 -1 -1 -1 0 0 -1 -1 -1 -1 1 1 -1 -1 -1 
-1 -1 -1 -1 0 0 -1 -1 -1 -1 1 1 -1 -1 -1 
-1 -1 -1 -1 0 0 -1 -1 -1 -1 1 1 -1 -1 -1 
-1 -1 -1 -1 0 0 -1 -1 -1 -1 1 1 -1 -1 -1 
END
15 0
8 4
5 10
-1 -1 -1 -1 -1 0 0 -1 -1 -1 -1 1 1 -1 -1 
-1 -1 -1 -1 -1 0 0 -1 -1 -1 -1 1 1 -1 -1 
-1 -1 -1 -1 -1 0 0 -1 -1 -1 -1 1 1 -1 -1 
-1 -1 -1 -1 -1 0 0 -1 -1 -1 -1 1 -1 -1 -1 
-1 -1 -1 -1 -1 0 0 -1 -1 -1 -1 1 -1 -1 -1 
-1 -1 -1 -1 -1 0 0 -1 -1 -1 1 1 -1 -1 -1 
-1 -1 -1 -1 -1 0 -1 -1 -1 -1 1 1 -1 -1 -1 
-1 -1 -1 -1 -1 0 -1 -1 -1 -1 1 1 -1 -1 -1 
-1 -1 -1 -1 0 0 -1 -1 -1 -1 1 1 -1 -1 -1 
-1 -1 -1 -1 0 0 -1 -1 -1 -1 1 1 -1 -1 -1 
-1 -1 -1 -1 0 0 -1 -1 -1 -1 1 1 -1 -1 -1 
-1 -1 -1 -1 0 0 -1 -1 -1 -1 1 1 -1 -1 -1 
-1 -1 -1 -1 0 0 -1 -1 -1 -1 1 1 -1 -1 -1 
-1 -1 -1 -1 0 0 -1 -1 -1 -1 1 1 -1 -1 -1 
-1 -1 -1 -1 0 0 -1 -1 -1 -1 1 1 -1 -1 -1 
END
15 0
7 4
4 10
-1 -1 -1 -1 -1 0 0 -1 -1 -1 -1 1 1 -1 -1 
-1 -1 -1 -1 -1 0 0 -1 -1 -1 -1 1 1 -1 -1 
-1 -1 -1 -1 -1 0 0 -1 -1 -1 -1 1 1 -1 -1 
-1 -1 -1 -1 -1 0 0 -1 -1 -1 -1 1 -1 -1 -1 
-1 -1 -1 -1 -1 0 0 -1 -1 -1 1 1 -1 -1 -1 
-1 -1 -1 -1 -1 0 0 -1 -1 -1 1 1 -1 -1 -1 
-1 -1 -1 -1 -1 0 -1 -1 -1 -1 1 1 -1 -1 -1 
-1 -1 -1 -1 0 0 -1 -1 -1 -1 1 1 -1 -1 -1 
-1 -1 -1 -1 0 0 -1 -1 -1 -1 1 1 -1 -1 -1 
-1 -1 -1 -1 0 0 -1 -1 -1 -1 1 1 -1 -1 -1 
-1 -1 -1 -1 0 0 -1 -1 -1 -1 1 1 -1 -1 -1 
-1 -1 -1 -1 0 0 -1 -1 -1 -1 1 1 -1 -1 -1 
-1 -1 -1 -1 0 0 -1 -1 -1 -1 1 1 -1 -1 -1 
-1 -1 -1 -1 0 0 -1 -1 -1 -1 1 1 -1 -1 -1 
-1 -1 -1 -1 0 0 -1 -1 -1 -1 1 1 -1 -1 -1 
END
15 0
6 4
3 10
-1 -1 -1 -1 -1 0 0 -1 -1 -1 -1 1 1 -1 -1 
-1 -1 -1 -1 -1 0 0 -1 -1 -1 -1 1 1 -1 -1 
-1 -1 -1 -1 -1 0 0 -1 -1 -1 -1 1 1 -1 -1 
-1 -1 -1 -1 -1 0 0 -1 -1 -1 1 1 -1 -1 -1 
-1 -1 -1 -1 -1 0 0 -1 -1 -1 1 1 -1 -1 -1 
-1 -1 -1 -1 -1 0 0 -1 -1 -1 1 1 -1 -1 -1 
-1 -1 -1 -1 0 0 -1 -1 -1 -1 1 1 -1 -1 -1 
-1 -1 -1 -1 0 0 -1 -1 -1 -1 1 1 -1 -1 -1 
-1 -1 -1 -1 0 0 -1 -1 -1 -1 1 1 -1 -1 -1 
-1 -1 -1 -1 0 0 -1 -1 -1 -1 1 1 -1 -1 -1 
-1 -1 -1 -1 0 0 -1 -1 -1 -1 1 1 -1 -1 -1 
-1 -1 -1 -1 0 0 -1 -1 -1 -1 1 1 -1 -1 -1 
-1 -1 -1 -1 0 0 -1 -1 -1 -1 1 1 -1 -1 -1 
-1 -1 -1 -1 0 0 -1 -1 -1 -1 1 1 -1 -1 -1 
-1 -1 -1 -1 0 0 -1 -1 -1 -1 1 1 -1 -1 -1 
END
15 0
5 4
2 10
-1 -1 -1 -1 -1 0 0 -1 -1 -1 -1 1 1 -1 -1 
-1 -1 -1 -1 -1 0 0 -1 -1 -1 -1 1 1 -1 -1 
-1 -1 -1 -1 -1 0 0 -1 -1 -1 1 1 1 -1 -1 
-1 -1 -1 -1 -1 0 0 -1 -1 -1 1 1 -1 -1 -1 
-1 -1 -1 -1 -1 0 0 -1 -1 -1 1 1 -1 -1 -1 
-1 -1 -1 -1 0 0 0 -1 -1 -1 1 1 -1 -1 -1 
-1 -1 -1 -1 0 0 -1 -1 -1 -1 1 1 -1 -1 -1 
-1 -1 -1 -1 0 0 -1 -1 -1 -1 1 1 -1 -1 -1 
-1 -1 -1 -1 0 0 -1 -1 -1 -1 1 1 -1 -1 -1 
-1 -1 -1 -1 0 0 -1 -1 -1 -1 1 1 -1 -1 -1 
-1 -1 -1 -1 0 0 -1 -1 -1 -1 1 1 -1 -1 -1 
-1 -1 -1 -1 0 0 -1 -1 -1 -1 1 1 -1 -1 -1 
-1 -1 -1 -1 0 0 -1 -1 -1 -1 1 1 -1 -1 -1 
-1 -1 -1 -1 0 0 -1 -1 -1 -1 1 1 -1 -1 -1 
-1 -1 -1 -1 0 0 -1 -1 -1 -1 1 1 -1 -1 -1 
END
15 0
4 4
1 10
-1 -1 -1 -1 -1 0 0 -1 -1 -1 -1 1 1 -1 -1 
-1 -1 -1 -1 -1 0 0 -1 -1 -1 1 1 1 -1 -1 
-1 -1 -1 -1 -1 0 0 -1 -1 -1 1 1 1 -1 -1 
-1 -1 -1 -1 -1 0 0 -1 -1 -1 1 1 -1 -1 -1 
-1 -1 -1 -1 0 0 0 -1 -1 -1 1 1 -1 -1 -1 
-1 -1 -1 -1 0 0 0 -1 -1 -1 1 1 -1 -1 -1 
-1 -1 -1 -1 0 0 -1 -1 -1 -1 1 1 -1 -1 -1 
-1 -1 -1 -1 0 0 -1 -1 -1 -1 1 1 -1 -1 -1 
-1 -1 -1 -1 0 0 -1 -1 -1 -1 1 1 -1 -1 -1 
-1 -1 -1 -1 0 0 -1 -1 -1 -1 1 1 -1 -1 -1 
-1 -1 -1 -1 0 0 -1 -1 -1 -1 1 1 -1 -1 -1 
-1 -1 -1 -1 0 0 -1 -1 -1 -1 1 1 -1 -1 -1 
-1 -1 -1 -1 0 0 -1 -1 -1 -1 1 1 -1 -1 -1 
-1 -1 -1 -1 0 0 -1 -1 -1 -1 1 1 -1 -1 -1 
-1 -1 -1 -1 0 0 -1 -1 -1 -1 1 1 -1 -1 -1 
END
15 0
3 4
0 10
-1 -1 -1 -1 -1 0 0 -1 -1 -1 1 1 1 -1 -1 
-1 -1 -1 -1 -1 0 0 -1 -1 -1 1 1 1 -1 -1 
-1 -1 -1 -1 -1 0 0 -1 -1 -1 1 1 1 -1 -1 
-1 -1 -1 -1 0 0 0 -1 -1 -1 1 1 -1 -1 -1 
-1 -1 -1 -1 0 0 0 -1 -1 -1 1 1 -1 -1 -1 
-1 -1 -1 -1 0 0 0 -1 -1 -1 1 1 -1 -1 -1 
-1 -1 -1 -1 0 0 -1 -1 -1 -1 1 1 -1 -1 -1 
-1 -1 -1 -1 0 0 -1 -1 -1 -1 1 1 -1 -1 -1 
-1 -1 -1 -1 0 0 -1 -1 -1 -1 1 1 -1 -1 -1 
-1 -1 -1 -1 0 0 -1 -1 -1 -1 1 1 -1 -1 -1 
-1 -1 -1 -1 0 0 -1 -1 -1 -1 1 1 -1 -1 -1 
-1 -1 -1 -1 0 0 -1 -1 -1 -1 1 1 -1 -1 -1 
-1 -1 -1 -1 0 0 -1 -1 -1 -1 1 1 -1 -1 -1 
-1 -1 -1 -1 0 0 -1 -1 -1 -1 1 1 -1 -1 -1 
-1 -1 -1 -1 0 0 -1 -1 -1 -1 1 1 -1 -1 -1 
END
15 0
2 4
0 9
-1 -1 -1 -1 -1 0 0 -1 -1 1 1 1 1 -1 -1 
-1 -1 -1 -1 -1 0 0 -1 -1 -1 1 1 1 -1 -1 
-1 -1 -1 -1 0 0 0 -1 -1 -1 1 1 1 -1 -1 
-1 -1 -1 -1 0 0 0 -1 -1 -1 1 1 -1 -1 -1 
-1 -1 -1 -1 0 0 0 -1 -1 -1 1 1 -1 -1 -1 
-1 -1 -1 -1 0 0 0 -1 -1 -1 1 1 -1 -1 -1 
-1 -1 -1 -1 0 0 -1 -1 -1 -1 1 1 -1 -1 -1 
-1 -1 -1 -1 0 0 -1 -1 -1 -1 1 1 -1 -1 -1 
-1 -1 -1 -1 0 0 -1 -1 -1 -1 1 1 -1 -1 -1 
-1 -1 -1 -1 0 0 -1 -1 -1 -1 1 1 -1 -1 -1 
-1 -1 -1 -1 0 0 -1 -1 -1 -1 1 1 -1 -1 -1 
-1 -1 -1 -1 0 0 -1 -1 -1 -1 1 1 -1 -1 -1 
-1 -1 -1 -1 0 0 -1 -1 -1 -1 1 1 -1 -1 -1 
-1 -1 -1 -1 0 0 -1 -1 -1 -1 1 1 -1 -1 -1 
-1 -1 -1 -1 0 0 -1 -1 -1 -1 1 1 -1 -1 -1 
END
15 0
1 4
1 9
-1 -1 -1 -1 -1 0 0 -1 -1 1 1 1 1 -1 -1 
-1 -1 -1 -1 0 0 0 -1 -1 1 1 1 1 -1 -1 
-1 -1 -1 -1 0 0 0 -1 -1 -1 1 1 1 -1 -1 
-1 -1 -1 -1 0 0 0 -1 -1 -1 1 1 -1 -1 -1 
-1 -1 -1 -1 0 0 0 -1 -1 -1 1 1 -1 -1 -1 
-1 -1 -1 -1 0 0 0 -1 -1 -1 1 1 -1 -1 -1 
-1 -1 -1 -1 0 0 -1 -1 -1 -1 1 1 -1 -1 -1 
-1 -1 -1 -1 0 0 -1 -1 -1 -1 1 1 -1 -1 -1 
-1 -1 -1 -1 0 0 -1 -1 -1 -1 1 1 -1 -1 -1 
-1 -1 -1 -1 0 0 -1 -1 -1 -1 1 1 -1 -1 -1 
-1 -1 -1 -1 0 0 -1 -1 -1 -1 1 1 -1 -1 -1 
-1 -1 -1 -1 0 0 -1 -1 -1 -1 1 1 -1 -1 -1 
-1 -1 -1 -1 0 0 -1 -1 -1 -1 1 1 -1 -1 -1 
-1 -1 -1 -1 0 0 -1 -1 -1 -1 1 1 -1 -1 -1 
-1 -1 -1 -1 0 0 -1 -1 -1 -1 1 1 -1 -1 -1 
END
15 0
0 4
2 9
-1 -1 -1 -1 0 0 0 -1 -1 1 1 1 1 -1 -1 
-1 -1 -1 -1 0 0 0 -1 -1 1 1 1 1 -1 -1 
-1 -1 -1 -1 0 0 0 -1 -1 1 1 1 1 -1 -1 
-1 -1 -1 -1 0 0 0 -1 -1 -1 1 1 -1 -1 -1 
-1 -1 -1 -1 0 0 0 -1 -1 -1 1 1 -1 -1 -1 
-1 -1 -1 -1 0 0 0 -1 -1 -1 1 1 -1 -1 -1 
-1 -1 -1 -1 0 0 -1 -1 -1 -1 1 1 -1 -1 -1 
-1 -1 -1 -1 0 0 -1 -1 -1 -1 1 1 -1 -1 -1 
-1 -1 -1 -1 0 0 -1 -1 -1 -1 1 1 -1 -1 -1 
-1 -1 -1 -1 0 0 -1 -1 -1 -1 1 1 -1 -1 -1 
-1 -1 -1 -1 0 0 -1 -1 -1 -1 1 1 -1 -1 -1 
-1 -1 -1 -1 0 0 -1 -1 -1 -1 1 1 -1 -1 -1 
-1 -1 -1 -1 0 0 -1 -1 -1 -1 1 1 -1 -1 -1 
-1 -1 -1 -1 0 0 -1 -1 -1 -1 1 1 -1 -1 -1 
-1 -1 -1 -1 0 0 -1 -1 -1 -1 1 1 -1 -1 -1 
END
15 0
0 3
3 9
-1 -1 -1 0 0 0 0 -1 -1 1 1 1 1 -1 -1 
-1 -1 -1 -1 0 0 0 -1 -1 1 1 1 1 -1 -1 
-1 -1 -1 -1 0 0 0 -1 -1 1 1 1 1 -1 -1 
-1 -1 -1 -1 0 0 0 -1 -1 1 1 1 -1 -1 -1 
-1 -1 -1 -1 0 0 0 -1 -1 -1 1 1 -1 -1 -1 
-1 -1 -1 -1 0 0 0 -1 -1 -1 1 1 -1 -1 -1 
-1 -1 -1 -1 0 0 -1 -1 -1 -1 1 1 -1 -1 -1 
-1 -1 -1 -1 0 0 -1 -1 -1 -1 1 1 -1 -1 -1 
-1 -1 -1 -1 0 0 -1 -1 -1 -1 1 1 -1 -1 -1 
-1 -1 -1 -1 0 0 -1 -1 -1 -1 1 1 -1 -1 -1 
-1 -1 -1 -1 0 0 -1 -1 -1 -1 1 1 -1 -1 -1 
-1 -1 -1 -1 0 0 -1 -1 -1 -1 1 1 -1 -1 -1 
-1 -1 -1 -1 0 0 -1 -1 -1 -1 1 1 -1 -1 -1 
-1 -1 -1 -1 0 0 -1 -1 -1 -1 1 1 -1 -1 -1 
-1 -1 -1 -1 0 0 -1 -1 -1 -1 1 1 -1 -1 -1 
END
15 0
1 3
4 9
-1 -1 -1 0 0 0 0 -1 -1 1 1 1 1 -1 -1 
-1 -1 -1 0 0 0 0 -1 -1 1 1 1 1 -1 -1 
-1 -1 -1 -1 0 0 0 -1 -1 1 1 1 1 -1 -1 
-1 -1 -1 -1 0 0 0 -1 -1 1 1 1 -1 -1 -1 
-1 -1 -1 -1 0 0 0 -1 -1 1 1 1 -1 -1 -1 
-1 -1 -1 -1 0 0 0 -1 -1 -1 1 1 -1 -1 -1 
-1 -1 -1 -1 0 0 -1 -1 -1 -1 1 1 -1 -1 -1 
-1 -1 -1 -1 0 0 -1 -1 -1 -1 1 1 -1 -1 -1 
-1 -1 -1 -1 0 0 -1 -1 -1 -1 1 1 -1 -1 -1 
-1 -1 -1 -1 0 0 -1 -1 -1 -1 1 1 -1 -1 -1 
-1 -1 -1 -1 0 0 -1 -1 -1 -1 1 1 -1 -1 -1 
-1 -1 -1 -1 0 0 -1 -1 -1 -1 1 1 -1 -1 -1 
-1 -1 -1 -1 0 0 -1 -1 -1 -1 1 1 -1 -1 -1 
-1 -1 -1 -1 0 0 -1 -1 -1 -1 1 1 -1 -1 -1 
-1 -1 -1 -1 0 0 -1 -1 -1 -1 1 1 -1 -1 -1 
END
15 0
2 3
5 9
-1 -1 -1 0 0 0 0 -1 -1 1 1 1 1 -1 -1 
-1 -1 -1 0 0 0 0 -1 -1 1 1 1 1 -1 -1 
-1 -1 -1 0 0 0 0 -1 -1 1 1 1 1 -1 -1 
-1 -1 -1 -1 0 0 0 -1 -1 1 1 1 -1 -1 -1 
-1 -1 -1 -1 0 0 0 -1 -1 1 1 1 -1 -1 -1 
-1 -1 -1 -1 0 0 0 -1 -1 1 1 1 -1 -1 -1 
-1 -1 -1 -1 0 0 -1 -1 -1 -1 1 1 -1 -1 -1 
-1 -1 -1 -1 0 0 -1 -1 -1 -1 1 1 -1 -1 -1 
-1 -1 -1 -1 0 0 -1 -1 -1 -1 1 1 -1 -1 -1 
-1 -1 -1 -1 0 0 -1 -1 -1 -1 1 1 -1 -1 -1 
-1 -1 -1 -1 0 0 -1 -1 -1 -1 1 1 -1 -1 -1 
-1 -1 -1 -1 0 0 -1 -1 -1 -1 1 1 -1 -1 -1 
-1 -1 -1 -1 0 0 -1 -1 -1 -1 1 1 -1 -1 -1 
-1 -1 -1 -1 0 0 -1 -1 -1 -1 1 1 -1 -1 -1 
-1 -1 -1 -1 0 0 -1 -1 -1 -1 1 1 -1 -1 -1 
END
15 0
3 3
6 9
-1 -1 -1 0 0 0 0 -1 -1 1 1 1 1 -1 -1 
-1 -1 -1 0 0 0 0 -1 -1 1 1 1 1 -1 -1 
-1 -1 -1 0 0 0 0 -1 -1 1 1 1 1 -1 -1 
-1 -1 -1 0 0 0 0 -1 -1 1 1 1 -1 -1 -1 
-1 -1 -1 -1 0 0 0 -1 -1 1 1 1 -1 -1 -1 
-1 -1 -1 -1 0 0 0 -1 -1 1 1 1 -1 -1 -1 
-1 -1 -1 -1 0 0 -1 -1 -1 1 1 1 -1 -1 -1 
-1 -1 -1 -1 0 0 -1 -1 -1 -1 1 1 -1 -1 -1 
-1 -1 -1 -1 0 0 -1 -1 -1 -1 1 1 -1 -1 -1 
-1 -1 -1 -1 0 0 -1 -1 -1 -1 1 1 -1 -1 -1 
-1 -1 -1 -1 0 0 -1 -1 -1 -1 1 1 -1 -1 -1 
-1 -1 -1 -1 0 0 -1 -1 -1 -1 1 1 -1 -1 -1 
-1 -1 -1 -1 0 0 -1 -1 -1 -1 1 1 -1 -1 -1 
-1 -1 -1 -1 0 0 -1 -1 -1 -1 1 1 -1 -1 -1 
-1 -1 -1 -1 0 0 -1 -1 -1 -1 1 1 -1 -1 -1 
END
15 0
4 3
7 9
-1 -1 -1 0 0 0 0 -1 -1 1 1 1 1 -1 -1 
-1 -1 -1 0 0 0 0 -1 -1 1 1 1 1 -1 -1 
-1 -1 -1 0 0 0 0 -1 -1 1 1 1 1 -1 -1 
-1 -1 -1 0 0 0 0 -1 -1 1 1 1 -1 -1 -1 
-1 -1 -1 0 0 0 0 -1 -1 1 1 1 -1 -1 -1 
-1 -1 -1 -1 0 0 0 -1 -1 1 1 1 -1 -1 -1 
-1 -1 -1 -1 0 0 -1 -1 -1 1 1 1 -1 -1 -1 
-1 -1 -1 -1 0 0 -1 -1 -1 1 1 1 -1 -1 -1 
-1 -1 -1 -1 0 0 -1 -1 -1 -1 1 1 -1 -1 -1 
-1 -1 -1 -1 0 0 -1 -1 -1 -1 1 1 -1 -1 -1 
-1 -1 -1 -1 0 0 -1 -1 -1 -1 1 1 -1 -1 -1 
-1 -1 -1 -1 0 0 -1 -1 -1 -1 1 1 -1 -1 -1 
-1 -1 -1 -1 0 0 -1 -1 -1 -1 1 1 -1 -1 -1 
-1 -1 -1 -1 0 0 -1 -1 -1 -1 1 1 -1 -1 -1 
-1 -1 -1 -1 0 0 -1 -1 -1 -1 1 1 -1 -1 -1 
END
15 0
5 3
8 9
-1 -1 -1 0 0 0 0 -1 -1 1 1 1 1 -1 -1 
-1 -1 -1 0 0 0 0 -1 -1 1 1 1 1 -1 -1 
-1 -1 -1 0 0 0 0 -1 -1 1 1 1 1 -1 -1 
-1 -1 -1 0 0 0 0 -1 -1 1 1 1 -1 -1 -1 
-1 -1 -1 0 0 0 0 -1 -1 1 1 1 -1 -1 -1 
-1 -1 -1 0 0 0 0 -1 -1 1 1 1 -1 -1 -1 
-1 -1 -1 -1 0 0 -1 -1 -1 1 1 1 -1 -1 -1 
-1 -1 -1 -1 0 0 -1 -1 -1 1 1 1 -1 -1 -1 
-1 -1 -1 -1 0 0 -1 -1 -1 1 1 1 -1 -1 -1 
-1 -1 -1 -1 0 0 -1 -1 -1 -1 1 1 -1 -1 -1 
-1 -1 -1 -1 0 0 -1 -1 -1 -1 1 1 -1 -1 -1 
-1 -1 -1 -1 0 0 -1 -1 -1 -1 1 1 -1 -1 -1 
-1 -1 -1 -1 0 0 -1 -1 -1 -1 1 1 -1 -1 -1 
-1 -1 -1 -1 0 0 -1 -1 -1 -1 1 1 -1 -1 -1 
-1 -1 -1 -1 0 0 -1 -1 -1 -1 1 1 -1 -1 -1 
END
15 0
6 3
9 9
-1 -1 -1 0 0 0 0 -1 -1 1 1 1 1 -1 -1 
-1 -1 -1 0 0 0 0 -1 -1 1 1 1 1 -1 -1 
-1 -1 -1 0 0 0 0 -1 -1 1 1 1 1 -1 -1 
-1 -1 -1 0 0 0 0 -1 -1 1 1 1 -1 -1 -1 
-1 -1 -1 0 0 0 0 -1 -1 1 1 1 -1 -1 -1 
-1 -1 -1 0 0 0 0 -1 -1 1 1 1 -1 -1 -1 
-1 -1 -1 0 0 0 -1 -1 -1 1 1 1 -1 -1 -1 
-1 -1 -1 -1 0 0 -1 -1 -1 1 1 1 -1 -1 -1 
-1 -1 -1 -1 0 0 -1 -1 -1 1 1 1 -1 -1 -1 
-1 -1 -1 -1 0 0 -1 -1 -1 1 1 1 -1 -1 -1 
-1 -1 -1 -1 0 0 -1 -1 -1 -1 1 1 -1 -1 -1 
-1 -1 -1 -1 0 0 -1 -1 -1 -1 1 1 -1 -1 -1 
-1 -1 -1 -1 0 0 -1 -1 -1 -1 1 1 -1 -1 -1 
-1 -1 -1 -1 0 0 -1 -1 -1 -1 1 1 -1 -1 -1 
-1 -1 -1 -1 0 0 -1 -1 -1 -1 1 1 -1 -1 -1 
END
15 0
7 3
10 9
-1 -1 -1 0 0 0 0 -1 -1 1 1 1 1 -1 -1 
-1 -1 -1 0 0 0 0 -1 -1 1 1 1 1 -1 -1 
-1 -1 -1 0 0 0 0 -1 -1 1 1 1 1 -1 -1 
-1 -1 -1 0 0 0 0 -1 -1 1 1 1 -1 -1 -1 
-1 -1 -1 0 0 0 0 -1 -1 1 1 1 -1 -1 -1 
-1 -1 -1 0 0 0 0 -1 -1 1 1 1 -1 -1 -1 
-1 -1 -1 0 0 0 -1 -1 -1 1 1 1 -1 -1 -1 
-1 -1 -1 0 0 0 -1 -1 -1 1 1 1 -1 -1 -1 
-1 -1 -1 -1 0 0 -1 -1 -1 1 1 1 -1 -1 -1 
-1 -1 -1 -1 0 0 -1 -1 -1 1 1 1 -1 -1 -1 
-1 -1 -1 -1 0 0 -1 -1 -1 1 1 1 -1 -1 -1 
-1 -1 -1 -1 0 0 -1 -1 -1 -1 1 1 -1 -1 -1 
-1 -1 -1 -1 0 0 -1 -1 -1 -1 1 1 -1 -1 -1 
-1 -1 -1 -1 0 0 -1 -1 -1 -1 1 1 -1 -1 -1 
-1 -1 -1 -1 0 0 -1 -1 -1 -1 1 1 -1 -1 -1 
END
15 0
8 3
11 9
-1 -1 -1 0 0 0 0 -1 -1 1 1 1 1 -1 -1 
-1 -1 -1 0 0 0 0 -1 -1 1 1 1 1 -1 -1 
-1 -1 -1 0 0 0 0 -1 -1 1 1 1 1 -1 -1 
-1 -1 -1 0 0 0 0 -1 -1 1 1 1 -1 -1 -1 
-1 -1 -1 0 0 0 0 -1 -1 1 1 1 -1 -1 -1 
-1 -1 -1 0 0 0 0 -1 -1 1 1 1 -1 -1 -1 
-1 -1 -1 0 0 0 -1 -1 -1 1 1 1 -1 -1 -1 
-1 -1 -1 0 0 0 -1 -1 -1 1 1 1 -1 -1 -1 
-1 -1 -1 0 0 0 -1 -1 -1 1 1 1 -1 -1 -1 
-1 -1 -1 -1 0 0 -1 -1 -1 1 1 1 -1 -1 -1 
-1 -1 -1 -1 0 0 -1 -1 -1 1 1 1 -1 -1 -1 
-1 -1 -1 -1 0 0 -1 -1 -1 1 1 1 -1 -1 -1 
-1 -1 -1 -1 0 0 -1 -1 -1 -1 1 1 -1 -1 -1 
-1 -1 -1 -1 0 0 -1 -1 -1 -1 1 1 -1 -1 -1 
-1 -1 -1 -1 0 0 -1 -1 -1 -1 1 1 -1 -1 -1 
END
15 0
9 3
12 9
-1 -1 -1 0 0 0 0 -1 -1 1 1 1 1 -1 -1 
-1 -1 -1 0 0 0 0 -1 -1 1 1 1 1 -1 -1 
-1 -1 -1 0 0 0 0 -1 -1 1 1 1 1 -1 -1 
-1 -1 -1 0 0 0 0 -1 -1 1 1 1 -1 -1 -1 
-1 -1 -1 0 0 0 0 -1 -1 1 1 1 -1 -1 -1 
-1 -1 -1 0 0 0 0 -1 -1 1 1 1 -1 -1 -1 
-1 -1 -1 0 0 0 -1 -1 -1 1 1 1 -1 -1 -1 
-1 -1 -1 0 0 0 -1 -1 -1 1 1 1 -1 -1 -1 
-1 -1 -1 0 0 0 -1 -1 -1 1 1 1 -1 -1 -1 
-1 -1 -1 0 0 0 -1 -1 -1 1 1 1 -1 -1 -1 
-1 -1 -1 -1 0 0 -1 -1 -1 1 1 1 -1 -1 -1 
-1 -1 -1 -1 0 0 -1 -1 -1 1 1 1 -1 -1 -1 
-1 -1 -1 -1 0 0 -1 -1 -1 1 1 1 -1 -1 -1 
-1 -1 -1 -1 0 0 -1 -1 -1 -1 1 1 -1 -1 -1 
-1 -1 -1 -1 0 0 -1 -1 -1 -1 1 1 -1 -1 -1 
END
15 0
10 3
13 9
-1 -1 -1 0 0 0 0 -1 -1 1 1 1 1 -1 -1 
-1 -1 -1 0 0 0 0 -1 -1 1 1 1 1 -1 -1 
-1 -1 -1 0 0 0 0 -1 -1 1 1 1 1 -1 -1 
-1 -1 -1 0 0 0 0 -1 -1 1 1 1 -1 -1 -1 
-1 -1 -1 0 0 0 0 -1 -1 1 1 1 -1 -1 -1 
-1 -1 -1 0 0 0 0 -1 -1 1 1 1 -1 -1 -1 
-1 -1 -1 0 0 0 -1 -1 -1 1 1 1 -1 -1 -1 
-1 -1 -1 0 0 0 -1 -1 -1 1 1 1 -1 -1 -1 
-1 -1 -1 0 0 0 -1 -1 -1 1 1 1 -1 -1 -1 
-1 -1 -1 0 0 0 -1 -1 -1 1 1 1 -1 -1 -1 
-1 -1 -1 0 0 0 -1 -1 -1 1 1 1 -1 -1 -1 
-1 -1 -1 -1 0 0 -1 -1 -1 1 1 1 -1 -1 -1 
-1 -1 -1 -1 0 0 -1 -1 -1 1 1 1 -1 -1 -1 
-1 -1 -1 -1 0 0 -1 -1 -1 1 1 1 -1 -1 -1 
-1 -1 -1 -1 0 0 -1 -1 -1 -1 1 1 -1 -1 -1 
END
15 0
11 3
14 9
-1 -1 -1 0 0 0 0 -1 -1 1 1 1 1 -1 -1 
-1 -1 -1 0 0 0 0 -1 -1 1 1 1 1 -1 -1 
-1 -1 -1 0 0 0 0 -1 -1 1 1 1 1 -1 -1 
-1 -1 -1 0 0 0 0 -1 -1 1 1 1 -1 -1 -1 
-1 -1 -1 0 0 0 0 -1 -1 1 1 1 -1 -1 -1 
-1 -1 -1 0 0 0 0 -1 -1 1 1 1 -1 -1 -1 
-1 -1 -1 0 0 0 -1 -1 -1 1 1 1 -1 -1 -1 
-1 -1 -1 0 0 0 -1 -1 -1 1 1 1 -1 -1 -1 
-1 -1 -1 0 0 0 -1 -1 -1 1 1 1 -1 -1 -1 
-1 -1 -1 0 0 0 -1 -1 -1 1 1 1 -1 -1 -1 
-1 -1 -1 0 0 0 -1 -1 -1 1 1 1 -1 -1 -1 
-1 -1 -1 0 0 0 -1 -1 -1 1 1 1 -1 -1 -1 
-1 -1 -1 -1 0 0 -1 -1 -1 1 1 1 -1 -1 -1 
-1 -1 -1 -1 0 0 -1 -1 -1 1 1 1 -1 -1 -1 
-1 -1 -1 -1 0 0 -1 -1 -1 1 1 1 -1 -1 -1 
END
15 0
12 3
14 8
-1 -1 -1 0 0 0 0 -1 -1 1 1 1 1 -1 -1 
-1 -1 -1 0 0 0 0 -1 -1 1 1 1 1 -1 -1 
-1 -1 -1 0 0 0 0 -1 -1 1 1 1 1 -1 -1 
-1 -1 -1 0 0 0 0 -1 -1 1 1 1 -1 -1 -1 
-1 -1 -1 0 0 0 0 -1 -1 1 1 1 -1 -1 -1 
-1 -1 -1 0 0 0 0 -1 -1 1 1 1 -1 -1 -1 
-1 -1 -1 0 0 0 -1 -1 -1 1 1 1 -1 -1 -1 
-1 -1 -1 0 0 0 -1 -1 -1 1 1 1 -1 -1 -1 
-1 -1 -1 0 0 0 -1 -1 -1 1 1 1 -1 -1 -1 
-1 -1 -1 0 0 0 -1 -1 -1 1 1 1 -1 -1 -1 
-1 -1 -1 0 0 0 -1 -1 -1 1 1 1 -1 -1 -1 
-1 -1 -1 0 0 0 -1 -1 -1 1 1 1 -1 -1 -1 
-1 -1 -1 0 0 0 -1 -1 -1 1 1 1 -1 -1 -1 
-1 -1 -1 -1 0 0 -1 -1 -1 1 1 1 -1 -1 -1 
-1 -1 -1 -1 0 0 -1 -1 1 1 1 1 -1 -1 -1 
END
15 0
13 3
13 8
-1 -1 -1 0 0 0 0 -1 -1 1 1 1 1 -1 -1 
-1 -1 -1 0 0 0 0 -1 -1 1 1 1 1 -1 -1 
-1 -1 -1 0 0 0 0 -1 -1 1 1 1 1 -1 -1 
-1 -1 -1 0 0 0 0 -1 -1 1 1 1 -1 -1 -1 
-1 -1 -1 0 0 0 0 -1 -1 1 1 1 -1 -1 -1 
-1 -1 -1 0 0 0 0 -1 -1 1 1 1 -1 -1 -1 
-1 -1 -1 0 0 0 -1 -1 -1 1 1 1 -1 -1 -1 
-1 -1 -1 0 0 0 -1 -1 -1 1 1 1 -1 -1 -1 
-1 -1 -1 0 0 0 -1 -1 -1 1 1 1 -1 -1 -1 
-1 -1 -1 0 0 0 -1 -1 -1 1 1 1 -1 -1 -1 
-1 -1 -1 0 0 0 -1 -1 -1 1 1 1 -1 -1 -1 
-1 -1 -1 0 0 0 -1 -1 -1 1 1 1 -1 -1 -1 
-1 -1 -1 0 0 0 -1 -1 -1 1 1 1 -1 -1 -1 
-1 -1 -1 0 0 0 -1 -1 1 1 1 1 -1 -1 -1 
-1 -1 -1 -1 0 0 -1 -1 1 1 1 1 -1 -1 -1 
END
15 0
14 3
12 8
-1 -1 -1 0 0 0 0 -1 -1 1 1 1 1 -1 -1 
-1 -1 -1 0 0 0 0 -1 -1 1 1 1 1 -1 -1 
-1 -1 -1 0 0 0 0 -1 -1 1 1 1 1 -1 -1 
-1 -1 -1 0 0 0 0 -1 -1 1 1 1 -1 -1 -1 
-1 -1 -1 0 0 0 0 -1 -1 1 1 1 -1 -1 -1 
-1 -1 -1 0 0 0 0 -1 -1 1 1 1 -1 -1 -1 
-1 -1 -1 0 0 0 -1 -1 -1 1 1 1 -1 -1 -1 
-1 -1 -1 0 0 0 -1 -1 -1 1 1 1 -1 -1 -1 
-1 -1 -1 0 0 0 -1 -1 -1 1 1 1 -1 -1 -1 
-1 -1 -1 0 0 0 -1 -1 -1 1 1 1 -1 -1 -1 
-1 -1 -1 0 0 0 -1 -1 -1 1 1 1 -1 -1 -1 
-1 -1 -1 0 0 0 -1 -1 -1 1 1 1 -1 -1 -1 
-1 -1 -1 0 0 0 -1 -1 1 1 1 1 -1 -1 -1 
-1 -1 -1 0 0 0 -1 -1 1 1 1 1 -1 -1 -1 
-1 -1 -1 0 0 0 -1 -1 1 1 1 1 -1 -1 -1 
END
15 0
14 2
11 8
-1 -1 -1 0 0 0 0 -1 -1 1 1 1 1 -1 -1 
-1 -1 -1 0 0 0 0 -1 -1 1 1 1 1 -1 -1 
-1 -1 -1 0 0 0 0 -1 -1 1 1 1 1 -1 -1 
-1 -1 -1 0 0 0 0 -1 -1 1 1 1 -1 -1 -1 
-1 -1 -1 0 0 0 0 -1 -1 1 1 1 -1 -1 -1 
-1 -1 -1 0 0 0 0 -1 -1 1 1 1 -1 -1 -1 
-1 -1 -1 0 0 0 -1 -1 -1 1 1 1 -1 -1 -1 
-1 -1 -1 0 0 0 -1 -1 -1 1 1 1 -1 -1 -1 
-1 -1 -1 0 0 0 -1 -1 -1 1 1 1 -1 -1 -1 
-1 -1 -1 0 0 0 -1 -1 -1 1 1 1 -1 -1 -1 
-1 -1 -1 0 0 0 -1 -1 -1 1 1 1 -1 -1 -1 
-1 -1 -1 0 0 0 -1 -1 1 1 1 1 -1 -1 -1 
-1 -1 -1 0 0 0 -1 -1 1 1 1 1 -1 -1 -1 
-1 -1 -1 0 0 0 -1 -1 1 1 1 1 -1 -1 -1 
-1 -1 0 0 0 0 -1 -1 1 1 1 1 -1 -1 -1 
END
15 0
13 2
10 8
-1 -1 -1 0 0 0 0 -1 -1 1 1 1 1 -1 -1 
-1 -1 -1 0 0 0 0 -1 -1 1 1 1 1 -1 -1 
-1 -1 -1 0 0 0 0 -1 -1 1 1 1 1 -1 -1 
-1 -1 -1 0 0 0 0 -1 -1 1 1 1 -1 -1 -1 
-1 -1 -1 0 0 0 0 -1 -1 1 1 1 -1 -1 -1 
-1 -1 -1 0 0 0 0 -1 -1 1 1 1 -1 -1 -1 
-1 -1 -1 0 0 0 -1 -1 -1 1 1 1 -1 -1 -1 
-1 -1 -1 0 0 0 -1 -1 -1 1 1 1 -1 -1 -1 
-1 -1 -1 0 0 0 -1 -1 -1 1 1 1 -1 -1 -1 
-1 -1 -1 0 0 0 -1 -1 -1 1 1 1 -1 -1 -1 
-1 -1 -1 0 0 0 -1 -1 1 1 1 1 -1 -1 -1 
-1 -1 -1 0 0 0 -1 -1 1 1 1 1 -1 -1 -1 
-1 -1 -1 0 0 0 -1 -1 1 1 1 1 -1 -1 -1 
-1 -1 0 0 0 0 -1 -1 1 1 1 1 -1 -1 -1 
-1 -1 0 0 0 0 -1 -1 1 1 1 1 -1 -1 -1 
END
15 0
12 2
9 8
-1 -1 -1 0 0 0 0 -1 -1 1 1 1 1 -1 -1 
-1 -1 -1 0 0 0 0 -1 -1 1 1 1 1 -1 -1 
-1 -1 -1 0 0 0 0 -1 -1 1 1 1 1 -1 -1 
-1 -1 -1 0 0 0 0 -1 -1 1 1 1 -1 -1 -1 
-1 -1 -1 0 0 0 0 -1 -1 1 1 1 -1 -1 -1 
-1 -1 -1 0 0 0 0 -1 -1 1 1 1 -1 -1 -1 
-1 -1 -1 0 0 0 -1 -1 -1 1 1 1 -1 -1 -1 
-1 -1 -1 0 0 0 -1 -1 -1 1 1 1 -1 -1 -1 
-1 -1 -1 0 0 0 -1 -1 -1 1 1 1 -1 -1 -1 
-1 -1 -1 0 0 0 -1 -1 1 1 1 1 -1 -1 -1 
-1 -1 -1 0 0 0 -1 -1 1 1 1 1 -1 -1 -1 
-1 -1 -1 0 0 0 -1 -1 1 1 1 1 -1 -1 -1 
-1 -1 0 0 0 0 -1 -1 1 1 1 1 -1 -1 -1 
-1 -1 0 0 0 0 -1 -1 1 1 1 1 -1 -1 -1 
-1 -1 0 0 0 0 -1 -1 1 1 1 1 -1 -1 -1 
END
15 0
11 2
8 8
-1 -1 -1 0 0 0 0 -1 -1 1 1 1 1 -1 -1 
-1 -1 -1 0 0 0 0 -1 -1 1 1 1 1 -1 -1 
-1 -1 -1 0 0 0 0 -1 -1 1 1 1 1 -1 -1 
-1 -1 -1 0 0 0 0 -1 -1 1 1 1 -1 -1 -1 
-1 -1 -1 0 0 0 0 -1 -1 1 1 1 -1 -1 -1 
-1 -1 -1 0 0 0 0 -1 -1 1 1 1 -1 -1 -1 
-1 -1 -1 0 0 0 -1 -1 -1 1 1 1 -1 -1 -1 
-1 -1 -1 0 0 0 -1 -1 -1 1 1 1 -1 -1 -1 
-1 -1 -1 0 0 0 -1 -1 1 1 1 1 -1 -1 -1 
-1 -1 -1 0 0 0 -1 -1 1 1 1 1 -1 -1 -1 
-1 -1 -1 0 0 0 -1 -1 1 1 1 1 -1 -1 -1 
-1 -1 0 0 0 0 -1 -1 1 1 1 1 -1 -1 -1 
-1 -1 0 0 0 0 -1 -1 1 1 1 1 -1 -1 -1 
-1 -1 0 0 0 0 -1 -1 1 1 1 1 -1 -1 -1 
-1 -1 0 0 0 0 -1 -1 1 1 1 1 -1 -1 -1 
END
15 0
10 2
7 8
-1 -1 -1 0 0 0 0 -1 -1 1 1 1 1 -1 -1 
-1 -1 -1 0 0 0 0 -1 -1 1 1 1 1 -1 -1 
-1 -1 -1 0 0 0 0 -1 -1 1 1 1 1 -1 -1 
-1 -1 -1 0 0 0 0 -1 -1 1 1 1 -1 -1 -1 
-1 -1 -1 0 0 0 0 -1 -1 1 1 1 -1 -1 -1 
-1 -1 -1 0 0 0 0 -1 -1 1 1 1 -1 -1 -1 
-1 -1 -1 0 0 0 -1 -1 -1 1 1 1 -1 -1 -1 
-1 -1 -1 0 0 0 -1 -1 1 1 1 1 -1 -1 -1 
-1 -1 -1 0 0 0 -1 -1 1 1 1 1 -1 -1 -1 
-1 -1 -1 0 0 0 -1 -1 1 1 1 1 -1 -1 -1 
-1 -1 0 0 0 0 -1 -1 1 1 1 1 -1 -1 -1 
-1 -1 0 0 0 0 -1 -1 1 1 1 1 -1 -1 -1 
-1 -1 0 0 0 0 -1 -1 1 1 1 1 -1 -1 -1 
-1 -1 0 0 0 0 -1 -1 1 1 1 1 -1 -1 -1 
-1 -1 0 0 0 0 -1 -1 1 1 1 1 -1 -1 -1 
END
15 0
9 2
6 8
-1 -1 -1 0 0 0 0 -1 -1 1 1 1 1 -1 -1 
-1 -1 -1 0 0 0 0 -1 -1 1 1 1 1 -1 -1 
-1 -1 -1 0 0 0 0 -1 -1 1 1 1 1 -1 -1 
-1 -1 -1 0 0 0 0 -1 -1 1 1 1 -1 -1 -1 
-1 -1 -1 0 0 0 0 -1 -1 1 1 1 -1 -1 -1 
-1 -1 -1 0 0 0 0 -1 -1 1 1 1 -1 -1 -1 
-1 -1 -1 0 0 0 -1 -1 1 1 1 1 -1 -1 -1 
-1 -1 -1 0 0 0 -1 -1 1 1 1 1 -1 -1 -1 
-1 -1 -1 0 0 0 -1 -1 1 1 1 1 -1 -1 -1 
-1 -1 0 0 0 0 -1 -1 1 1 1 1 -1 -1 -1 
-1 -1 0 0 0 0 -1 -1 1 1 1 1 -1 -1 -1 
-1 -1 0 0 0 0 -1 -1 1 1 1 1 -1 -1 -1 
-1 -1 0 0 0 0 -1 -1 1 1 1 1 -1 -1 -1 
-1 -1 0 0 0 0 -1 -1 1 1 1 1 -1 -1 -1 
-1 -1 0 0 0 0 -1 -1 1 1 1 1 -1 -1 -1 
END
15 0
8 2
5 8
-1 -1 -1 0 0 0 0 -1 -1 1 1 1 1 -1 -1 
-1 -1 -1 0 0 0 0 -1 -1 1 1 1 1 -1 -1 
-1 -1 -1 0 0 0 0 -1 -1 1 1 1 1 -1 -1 
-1 -1 -1 0 0 0 0 -1 -1 1 1 1 -1 -1 -1 
-1 -1 -1 0 0 0 0 -1 -1 1 1 1 -1 -1 -1 
-1 -1 -1 0 0 0 0 -1 1 1 1 1 -1 -1 -1 
-1 -1 -1 0 0 0 -1 -1 1 1 1 1 -1 -1 -1 
-1 -1 -1 0 0 0 -1 -1 1 1 1 1 -1 -1 -1 
-1 -1 0 0 0 0 -1 -1 1 1 1 1 -1 -1 -1 
-1 -1 0 0 0 0 -1 -1 1 1 1 1 -1 -1 -1 
-1 -1 0 0 0 0 -1 -1 1 1 1 1 -1 -1 -1 
-1 -1 0 0 0 0 -1 -1 1 1 1 1 -1 -1 -1 
-1 -1 0 0 0 0 -1 -1 1 1 1 1 -1 -1 -1 
-1 -1 0 0 0 0 -1 -1 1 1 1 1 -1 -1 -1 
-1 -1 0 0 0 0 -1 -1 1 1 1 1 -1 -1 -1 
END
15 0
7 2
4 8
-1 -1 -1 0 0 0 0 -1 -1 1 1 1 1 -1 -1 
-1 -1 -1 0 0 0 0 -1 -1 1 1 1 1 -1 -1 
-1 -1 -1 0 0 0 0 -1 -1 1 1 1 1 -1 -1 
-1 -1 -1 0 0 0 0 -1 -1 1 1 1 -1 -1 -1 
-1 -1 -1 0 0 0 0 -1 1 1 1 1 -1 -1 -1 
-1 -1 -1 0 0 0 0 -1 1 1 1 1 -1 -1 -1 
-1 -1 -1 0 0 0 -1 -1 1 1 1 1 -1 -1 -1 
-1 -1 0 0 0 0 -1 -1 1 1 1 1 -1 -1 -1 
-1 -1 0 0 0 0 -1 -1 1 1 1 1 -1 -1 -1 
-1 -1 0 0 0 0 -1 -1 1 1 1 1 -1 -1 -1 
-1 -1 0 0 0 0 -1 -1 1 1 1 1 -1 -1 -1 
-1 -1 0 0 0 0 -1 -1 1 1 1 1 -1 -1 -1 
-1 -1 0 0 0 0 -1 -1 1 1 1 1 -1 -1 -1 
-1 -1 0 0 0 0 -1 -1 1 1 1 1 -1 -1 -1 
-1 -1 0 0 0 0 -1 -1 1 1 1 1 -1 -1 -1 
END
15 0
6 2
3 8
-1 -1 -1 0 0 0 0 -1 -1 1 1 1 1 -1 -1 
-1 -1 -1 0 0 0 0 -1 -1 1 1 1 1 -1 -1 
-1 -1 -1 0 0 0 0 -1 -1 1 1 1 1 -1 -1 
-1 -1 -1 0 0 0 0 -1 1 1 1 1 -1 -1 -1 
-1 -1 -1 0 0 0 0 -1 1 1 1 1 -1 -1 -1 
-1 -1 -1 0 0 0 0 -1 1 1 1 1 -1 -1 -1 
-1 -1 0 0 0 0 -1 -1 1 1 1 1 -1 -1 -1 
-1 -1 0 0 0 0 -1 -1 1 1 1 1 -1 -1 -1 
-1 -1 0 0 0 0 -1 -1 1 1 1 1 -1 -1 -1 
-1 -1 0 0 0 0 -1 -1 1 1 1 1 -1 -1 -1 
-1 -1 0 0 0 0 -1 -1 1 1 1 1 -1 -1 -1 
-1 -1 0 0 0 0 -1 -1 1 1 1 1 -1 -1 -1 
-1 -1 0 0 0 0 -1 -1 1 1 1 1 -1 -1 -1 
-1 -1 0 0 0 0 -1 -1 1 1 1 1 -1 -1 -1 
-1 -1 0 0 0 0 -1 -1 1 1 1 1 -1 -1 -1 
END
15 0
5 2
2 8
-1 -1 -1 0 0 0 0 -1 -1 1 1 1 1 -1 -1 
-1 -1 -1 0 0 0 0 -1 -1 1 1 1 1 -1 -1 
-1 -1 -1 0 0 0 0 -1 1 1 1 1 1 -1 -1 
-1 -1 -1 0 0 0 0 -1 1 1 1 1 -1 -1 -1 
-1 -1 -1 0 0 0 0 -1 1 1 1 1 -1 -1 -1 
-1 -1 0 0 0 0 0 -1 1 1 1 1 -1 -1 -1 
-1 -1 0 0 0 0 -1 -1 1 1 1 1 -1 -1 -1 
-1 -1 0 0 0 0 -1 -1 1 1 1 1 -1 -1 -1 
-1 -1 0 0 0 0 -1 -1 1 1 1 1 -1 -1 -1 
-1 -1 0 0 0 0 -1 -1 1 1 1 1 -1 -1 -1 
-1 -1 0 0 0 0 -1 -1 1 1 1 1 -1 -1 -1 
-1 -1 0 0 0 0 -1 -1 1 1 1 1 -1 -1 -1 
-1 -1 0 0 0 0 -1 -1 1 1 1 1 -1 -1 -1 
-1 -1 0 0 0 0 -1 -1 1 1 1 1 -1 -1 -1 
-1 -1 0 0 0 0 -1 -1 1 1 1 1 -1 -1 -1 
END
15 0
4 2
1 8
-1 -1 -1 0 0 0 0 -1 -1 1 1 1 1 -1 -1 
-1 -1 -1 0 0 0 0 -1 1 1 1 1 1 -1 -1 
-1 -1 -1 0 0 0 0 -1 1 1 1 1 1 -1 -1 
-1 -1 -1 0 0 0 0 -1 1 1 1 1 -1 -1 -1 
-1 -1 0 0 0 0 0 -1 1 1 1 1 -1 -1 -1 
-1 -1 0 0 0 0 0 -1 1 1 1 1 -1 -1 -1 
-1 -1 0 0 0 0 -1 -1 1 1 1 1 -1 -1 -1 
-1 -1 0 0 0 0 -1 -1 1 1 1 1 -1 -1 -1 
-1 -1 0 0 0 0 -1 -1 1 1 1 1 -1 -1 -1 
-1 -1 0 0 0 0 -1 -1 1 1 1 1 -1 -1 -1 
-1 -1 0 0 0 0 -1 -1 1 1 1 1 -1 -1 -1 
-1 -1 0 0 0 0 -1 -1 1 1 1 1 -1 -1 -1 
-1 -1 0 0 0 0 -1 -1 1 1 1 1 -1 -1 -1 
-1 -1 0 0 0 0 -1 -1 1 1 1 1 -1 -1 -1 
-1 -1 0 0 0 0 -1 -1 1 1 1 1 -1 -1 -1 
END
15 0
3 2
0 8
-1 -1 -1 0 0 0 0 -1 1 1 1 1 1 -1 -1 
-1 -1 -1 0 0 0 0 -1 1 1 1 1 1 -1 -1 
-1 -1 -1 0 0 0 0 -1 1 1 1 1 1 -1 -1 
-1 -1 0 0 0 0 0 -1 1 1 1 1 -1 -1 -1 
-1 -1 0 0 0 0 0 -1 1 1 1 1 -1 -1 -1 
-1 -1 0 0 0 0 0 -1 1 1 1 1 -1 -1 -1 
-1 -1 0 0 0 0 -1 -1 1 1 1 1 -1 -1 -1 
-1 -1 0 0 0 0 -1 -1 1 1 1 1 -1 -1 -1 
-1 -1 0 0 0 0 -1 -1 1 1 1 1 -1 -1 -1 
-1 -1 0 0 0 0 -1 -1 1 1 1 1 -1 -1 -1 
-1 -1 0 0 0 0 -1 -1 1 1 1 1 -1 -1 -1 
-1 -1 0 0 0 0 -1 -1 1 1 1 1 -1 -1 -1 
-1 -1 0 0 0 0 -1 -1 1 1 1 1 -1 -1 -1 
-1 -1 0 0 0 0 -1 -1 1 1 1 1 -1 -1 -1 
-1 -1 0 0 0 0 -1 -1 1 1 1 1 -1 -1 -1 
END
15 0
2 2
0 7
-1 -1 -1 0 0 0 0 1 1 1 1 1 1 -1 -1 
-1 -1 -1 0 0 0 0 -1 1 1 1 1 1 -1 -1 
-1 -1 0 0 0 0 0 -1 1 1 1 1 1 -1 -1 
-1 -1 0 0 0 0 0 -1 1 1 1 1 -1 -1 -1 
-1 -1 0 0 0 0 0 -1 1 1 1 1 -1 -1 -1 
-1 -1 0 0 0 0 0 -1 1 1 1 1 -1 -1 -1 
-1 -1 0 0 0 0 -1 -1 1 1 1 1 -1 -1 -1 
-1 -1 0 0 0 0 -1 -1 1 1 1 1 -1 -1 -1 
-1 -1 0 0 0 0 -1 -1 1 1 1 1 -1 -1 -1 
-1 -1 0 0 0 0 -1 -1 1 1 1 1 -1 -1 -1 
-1 -1 0 0 0 0 -1 -1 1 1 1 1 -1 -1 -1 
-1 -1 0 0 0 0 -1 -1 1 1 1 1 -1 -1 -1 
-1 -1 0 0 0 0 -1 -1 1 1 1 1 -1 -1 -1 
-1 -1 0 0 0 0 -1 -1 1 1 1 1 -1 -1 -1 
-1 -1 0 0 0 0 -1 -1 1 1 1 1 -1 -1 -1 
END
15 0
1 2
1 7
-1 -1 -1 0 0 0 0 1 1 1 1 1 1 -1 -1 
-1 -1 0 0 0 0 0 1 1 1 1 1 1 -1 -1 
-1 -1 0 0 0 0 0 -1 1 1 1 1 1 -1 -1 
-1 -1 0 0 0 0 0 -1 1 1 1 1 -1 -1 -1 
-1 -1 0 0 0 0 0 -1 1 1 1 1 -1 -1 -1 
-1 -1 0 0 0 0 0 -1 1 1 1 1 -1 -1 -1 
-1 -1 0 0 0 0 -1 -1 1 1 1 1 -1 -1 -1 
-1 -1 0 0 0 0 -1 -1 1 1 1 1 -1 -1 -1 
-1 -1 0 0 0 0 -1 -1 1 1 1 1 -1 -1 -1 
-1 -1 0 0 0 0 -1 -1 1 1 1 1 -1 -1 -1 
-1 -1 0 0 0 0 -1 -1 1 1 1 1 -1 -1 -1 
-1 -1 0 0 0 0 -1 -1 1 1 1 1 -1 -1 -1 
-1 -1 0 0 0 0 -1 -1 1 1 1 1 -1 -1 -1 
-1 -1 0 0 0 0 -1 -1 1 1 1 1 -1 -1 -1 
-1 -1 0 0 0 0 -1 -1 1 1 1 1 -1 -1 -1 
END
15 0
0 2
2 7
-1 -1 0 0 0 0 0 1 1 1 1 1 1 -1 -1 
-1 -1 0 0 0 0 0 1 1 1 1 1 1 -1 -1 
-1 -1 0 0 0 0 0 1 1 1 1 1 1 -1 -1 
-1 -1 0 0 0 0 0 -1 1 1 1 1 -1 -1 -1 
-1 -1 0 0 0 0 0 -1 1 1 1 1 -1 -1 -1 
-1 -1 0 0 0 0 0 -1 1 1 1 1 -1 -1 -1 
-1 -1 0 0 0 0 -1 -1 1 1 1 1 -1 -1 -1 
-1 -1 0 0 0 0 -1 -1 1 1 1 1 -1 -1 -1 
-1 -1 0 0 0 0 -1 -1 1 1 1 1 -1 -1 -1 
-1 -1 0 0 0 0 -1 -1 1 1 1 1 -1 -1 -1 
-1 -1 0 0 0 0 -1 -1 1 1 1 1 -1 -1 -1 
-1 -1 0 0 0 0 -1 -1 1 1 1 1 -1 -1 -1 
-1 -1 0 0 0 0 -1 -1 1 1 1 1 -1 -1 -1 
-1 -1 0 0 0 0 -1 -1 1 1 1 1 -1 -1 -1 
-1 -1 0 0 0 0 -1 -1 1 1 1 1 -1 -1 -1 
END
15 0
0 1
3 7
-1 0 0 0 0 0 0 1 1 1 1 1 1 -1 -1 
-1 -1 0 0 0 0 0 1 1 1 1 1 1 -1 -1 
-1 -1 0 0 0 0 0 1 1 1 1 1 1 -1 -1 
-1 -1 0 0 0 0 0 1 1 1 1 1 -1 -1 -1 
-1 -1 0 0 0 0 0 -1 1 1 1 1 -1 -1 -1 
-1 -1 0 0 0 0 0 -1 1 1 1 1 -1 -1 -1 
-1 -1 0 0 0 0 -1 -1 1 1 1 1 -1 -1 -1 
-1 -1 0 0 0 0 -1 -1 1 1 1 1 -1 -1 -1 
-1 -1 0 0 0 0 -1 -1 1 1 1 1 -1 -1 -1 
-1 -1 0 0 0 0 -1 -1 1 1 1 1 -1 -1 -1 
-1 -1 0 0 0 0 -1 -1 1 1 1 1 -1 -1 -1 
-1 -1 0 0 0 0 -1 -1 1 1 1 1 -1 -1 -1 
-1 -1 0 0 0 0 -1 -1 1 1 1 1 -1 -1 -1 
-1 -1 0 0 0 0 -1 -1 1 1 1 1 -1 -1 -1 
-1 -1 0 0 0 0 -1 -1 1 1 1 1 -1 -1 -1 
END
15 0
1 1
4 7
-1 0 0 0 0 0 0 1 1 1 1 1 1 -1 -1 
-1 0 0 0 0 0 0 1 1 1 1 1 1 -1 -1 
-1 -1 0 0 0 0 0 1 1 1 1 1 1 -1 -1 
-1 -1 0 0 0 0 0 1 1 1 1 1 -1 -1 -1 
-1 -1 0 0 0 0 0 1 1 1 1 1 -1 -1 -1 
-1 -1 0 0 0 0 0 -1 1 1 1 1 -1 -1 -1 
-1 -1 0 0 0 0 -1 -1 1 1 1 1 -1 -1 -1 
-1 -1 0 0 0 0 -1 -1 1 1 1 1 -1 -1 -1 
-1 -1 0 0 0 0 -1 -1 1 1 1 1 -1 -1 -1 
-1 -1 0 0 0 0 -1 -1 1 1 1 1 -1 -1 -1 
-1 -1 0 0 0 0 -1 -1 1 1 1 1 -1 -1 -1 
-1 -1 0 0 0 0 -1 -1 1 1 1 1 -1 -1 -1 
-1 -1 0 0 0 0 -1 -1 1 1 1 1 -1 -1 -1 
-1 -1 0 0 0 0 -1 -1 1 1 1 1 -1 -1 -1 
-1 -1 0 0 0 0 -1 -1 1 1 1 1 -1 -1 -1 
END
15 0
2 1
5 7
-1 0 0 0 0 0 0 1 1 1 1 1 1 -1 -1 
-1 0 0 0 0 0 0 1 1 1 1 1 1 -1 -1 
-1 0 0 0 0 0 0 1 1 1 1 1 1 -1 -1 
-1 -1 0 0 0 0 0 1 1 1 1 1 -1 -1 -1 
-1 -1 0 0 0 0 0 1 1 1 1 1 -1 -1 -1 
-1 -1 0 0 0 0 0 1 1 1 1 1 -1 -1 -1 
-1 -1 0 0 0 0 -1 -1 1 1 1 1 -1 -1 -1 
-1 -1 0 0 0 0 -1 -1 1 1 1 1 -1 -1 -1 
-1 -1 0 0 0 0 -1 -1 1 1 1 1 -1 -1 -1 
-1 -1 0 0 0 0 -1 -1 1 1 1 1 -1 -1 -1 
-1 -1 0 0 0 0 -1 -1 1 1 1 1 -1 -1 -1 
-1 -1 0 0 0 0 -1 -1 1 1 1 1 -1 -1 -1 
-1 -1 0 0 0 0 -1 -1 1 1 1 1 -1 -1 -1 
-1 -1 0 0 0 0 -1 -1 1 1 1 1 -1 -1 -1 
-1 -1 0 0 0 0 -1 -1 1 1 1 1 -1 -1 -1 
END
15 0
3 1
6 7
-1 0 0 0 0 0 0 1 1 1 1 1 1 -1 -1 
-1 0 0 0 0 0 0 1 1 1 1 1 1 -1 -1 
-1 0 0 0 0 0 0 1 1 1 1 1 1 -1 -1 
-1 0 0 0 0 0 0 1 1 1 1 1 -1 -1 -1 
-1 -1 0 0 0 0 0 1 1 1 1 1 -1 -1 -1 
-1 -1 0 0 0 0 0 1 1 1 1 1 -1 -1 -1 
-1 -1 0 0 0 0 -1 1 1 1 1 1 -1 -1 -1 
-1 -1 0 0 0 0 -1 -1 1 1 1 1 -1 -1 -1 
-1 -1 0 0 0 0 -1 -1 1 1 1 1 -1 -1 -1 
-1 -1 0 0 0 0 -1 -1 1 1 1 1 -1 -1 -1 
-1 -1 0 0 0 0 -1 -1 1 1 1 1 -1 -1 -1 
-1 -1 0 0 0 0 -1 -1 1 1 1 1 -1 -1 -1 
-1 -1 0 0 0 0 -1 -1 1 1 1 1 -1 -1 -1 
-1 -1 0 0 0 0 -1 -1 1 1 1 1 -1 -1 -1 
-1 -1 0 0 0 0 -1 -1 1 1 1 1 -1 -1 -1 
END
15 0
4 1
7 7
-1 0 0 0 0 0 0 1 1 1 1 1 1 -1 -1 
-1 0 0 0 0 0 0 1 1 1 1 1 1 -1 -1 
-1 0 0 0 0 0 0 1 1 1 1 1 1 -1 -1 
-1 0 0 0 0 0 0 1 1 1 1 1 -1 -1 -1 
-1 0 0 0 0 0 0 1 1 1 1 1 -1 -1 -1 
-1 -1 0 0 0 0 0 1 1 1 1 1 -1 -1 -1 
-1 -1 0 0 0 0 -1 1 1 1 1 1 -1 -1 -1 
-1 -1 0 0 0 0 -1 1 1 1 1 1 -1 -1 -1 
-1 -1 0 0 0 0 -1 -1 1 1 1 1 -1 -1 -1 
-1 -1 0 0 0 0 -1 -1 1 1 1 1 -1 -1 -1 
-1 -1 0 0 0 0 -1 -1 1 1 1 1 -1 -1 -1 
-1 -1 0 0 0 0 -1 -1 1 1 1 1 -1 -1 -1 
-1 -1 0 0 0 0 -1 -1 1 1 1 1 -1 -1 -1 
-1 -1 0 0 0 0 -1 -1 1 1 1 1 -1 -1 -1 
-1 -1 0 0 0 0 -1 -1 1 1 1 1 -1 -1 -1 
END
15 0
5 1
8 7
-1 0 0 0 0 0 0 1 1 1 1 1 1 -1 -1 
-1 0 0 0 0 0 0 1 1 1 1 1 1 -1 -1 
-1 0 0 0 0 0 0 1 1 1 1 1 1 -1 -1 
-1 0 0 0 0 0 0 1 1 1 1 1 -1 -1 -1 
-1 0 0 0 0 0 0 1 1 1 1 1 -1 -1 -1 
-1 0 0 0 0 0 0 1 1 1 1 1 -1 -1 -1 
-1 -1 0 0 0 0 -1 1 1 1 1 1 -1 -1 -1 
-1 -1 0 0 0 0 -1 1 1 1 1 1 -1 -1 -1 
-1 -1 0 0 0 0 -1 1 1 1 1 1 -1 -1 -1 
-1 -1 0 0 0 0 -1 -1 1 1 1 1 -1 -1 -1 
-1 -1 0 0 0 0 -1 -1 1 1 1 1 -1 -1 -1 
-1 -1 0 0 0 0 -1 -1 1 1 1 1 -1 -1 -1 
-1 -1 0 0 0 0 -1 -1 1 1 1 1 -1 -1 -1 
-1 -1 0 0 0 0 -1 -1 1 1 1 1 -1 -1 -1 
-1 -1 0 0 0 0 -1 -1 1 1 1 1 -1 -1 -1 
END
15 0
6 1
9 7
-1 0 0 0 0 0 0 1 1 1 1 1 1 -1 -1 
-1 0 0 0 0 0 0 1 1 1 1 1 1 -1 -1 
-1 0 0 0 0 0 0 1 1 1 1 1 1 -1 -1 
-1 0 0 0 0 0 0 1 1 1 1 1 -1 -1 -1 
-1 0 0 0 0 0 0 1 1 1 1 1 -1 -1 -1 
-1 0 0 0 0 0 0 1 1 1 1 1 -1 -1 -1 
-1 0 0 0 0 0 -1 1 1 1 1 1 -1 -1 -1 
-1 -1 0 0 0 0 -1 1 1 1 1 1 -1 -1 -1 
-1 -1 0 0 0 0 -1 1 1 1 1 1 -1 -1 -1 
-1 -1 0 0 0 0 -1 1 1 1 1 1 -1 -1 -1 
-1 -1 0 0 0 0 -1 -1 1 1 1 1 -1 -1 -1 
-1 -1 0 0 0 0 -1 -1 1 1 1 1 -1 -1 -1 
-1 -1 0 0 0 0 -1 -1 1 1 1 1 -1 -1 -1 
-1 -1 0 0 0 0 -1 -1 1 1 1 1 -1 -1 -1 
-1 -1 0 0 0 0 -1 -1 1 1 1 1 -1 -1 -1 
END
15 0
7 1
10 7
-1 0 0 0 0 0 0 1 1 1 1 1 1 -1 -1 
-1 0 0 0 0 0 0 1 1 1 1 1 1 -1 -1 
-1 0 0 0 0 0 0 1 1 1 1 1 1 -1 -1 
-1 0 0 0 0 0 0 1 1 1 1 1 -1 -1 -1 
-1 0 0 0 0 0 0 1 1 1 1 1 -1 -1 -1 
-1 0 0 0 0 0 0 1 1 1 1 1 -1 -1 -1 
-1 0 0 0 0 0 -1 1 1 1 1 1 -1 -1 -1 
-1 0 0 0 0 0 -1 1 1 1 1 1 -1 -1 -1 
-1 -1 0 0 0 0 -1 1 1 1 1 1 -1 -1 -1 
-1 -1 0 0 0 0 -1 1 1 1 1 1 -1 -1 -1 
-1 -1 0 0 0 0 -1 1 1 1 1 1 -1 -1 -1 
-1 -1 0 0 0 0 -1 -1 1 1 1 1 -1 -1 -1 
-1 -1 0 0 0 0 -1 -1 1 1 1 1 -1 -1 -1 
-1 -1 0 0 0 0 -1 -1 1 1 1 1 -1 -1 -1 
-1 -1 0 0 0 0 -1 -1 1 1 1 1 -1 -1 -1 
END
15 0
8 1
11 7
-1 0 0 0 0 0 0 1 1 1 1 1 1 -1 -1 
-1 0 0 0 0 0 0 1 1 1 1 1 1 -1 -1 
-1 0 0 0 0 0 0 1 1 1 1 1 1 -1 -1 
-1 0 0 0 0 0 0 1 1 1 1 1 -1 -1 -1 
-1 0 0 0 0 0 0 1 1 1 1 1 -1 -1 -1 
-1 0 0 0 0 0 0 1 1 1 1 1 -1 -1 -1 
-1 0 0 0 0 0 -1 1 1 1 1 1 -1 -1 -1 
-1 0 0 0 0 0 -1 1 1 1 1 1 -1 -1 -1 
-1 0 0 0 0 0 -1 1 1 1 1 1 -1 -1 -1 
-1 -1 0 0 0 0 -1 1 1 1 1 1 -1 -1 -1 
-1 -1 0 0 0 0 -1 1 1 1 1 1 -1 -1 -1 
-1 -1 0 0 0 0 -1 1 1 1 1 1 -1 -1 -1 
-1 -1 0 0 0 0 -1 -1 1 1 1 1 -1 -1 -1 
-1 -1 0 0 0 0 -1 -1 1 1 1 1 -1 -1 -1 
-1 -1 0 0 0 0 -1 -1 1 1 1 1 -1 -1 -1 
END
15 0
9 1
12 7
-1 0 0 0 0 0 0 1 1 1 1 1 1 -1 -1 
-1 0 0 0 0 0 0 1 1 1 1 1 1 -1 -1 
-1 0 0 0 0 0 0 1 1 1 1 1 1 -1 -1 
-1 0 0 0 0 0 0 1 1 1 1 1 -1 -1 -1 
-1 0 0 0 0 0 0 1 1 1 1 1 -1 -1 -1 
-1 0 0 0 0 0 0 1 1 1 1 1 -1 -1 -1 
-1 0 0 0 0 0 -1 1 1 1 1 1 -1 -1 -1 
-1 0 0 0 0 0 -1 1 1 1 1 1 -1 -1 -1 
-1 0 0 0 0 0 -1 1 1 1 1 1 -1 -1 -1 
-1 0 0 0 0 0 -1 1 1 1 1 1 -1 -1 -1 
-1 -1 0 0 0 0 -1 1 1 1 1 1 -1 -1 -1 
-1 -1 0 0 0 0 -1 1 1 1 1 1 -1 -1 -1 
-1 -1 0 0 0 0 -1 1 1 1 1 1 -1 -1 -1 
-1 -1 0 0 0 0 -1 -1 1 1 1 1 -1 -1 -1 
-1 -1 0 0 0 0 -1 -1 1 1 1 1 -1 -1 -1 
END
15 0
10 1
13 7
-1 0 0 0 0 0 0 1 1 1 1 1 1 -1 -1 
-1 0 0 0 0 0 0 1 1 1 1 1 1 -1 -1 
-1 0 0 0 0 0 0 1 1 1 1 1 1 -1 -1 
-1 0 0 0 0 0 0 1 1 1 1 1 -1 -1 -1 
-1 0 0 0 0 0 0 1 1 1 1 1 -1 -1 -1 
-1 0 0 0 0 0 0 1 1 1 1 1 -1 -1 -1 
-1 0 0 0 0 0 -1 1 1 1 1 1 -1 -1 -1 
-1 0 0 0 0 0 -1 1 1 1 1 1 -1 -1 -1 
-1 0 0 0 0 0 -1 1 1 1 1 1 -1 -1 -1 
-1 0 0 0 0 0 -1 1 1 1 1 1 -1 -1 -1 
-1 0 0 0 0 0 -1 1 1 1 1 1 -1 -1 -1 
-1 -1 0 0 0 0 -1 1 1 1 1 1 -1 -1 -1 
-1 -1 0 0 0 0 -1 1 1 1 1 1 -1 -1 -1 
-1 -1 0 0 0 0 -1 1 1 1 1 1 -1 -1 -1 
-1 -1 0 0 0 0 -1 -1 1 1 1 1 -1 -1 -1 
END
15 0
11 1
14 7
-1 0 0 0 0 0 0 1 1 1 1 1 1 -1 -1 
-1 0 0 0 0 0 0 1 1 1 1 1 1 -1 -1 
-1 0 0 0 0 0 0 1 1 1 1 1 1 -1 -1 
-1 0 0 0 0 0 0 1 1 1 1 1 -1 -1 -1 
-1 0 0 0 0 0 0 1 1 1 1 1 -1 -1 -1 
-1 0 0 0 0 0 0 1 1 1 1 1 -1 -1 -1 
-1 0 0 0 0 0 -1 1 1 1 1 1 -1 -1 -1 
-1 0 0 0 0 0 -1 1 1 1 1 1 -1 -1 -1 
-1 0 0 0 0 0 -1 1 1 1 1 1 -1 -1 -1 
-1 0 0 0 0 0 -1 1 1 1 1 1 -1 -1 -1 
-1 0 0 0 0 0 -1 1 1 1 1 1 -1 -1 -1 
-1 0 0 0 0 0 -1 1 1 1 1 1 -1 -1 -1 
-1 -1 0 0 0 0 -1 1 1 1 1 1 -1 -1 -1 
-1 -1 0 0 0 0 -1 1 1 1 1 1 -1 -1 -1 
-1 -1 0 0 0 0 -1 1 1 1 1 1 -1 -1 -1 
END
15 0
12 1
14 6
-1 0 0 0 0 0 0 1 1 1 1 1 1 -1 -1 
-1 0 0 0 0 0 0 1 1 1 1 1 1 -1 -1 
-1 0 0 0 0 0 0 1 1 1 1 1 1 -1 -1 
-1 0 0 0 0 0 0 1 1 1 1 1 -1 -1 -1 
-1 0 0 0 0 0 0 1 1 1 1 1 -1 -1 -1 
-1 0 0 0 0 0 0 1 1 1 1 1 -1 -1 -1 
-1 0 0 0 0 0 -1 1 1 1 1 1 -1 -1 -1 
-1 0 0 0 0 0 -1 1 1 1 1 1 -1 -1 -1 
-1 0 0 0 0 0 -1 1 1 1 1 1 -1 -1 -1 
-1 0 0 0 0 0 -1 1 1 1 1 1 -1 -1 -1 
-1 0 0 0 0 0 -1 1 1 1 1 1 -1 -1 -1 
-1 0 0 0 0 0 -1 1 1 1 1 1 -1 -1 -1 
-1 0 0 0 0 0 -1 1 1 1 1 1 -1 -1 -1 
-1 -1 0 0 0 0 -1 1 1 1 1 1 -1 -1 -1 
-1 -1 0 0 0 0 1 1 1 1 1 1 -1 -1 -1 
END
15 0
13 1
13 6
-1 0 0 0 0 0 0 1 1 1 1 1 1 -1 -1 
-1 0 0 0 0 0 0 1 1 1 1 1 1 -1 -1 
-1 0 0 0 0 0 0 1 1 1 1 1 1 -1 -1 
-1 0 0 0 0 0 0 1 1 1 1 1 -1 -1 -1 
-1 0 0 0 0 0 0 1 1 1 1 1 -1 -1 -1 
-1 0 0 0 0 0 0 1 1 1 1 1 -1 -1 -1 
-1 0 0 0 0 0 -1 1 1 1 1 1 -1 -1 -1 
-1 0 0 0 0 0 -1 1 1 1 1 1 -1 -1 -1 
-1 0 0 0 0 0 -1 1 1 1 1 1 -1 -1 -1 
-1 0 0 0 0 0 -1 1 1 1 1 1 -1 -1 -1 
-1 0 0 0 0 0 -1 1 1 1 1 1 -1 -1 -1 
-1 0 0 0 0 0 -1 1 1 1 1 1 -1 -1 -1 
-1 0 0 0 0 0 -1 1 1 1 1 1 -1 -1 -1 
-1 0 0 0 0 0 1 1 1 1 1 1 -1 -1 -1 
-1 -1 0 0 0 0 1 1 1 1 1 1 -1 -1 -1 
END
15 0
14 1
12 6
-1 0 0 0 0 0 0 1 1 1 1 1 1 -1 -1 
-1 0 0 0 0 0 0 1 1 1 1 1 1 -1 -1 
-1 0 0 0 0 0 0 1 1 1 1 1 1 -1 -1 
-1 0 0 0 0 0 0 1 1 1 1 1 -1 -1 -1 
-1 0 0 0 0 0 0 1 1 1 1 1 -1 -1 -1 
-1 0 0 0 0 0 0 1 1 1 1 1 -1 -1 -1 
-1 0 0 0 0 0 -1 1 1 1 1 1 -1 -1 -1 
-1 0 0 0 0 0 -1 1 1 1 1 1 -1 -1 -1 
-1 0 0 0 0 0 -1 1 1 1 1 1 -1 -1 -1 
-1 0 0 0 0 0 -1 1 1 1 1 1 -1 -1 -1 
-1 0 0 0 0 0 -1 1 1 1 1 1 -1 -1 -1 
-1 0 0 0 0 0 -1 1 1 1 1 1 -1 -1 -1 
-1 0 0 0 0 0 1 1 1 1 1 1 -1 -1 -1 
-1 0 0 0 0 0 1 1 1 1 1 1 -1 -1 -1 
-1 0 0 0 0 0 1 1 1 1 1 1 -1 -1 -1 
END
15 0
14 0
11 6
-1 0 0 0 0 0 0 1 1 1 1 1 1 -1 -1 
-1 0 0 0 0 0 0 1 1 1 1 1 1 -1 -1 
-1 0 0 0 0 0 0 1 1 1 1 1 1 -1 -1 
-1 0 0 0 0 0 0 1 1 1 1 1 -1 -1 -1 
-1 0 0 0 0 0 0 1 1 1 1 1 -1 -1 -1 
-1 0 0 0 0 0 0 1 1 1 1 1 -1 -1 -1 
-1 0 0 0 0 0 -1 1 1 1 1 1 -1 -1 -1 
-1 0 0 0 0 0 -1 1 1 1 1 1 -1 -1 -1 
-1 0 0 0 0 0 -1 1 1 1 1 1 -1 -1 -1 
-1 0 0 0 0 0 -1 1 1 1 1 1 -1 -1 -1 
-1 0 0 0 0 0 -1 1 1 1 1 1 -1 -1 -1 
-1 0 0 0 0 0 1 1 1 1 1 1 -1 -1 -1 
-1 0 0 0 0 0 1 1 1 1 1 1 -1 -1 -1 
-1 0 0 0 0 0 1 1 1 1 1 1 -1 -1 -1 
0 0 0 0 0 0 1 1 1 1 1 1 -1 -1 -1 
END
15 0
13 0
10 6
-1 0 0 0 0 0 0 1 1 1 1 1 1 -1 -1 
-1 0 0 0 0 0 0 1 1 1 1 1 1 -1 -1 
-1 0 0 0 0 0 0 1 1 1 1 1 1 -1 -1 
-1 0 0 0 0 0 0 1 1 1 1 1 -1 -1 -1 
-1 0 0 0 0 0 0 1 1 1 1 1 -1 -1 -1 
-1 0 0 0 0 0 0 1 1 1 1 1 -1 -1 -1 
-1 0 0 0 0 0 -1 1 1 1 1 1 -1 -1 -1 
-1 0 0 0 0 0 -1 1 1 1 1 1 -1 -1 -1 
-1 0 0 0 0 0 -1 1 1 1 1 1 -1 -1 -1 
-1 0 0 0 0 0 -1 1 1 1 1 1 -1 -1 -1 
-1 0 0 0 0 0 1 1 1 1 1 1 -1 -1 -1 
-1 0 0 0 0 0 1 1 1 1 1 1 -1 -1 -1 
-1 0 0 0 0 0 1 1 1 1 1 1 -1 -1 -1 
0 0 0 0 0 0 1 1 1 1 1 1 -1 -1 -1 
0 0 0 0 0 0 1 1 1 1 1 1 -1 -1 -1 
END
15 0
12 0
9 6
-1 0 0 0 0 0 0 1 1 1 1 1 1 -1 -1 
-1 0 0 0 0 0 0 1 1 1 1 1 1 -1 -1 
-1 0 0 0 0 0 0 1 1 1 1 1 1 -1 -1 
-1 0 0 0 0 0 0 1 1 1 1 1 -1 -1 -1 
-1 0 0 0 0 0 0 1 1 1 1 1 -1 -1 -1 
-1 0 0 0 0 0 0 1 1 1 1 1 -1 -1 -1 
-1 0 0 0 0 0 -1 1 1 1 1 1 -1 -1 -1 
-1 0 0 0 0 0 -1 1 1 1 1 1 -1 -1 -1 
-1 0 0 0 0 0 -1 1 1 1 1 1 -1 -1 -1 
-1 0 0 0 0 0 1 1 1 1 1 1 -1 -1 -1 
-1 0 0 0 0 0 1 1 1 1 1 1 -1 -1 -1 
-1 0 0 0 0 0 1 1 1 1 1 1 -1 -1 -1 
0 0 0 0 0 0 1 1 1 1 1 1 -1 -1 -1 
0 0 0 0 0 0 1 1 1 1 1 1 -1 -1 -1 
0 0 0 0 0 0 1 1 1 1 1 1 -1 -1 -1 
END
15 0
11 0
8 6
-1 0 0 0 0 0 0 1 1 1 1 1 1 -1 -1 
-1 0 0 0 0 0 0 1 1 1 1 1 1 -1 -1 
-1 0 0 0 0 0 0 1 1 1 1 1 1 -1 -1 
-1 0 0 0 0 0 0 1 1 1 1 1 -1 -1 -1 
-1 0 0 0 0 0 0 1 1 1 1 1 -1 -1 -1 
-1 0 0 0 0 0 0 1 1 1 1 1 -1 -1 -1 
-1 0 0 0 0 0 -1 1 1 1 1 1 -1 -1 -1 
-1 0 0 0 0 0 -1 1 1 1 1 1 -1 -1 -1 
-1 0 0 0 0 0 1 1 1 1 1 1 -1 -1 -1 
-1 0 0 0 0 0 1 1 1 1 1 1 -1 -1 -1 
-1 0 0 0 0 0 1 1 1 1 1 1 -1 -1 -1 
0 0 0 0 0 0 1 1 1 1 1 1 -1 -1 -1 
0 0 0 0 0 0 1 1 1 1 1 1 -1 -1 -1 
0 0 0 0 0 0 1 1 1 1 1 1 -1 -1 -1 
0 0 0 0 0 0 1 1 1 1 1 1 -1 -1 -1 
END
15 0
10 0
7 6
-1 0 0 0 0 0 0 1 1 1 1 1 1 -1 -1 
-1 0 0 0 0 0 0 1 1 1 1 1 1 -1 -1 
-1 0 0 0 0 0 0 1 1 1 1 1 1 -1 -1 
-1 0 0 0 0 0 0 1 1 1 1 1 -1 -1 -1 
-1 0 0 0 0 0 0 1 1 1 1 1 -1 -1 -1 
-1 0 0 0 0 0 0 1 1 1 1 1 -1 -1 -1 
-1 0 0 0 0 0 -1 1 1 1 1 1 -1 -1 -1 
-1 0 0 0 0 0 1 1 1 1 1 1 -1 -1 -1 
-1 0 0 0 0 0 1 1 1 1 1 1 -1 -1 -1 
-1 0 0 0 0 0 1 1 1 1 1 1 -1 -1 -1 
0 0 0 0 0 0 1 1 1 1 1 1 -1 -1 -1 
0 0 0 0 0 0 1 1 1 1 1 1 -1 -1 -1 
0 0 0 0 0 0 1 1 1 1 1 1 -1 -1 -1 
0 0 0 0 0 0 1 1 1 1 1 1 -1 -1 -1 
0 0 0 0 0 0 1 1 1 1 1 1 -1 -1 -1 
END
15 0
9 0
6 6
-1 0 0 0 0 0 0 1 1 1 1 1 1 -1 -1 
-1 0 0 0 0 0 0 1 1 1 1 1 1 -1 -1 
-1 0 0 0 0 0 0 1 1 1 1 1 1 -1 -1 
-1 0 0 0 0 0 0 1 1 1 1 1 -1 -1 -1 
-1 0 0 0 0 0 0 1 1 1 1 1 -1 -1 -1 
-1 0 0 0 0 0 0 1 1 1 1 1 -1 -1 -1 
-1 0 0 0 0 0 1 1 1 1 1 1 -1 -1 -1 
-1 0 0 0 0 0 1 1 1 1 1 1 -1 -1 -1 
-1 0 0 0 0 0 1 1 1 1 1 1 -1 -1 -1 
0 0 0 0 0 0 1 1 1 1 1 1 -1 -1 -1 
0 0 0 0 0 0 1 1 1 1 1 1 -1 -1 -1 
0 0 0 0 0 0 1 1 1 1 1 1 -1 -1 -1 
0 0 0 0 0 0 1 1 1 1 1 1 -1 -1 -1 
0 0 0 0 0 0 1 1 1 1 1 1 -1 -1 -1 
0 0 0 0 0 0 1 1 1 1 1 1 -1 -1 -1 
END
